[[3658881557070069940509730495674596252527783157215018601820417978240571131183919990951972550549935308953708014174009171340691741445135536369766989715386363411629137042539638120425120409351116391619514691789289116161824624965248859742227 0 0 0 0 0 0 0 0 0 0 0 0 0 0 0 0 0 0 0 0 0 0 0 0 0 0 0 0 0 0 0 0 0 0 0 0 0 0 0 0 0 0 0 0 0 0 0 0 0 0 0 0 0 0 0 0 0 0 0 0 0 0 0 0 0 0 0 0 0 0 0 0 0 0 0 0 0]
[2041431283134023944546564346158330285780944555263591104786286968368405483233728790738675332378210281902944478467354132652374443965327401957481352921013219001932399449140833255285375826900454544596403224735733451468794692708726356381798 1 0 0 0 0 0 0 0 0 0 0 0 0 0 0 0 0 0 0 0 0 0 0 0 0 0 0 0 0 0 0 0 0 0 0 0 0 0 0 0 0 0 0 0 0 0 0 0 0 0 0 0 0 0 0 0 0 0 0 0 0 0 0 0 0 0 0 0 0 0 0 0 0 0 0 0 0]
[2731745580841180696017863936769402708176068918605537594181747433174360187849312683085100657134603059220609083373023783934520166714813611762182369393409458770801087605649603174033223472933346842560400303633806966778498214591403018592802 0 1 0 0 0 0 0 0 0 0 0 0 0 0 0 0 0 0 0 0 0 0 0 0 0 0 0 0 0 0 0 0 0 0 0 0 0 0 0 0 0 0 0 0 0 0 0 0 0 0 0 0 0 0 0 0 0 0 0 0 0 0 0 0 0 0 0 0 0 0 0 0 0 0 0 0 0]
[833947345973525924383838128914619714092490158026721215606392418983452079334874591516442305215459240500266021160162031067432354338281257608222761062533494078720803438883116870656207300259878094554848083268624894398731438329139705536533 0 0 1 0 0 0 0 0 0 0 0 0 0 0 0 0 0 0 0 0 0 0 0 0 0 0 0 0 0 0 0 0 0 0 0 0 0 0 0 0 0 0 0 0 0 0 0 0 0 0 0 0 0 0 0 0 0 0 0 0 0 0 0 0 0 0 0 0 0 0 0 0 0 0 0 0 0]
[85505913359237271022387884983049366179565585180398002164859080634636251534318837514739904218408170134002413104357406600260795378659466829804999405735075127610300432213218635855563153841539636317501179668908430156127111957384235217489 0 0 0 1 0 0 0 0 0 0 0 0 0 0 0 0 0 0 0 0 0 0 0 0 0 0 0 0 0 0 0 0 0 0 0 0 0 0 0 0 0 0 0 0 0 0 0 0 0 0 0 0 0 0 0 0 0 0 0 0 0 0 0 0 0 0 0 0 0 0 0 0 0 0 0 0 0]
[2710896470729960260351136494266266411620869808488232664248528920420975931078172221884500183231373383974761325503501170046043072602715639992122282829987225040845457071211298030965026862502522519653551188331285856347969193196581280084017 0 0 0 0 1 0 0 0 0 0 0 0 0 0 0 0 0 0 0 0 0 0 0 0 0 0 0 0 0 0 0 0 0 0 0 0 0 0 0 0 0 0 0 0 0 0 0 0 0 0 0 0 0 0 0 0 0 0 0 0 0 0 0 0 0 0 0 0 0 0 0 0 0 0 0 0 0]
[3426489598421030526109583911678674321759497949666215100818607760186200697033884436070999078933786633531562871462471266078326809493375237858214988759852848358559774782564838446075998836216806413381259745478197941916158797019011786296536 0 0 0 0 0 1 0 0 0 0 0 0 0 0 0 0 0 0 0 0 0 0 0 0 0 0 0 0 0 0 0 0 0 0 0 0 0 0 0 0 0 0 0 0 0 0 0 0 0 0 0 0 0 0 0 0 0 0 0 0 0 0 0 0 0 0 0 0 0 0 0 0 0 0 0 0 0]
[1115821724787142201678876369189261267222310555589413308675627319454080796387032652614048910581497559288986156073841732903031369676380242756199406888908401679355655287792977520066036690703865513820974668271002536482432231533774495214447 0 0 0 0 0 0 1 0 0 0 0 0 0 0 0 0 0 0 0 0 0 0 0 0 0 0 0 0 0 0 0 0 0 0 0 0 0 0 0 0 0 0 0 0 0 0 0 0 0 0 0 0 0 0 0 0 0 0 0 0 0 0 0 0 0 0 0 0 0 0 0 0 0 0 0 0 0]
[17789265692796262247837884797736672549155863296015974538260868028896215857394149137589819972648447254191483842710415213344867064572157389398181939303818450734993428200174296085255724849384892194157521497127683759817953232519496119042 0 0 0 0 0 0 0 1 0 0 0 0 0 0 0 0 0 0 0 0 0 0 0 0 0 0 0 0 0 0 0 0 0 0 0 0 0 0 0 0 0 0 0 0 0 0 0 0 0 0 0 0 0 0 0 0 0 0 0 0 0 0 0 0 0 0 0 0 0 0 0 0 0 0 0 0 0]
[1425595936401191559004875986385312897101675519721795464094322557162646481677200830250830432225299466874207906780612365509796803462555094195947773743903223776694933610665509319354616464623487930986304109453741062235878235447118623116238 0 0 0 0 0 0 0 0 1 0 0 0 0 0 0 0 0 0 0 0 0 0 0 0 0 0 0 0 0 0 0 0 0 0 0 0 0 0 0 0 0 0 0 0 0 0 0 0 0 0 0 0 0 0 0 0 0 0 0 0 0 0 0 0 0 0 0 0 0 0 0 0 0 0 0 0 0]
[980711673706376923151184941824523270007013667721949762129129381687844418756591810658983422860147863238042003366535322846972617665628312488480972917508673560750119106837881301130435705693308903858023808161491385262983517913335360089734 0 0 0 0 0 0 0 0 0 1 0 0 0 0 0 0 0 0 0 0 0 0 0 0 0 0 0 0 0 0 0 0 0 0 0 0 0 0 0 0 0 0 0 0 0 0 0 0 0 0 0 0 0 0 0 0 0 0 0 0 0 0 0 0 0 0 0 0 0 0 0 0 0 0 0 0 0]
[2207466980965121363827208877426664109790195429537585072823466686110872683707702579750000361037194246188277081111257334063874445847351608557427178314614342822188171353064998895256641679807199641129096481480141053116857295348599032975591 0 0 0 0 0 0 0 0 0 0 1 0 0 0 0 0 0 0 0 0 0 0 0 0 0 0 0 0 0 0 0 0 0 0 0 0 0 0 0 0 0 0 0 0 0 0 0 0 0 0 0 0 0 0 0 0 0 0 0 0 0 0 0 0 0 0 0 0 0 0 0 0 0 0 0 0 0]
[2936719116476532438737585548871756849759242071235340342629703858716444110026969391708466719204922571598787818386013580373337609759805543813255612384773681117914467052610838924103503357866018301796773994568947347851980503320360535174735 0 0 0 0 0 0 0 0 0 0 0 1 0 0 0 0 0 0 0 0 0 0 0 0 0 0 0 0 0 0 0 0 0 0 0 0 0 0 0 0 0 0 0 0 0 0 0 0 0 0 0 0 0 0 0 0 0 0 0 0 0 0 0 0 0 0 0 0 0 0 0 0 0 0 0 0 0]
[20396231156474626253369022771242100413231742162361327910454750447840327365910624880126970417573101886096762182670176533910080316120437662499048825874531587872518840303092828983505181284753090015123379672325573308182655932942671152322 0 0 0 0 0 0 0 0 0 0 0 0 1 0 0 0 0 0 0 0 0 0 0 0 0 0 0 0 0 0 0 0 0 0 0 0 0 0 0 0 0 0 0 0 0 0 0 0 0 0 0 0 0 0 0 0 0 0 0 0 0 0 0 0 0 0 0 0 0 0 0 0 0 0 0 0 0]
[1707767286236852524487025241371240782913384275978654904563386142823165019429801646338301604094804274817290142391713677877681142644669480939191988603037241665656489534125227038135574752709150592962575085607134612030089842374129582412034 0 0 0 0 0 0 0 0 0 0 0 0 0 1 0 0 0 0 0 0 0 0 0 0 0 0 0 0 0 0 0 0 0 0 0 0 0 0 0 0 0 0 0 0 0 0 0 0 0 0 0 0 0 0 0 0 0 0 0 0 0 0 0 0 0 0 0 0 0 0 0 0 0 0 0 0 0]
[309948597580511550073545612655016962381439249526991688160083991787484167688380341622524855145182083122059092981204718344801922114760995794031694075923078658296765401224611611218860237419548020638716037675624244522996441334944323422411 0 0 0 0 0 0 0 0 0 0 0 0 0 0 1 0 0 0 0 0 0 0 0 0 0 0 0 0 0 0 0 0 0 0 0 0 0 0 0 0 0 0 0 0 0 0 0 0 0 0 0 0 0 0 0 0 0 0 0 0 0 0 0 0 0 0 0 0 0 0 0 0 0 0 0 0 0]
[1628059806548242149286669055806976026413731409686525072593339714097349493726851704366948137155405770821381144842683470809496089422799938678809394481128423713811051880435954611312449668044589197447035082615110328688481460519375742125763 0 0 0 0 0 0 0 0 0 0 0 0 0 0 0 1 0 0 0 0 0 0 0 0 0 0 0 0 0 0 0 0 0 0 0 0 0 0 0 0 0 0 0 0 0 0 0 0 0 0 0 0 0 0 0 0 0 0 0 0 0 0 0 0 0 0 0 0 0 0 0 0 0 0 0 0 0]
[521896168279037616088021332080573182303504448815789122003964598131891640742933864321268933190458842447280097098744585430318429135634246947178543094893937903427372604041638054706780077358329039273742070550940007230399110186296308182834 0 0 0 0 0 0 0 0 0 0 0 0 0 0 0 0 1 0 0 0 0 0 0 0 0 0 0 0 0 0 0 0 0 0 0 0 0 0 0 0 0 0 0 0 0 0 0 0 0 0 0 0 0 0 0 0 0 0 0 0 0 0 0 0 0 0 0 0 0 0 0 0 0 0 0 0 0]
[2189041299542407445004647279758406334495259844433916152436097490988869071048023019037878532867049996874479371456463810675943603072857592612054926196157252772518310156432608689670058555848015692527720632801809844999643506411416913481907 0 0 0 0 0 0 0 0 0 0 0 0 0 0 0 0 0 1 0 0 0 0 0 0 0 0 0 0 0 0 0 0 0 0 0 0 0 0 0 0 0 0 0 0 0 0 0 0 0 0 0 0 0 0 0 0 0 0 0 0 0 0 0 0 0 0 0 0 0 0 0 0 0 0 0 0 0]
[696476013578728890915998010486804817614804542032335079512544035880396519453276222123177348111126465645530050767523445457384364406702561749591276368447763260811894142736545131302370859597634051588779724062761359642624933194022075216793 0 0 0 0 0 0 0 0 0 0 0 0 0 0 0 0 0 0 1 0 0 0 0 0 0 0 0 0 0 0 0 0 0 0 0 0 0 0 0 0 0 0 0 0 0 0 0 0 0 0 0 0 0 0 0 0 0 0 0 0 0 0 0 0 0 0 0 0 0 0 0 0 0 0 0 0 0]
[60877227755993257735607613981299410515416149562290092336500101456046575793387263324727967586118271294923397188793502870890646032934201848459769045488174590821183837588451452815433587493273847122391337593828297575654218072321343958857 0 0 0 0 0 0 0 0 0 0 0 0 0 0 0 0 0 0 0 1 0 0 0 0 0 0 0 0 0 0 0 0 0 0 0 0 0 0 0 0 0 0 0 0 0 0 0 0 0 0 0 0 0 0 0 0 0 0 0 0 0 0 0 0 0 0 0 0 0 0 0 0 0 0 0 0 0]
[2835359707611567213319695353991709852208819911301992741477547579556575615898652763270753886735193194899426398418103583252075879607286994053798135822544052338685037712766374511062814554126758758469958936112425313509843732822341179095268 0 0 0 0 0 0 0 0 0 0 0 0 0 0 0 0 0 0 0 0 1 0 0 0 0 0 0 0 0 0 0 0 0 0 0 0 0 0 0 0 0 0 0 0 0 0 0 0 0 0 0 0 0 0 0 0 0 0 0 0 0 0 0 0 0 0 0 0 0 0 0 0 0 0 0 0 0]
[1516028145964221558962026286939156586250039757653899369949425706160996931666370954117154684550016364327083899860735032499125645558649952399334429884818360185536180171304380283895755750898493609063236821869967055874005354832509762045810 0 0 0 0 0 0 0 0 0 0 0 0 0 0 0 0 0 0 0 0 0 1 0 0 0 0 0 0 0 0 0 0 0 0 0 0 0 0 0 0 0 0 0 0 0 0 0 0 0 0 0 0 0 0 0 0 0 0 0 0 0 0 0 0 0 0 0 0 0 0 0 0 0 0 0 0 0]
[3200678190492891211569940324063131193217667028330379831812222757269419508095627827003731479270507554910905413549758010303965173374623246723866199431793778960779364729010493823645371659905283348885624581444835824543736867862468675262620 0 0 0 0 0 0 0 0 0 0 0 0 0 0 0 0 0 0 0 0 0 0 1 0 0 0 0 0 0 0 0 0 0 0 0 0 0 0 0 0 0 0 0 0 0 0 0 0 0 0 0 0 0 0 0 0 0 0 0 0 0 0 0 0 0 0 0 0 0 0 0 0 0 0 0 0 0]
[501674990158198099479831714918567180438397400397091443716711352480068393198082063868342824379177713542929218521023254004421125868698214710914949746000460554533028082657441384408639767814896757837331058023409166656304721318220018532043 0 0 0 0 0 0 0 0 0 0 0 0 0 0 0 0 0 0 0 0 0 0 0 1 0 0 0 0 0 0 0 0 0 0 0 0 0 0 0 0 0 0 0 0 0 0 0 0 0 0 0 0 0 0 0 0 0 0 0 0 0 0 0 0 0 0 0 0 0 0 0 0 0 0 0 0 0]
[2639156031262775262335223703670556703283539079946042386380890828287750587124646532491742464330050611206191920847306691145250417872304212325849875554298334199604331750125917506793783327861388839723511907536675960633546480591981024295009 0 0 0 0 0 0 0 0 0 0 0 0 0 0 0 0 0 0 0 0 0 0 0 0 1 0 0 0 0 0 0 0 0 0 0 0 0 0 0 0 0 0 0 0 0 0 0 0 0 0 0 0 0 0 0 0 0 0 0 0 0 0 0 0 0 0 0 0 0 0 0 0 0 0 0 0 0]
[3620882090762516986481643312479459368170717340892261549503758420291187153876261756941700297436065097041434855500372099597008809696398530797637766285183445520617247992489003788584043137308267936053241610984917176181284547648285275900048 0 0 0 0 0 0 0 0 0 0 0 0 0 0 0 0 0 0 0 0 0 0 0 0 0 1 0 0 0 0 0 0 0 0 0 0 0 0 0 0 0 0 0 0 0 0 0 0 0 0 0 0 0 0 0 0 0 0 0 0 0 0 0 0 0 0 0 0 0 0 0 0 0 0 0 0 0]
[2059871404315632770597880862206944726727907595609898668313134329051496207727387426400708991027174533995008077282287181525064334354005285951652974251289295081753514170892070576506835609717550020600319282031046796198903105721937080149870 0 0 0 0 0 0 0 0 0 0 0 0 0 0 0 0 0 0 0 0 0 0 0 0 0 0 1 0 0 0 0 0 0 0 0 0 0 0 0 0 0 0 0 0 0 0 0 0 0 0 0 0 0 0 0 0 0 0 0 0 0 0 0 0 0 0 0 0 0 0 0 0 0 0 0 0 0]
[2477177214733401643385494149658654948810898660237702623371285686047376349330557605676819391337296638961238774351942835255660687304803055390949124102440096426002099557386072339562257160956035145188473357475264122223639258897009184262817 0 0 0 0 0 0 0 0 0 0 0 0 0 0 0 0 0 0 0 0 0 0 0 0 0 0 0 1 0 0 0 0 0 0 0 0 0 0 0 0 0 0 0 0 0 0 0 0 0 0 0 0 0 0 0 0 0 0 0 0 0 0 0 0 0 0 0 0 0 0 0 0 0 0 0 0 0]
[810685571279349635695513184958779242329244212101783446202349412460215067153278696186582202033843121837242055439224709836766800392336043421513424800155222810935858745968046055630973139430394054961000849738877887766217052100483275742453 0 0 0 0 0 0 0 0 0 0 0 0 0 0 0 0 0 0 0 0 0 0 0 0 0 0 0 0 1 0 0 0 0 0 0 0 0 0 0 0 0 0 0 0 0 0 0 0 0 0 0 0 0 0 0 0 0 0 0 0 0 0 0 0 0 0 0 0 0 0 0 0 0 0 0 0 0]
[2847214269210218064836648191904641827006884265162647454332250230042520887735727449098155658787090836213255661131042702930427351537627175098017039514913791986416487417979274356392590771449077567901119154382367666434807722813673825247855 0 0 0 0 0 0 0 0 0 0 0 0 0 0 0 0 0 0 0 0 0 0 0 0 0 0 0 0 0 1 0 0 0 0 0 0 0 0 0 0 0 0 0 0 0 0 0 0 0 0 0 0 0 0 0 0 0 0 0 0 0 0 0 0 0 0 0 0 0 0 0 0 0 0 0 0 0]
[2193210317437111766837204467175280770708172405882993494533188360084071040278679682443937060444972744682081486414542877454158980263316542406334223303075401531057762844613147429706601737703919250878491704227600783460295935058860544246889 0 0 0 0 0 0 0 0 0 0 0 0 0 0 0 0 0 0 0 0 0 0 0 0 0 0 0 0 0 0 1 0 0 0 0 0 0 0 0 0 0 0 0 0 0 0 0 0 0 0 0 0 0 0 0 0 0 0 0 0 0 0 0 0 0 0 0 0 0 0 0 0 0 0 0 0 0]
[1450776447964504279431191488863855793645722460461835166284686472511457727160186098673849795043314796219755622146477833919615655039322080485085071795660378111721920241877195062244281488655135623666657920081021723370021389277680866549195 0 0 0 0 0 0 0 0 0 0 0 0 0 0 0 0 0 0 0 0 0 0 0 0 0 0 0 0 0 0 0 1 0 0 0 0 0 0 0 0 0 0 0 0 0 0 0 0 0 0 0 0 0 0 0 0 0 0 0 0 0 0 0 0 0 0 0 0 0 0 0 0 0 0 0 0 0]
[1379886913924125892484236639621903846301241713478131032717836650750232926541959499786562382929790958886872938633297696808731295710367628057295530419884946811067812852306652321096780170601059260025126652240657902574654475109872580140189 0 0 0 0 0 0 0 0 0 0 0 0 0 0 0 0 0 0 0 0 0 0 0 0 0 0 0 0 0 0 0 0 1 0 0 0 0 0 0 0 0 0 0 0 0 0 0 0 0 0 0 0 0 0 0 0 0 0 0 0 0 0 0 0 0 0 0 0 0 0 0 0 0 0 0 0 0]
[1148683475740886111706078394830701034097771653208505808578435178373072837490828254971945238454362190089445010060062674755439035979993840016194780143970105591378180429922230647335559301876246389262009836717587648662082948710881914915441 0 0 0 0 0 0 0 0 0 0 0 0 0 0 0 0 0 0 0 0 0 0 0 0 0 0 0 0 0 0 0 0 0 1 0 0 0 0 0 0 0 0 0 0 0 0 0 0 0 0 0 0 0 0 0 0 0 0 0 0 0 0 0 0 0 0 0 0 0 0 0 0 0 0 0 0 0]
[3235590893779914943184961209307256538094426257888212226333627955234146733688208548048718125449428732854650032707095433632794037399719090986430198888129303921506735006668508051085602387237087859787623359163477381736999507776156102831648 0 0 0 0 0 0 0 0 0 0 0 0 0 0 0 0 0 0 0 0 0 0 0 0 0 0 0 0 0 0 0 0 0 0 1 0 0 0 0 0 0 0 0 0 0 0 0 0 0 0 0 0 0 0 0 0 0 0 0 0 0 0 0 0 0 0 0 0 0 0 0 0 0 0 0 0 0]
[2635474623341016080908675157288409938557340701747671862630081622083586653733960368471937084294453530019817561320060575304128108672994647784601993043110415742537339444659625691213487501203046193712273692669568310000687103099429282098182 0 0 0 0 0 0 0 0 0 0 0 0 0 0 0 0 0 0 0 0 0 0 0 0 0 0 0 0 0 0 0 0 0 0 0 1 0 0 0 0 0 0 0 0 0 0 0 0 0 0 0 0 0 0 0 0 0 0 0 0 0 0 0 0 0 0 0 0 0 0 0 0 0 0 0 0 0]
[3552559573792583396668863433077022718511086638639946439086787780158400172929373856544787543601529086184853336598768545605773777093219253062038095780963188141200813712939581779035275274428372993253662035829449942378343415979649959927334 0 0 0 0 0 0 0 0 0 0 0 0 0 0 0 0 0 0 0 0 0 0 0 0 0 0 0 0 0 0 0 0 0 0 0 0 1 0 0 0 0 0 0 0 0 0 0 0 0 0 0 0 0 0 0 0 0 0 0 0 0 0 0 0 0 0 0 0 0 0 0 0 0 0 0 0 0]
[2709652293880113623670943826281939342741112934526351445674482654935150451644328914333275365254613434346817394034645069931017653987695065899316539039862557940534933124066878501274976584363117740967499887824623978026442752511441385469941 0 0 0 0 0 0 0 0 0 0 0 0 0 0 0 0 0 0 0 0 0 0 0 0 0 0 0 0 0 0 0 0 0 0 0 0 0 1 0 0 0 0 0 0 0 0 0 0 0 0 0 0 0 0 0 0 0 0 0 0 0 0 0 0 0 0 0 0 0 0 0 0 0 0 0 0 0]
[1091106116984164395268848075748039287897218599952397111534988985496354905539919963453563916998777284780068695307235905529217804445624364849168157360446418553560414499617065472907406183713087431020756593771610063850463056900076522863579 0 0 0 0 0 0 0 0 0 0 0 0 0 0 0 0 0 0 0 0 0 0 0 0 0 0 0 0 0 0 0 0 0 0 0 0 0 0 1 0 0 0 0 0 0 0 0 0 0 0 0 0 0 0 0 0 0 0 0 0 0 0 0 0 0 0 0 0 0 0 0 0 0 0 0 0 0]
[1043370963651012187415848598210789454659063680206674717265430320853667265543171392524497450676346704043889639236768630709676063549988824830482324758173758027001772465654033169260435287800638510292952014037428231360552567191007463401969 0 0 0 0 0 0 0 0 0 0 0 0 0 0 0 0 0 0 0 0 0 0 0 0 0 0 0 0 0 0 0 0 0 0 0 0 0 0 0 1 0 0 0 0 0 0 0 0 0 0 0 0 0 0 0 0 0 0 0 0 0 0 0 0 0 0 0 0 0 0 0 0 0 0 0 0 0]
[1899196034854103333744440334885716501559798699968862442676755521953221038327332770114711278682398491643301220435966193841045398509939594978762276458307622459626327723057127718630338373331734758452546193144454704077681117637275880338664 0 0 0 0 0 0 0 0 0 0 0 0 0 0 0 0 0 0 0 0 0 0 0 0 0 0 0 0 0 0 0 0 0 0 0 0 0 0 0 0 1 0 0 0 0 0 0 0 0 0 0 0 0 0 0 0 0 0 0 0 0 0 0 0 0 0 0 0 0 0 0 0 0 0 0 0 0]
[39194247106014508057337073728916043970508465259332061131005748478878467340846138772024333271974258089467975346289642088829292019837251059714313008767171757625937004971031400474171751194592470326523928454419551361878600970842045392042 0 0 0 0 0 0 0 0 0 0 0 0 0 0 0 0 0 0 0 0 0 0 0 0 0 0 0 0 0 0 0 0 0 0 0 0 0 0 0 0 0 1 0 0 0 0 0 0 0 0 0 0 0 0 0 0 0 0 0 0 0 0 0 0 0 0 0 0 0 0 0 0 0 0 0 0 0]
[381286506619497208535402545787853009936360008982700141300150866784872981990842595708616602077210802596171180282093312598778435975367055587008304948586950003244432210673671890547472155550352925794232346916372687504992671054263780774253 0 0 0 0 0 0 0 0 0 0 0 0 0 0 0 0 0 0 0 0 0 0 0 0 0 0 0 0 0 0 0 0 0 0 0 0 0 0 0 0 0 0 1 0 0 0 0 0 0 0 0 0 0 0 0 0 0 0 0 0 0 0 0 0 0 0 0 0 0 0 0 0 0 0 0 0 0]
[2943803374351101262305096406195807609400904627815966256625494150097515428414211882504912248078941194288468262614604289846350225505866914254557031633375164321252297507022673283686426676480363626725313715608664281946888723573017398347793 0 0 0 0 0 0 0 0 0 0 0 0 0 0 0 0 0 0 0 0 0 0 0 0 0 0 0 0 0 0 0 0 0 0 0 0 0 0 0 0 0 0 0 1 0 0 0 0 0 0 0 0 0 0 0 0 0 0 0 0 0 0 0 0 0 0 0 0 0 0 0 0 0 0 0 0 0]
[2548780594052185860743398663549695256191761156306689796730637577077548889148058447032825234152983162382144388820108808542639795074992268880393638909887951759029432655912344573603692492022870669587197095224414597946740866869572144183906 0 0 0 0 0 0 0 0 0 0 0 0 0 0 0 0 0 0 0 0 0 0 0 0 0 0 0 0 0 0 0 0 0 0 0 0 0 0 0 0 0 0 0 0 1 0 0 0 0 0 0 0 0 0 0 0 0 0 0 0 0 0 0 0 0 0 0 0 0 0 0 0 0 0 0 0 0]
[1222551188907106647807971457634781867641366197472435910674306448626638066018555496501089216172205220039370511813200027688646442741063244924838500739717369142959640455525216342755125693332994621057011245617611175807640373340621819851612 0 0 0 0 0 0 0 0 0 0 0 0 0 0 0 0 0 0 0 0 0 0 0 0 0 0 0 0 0 0 0 0 0 0 0 0 0 0 0 0 0 0 0 0 0 1 0 0 0 0 0 0 0 0 0 0 0 0 0 0 0 0 0 0 0 0 0 0 0 0 0 0 0 0 0 0 0]
[1321834438251718093595649927153845542983273119317286523812403275607105644471117858127816311907038335252577598066582963853822894538757992427501679510917119229967464655984315529812490866193558638628054902598569561206628417413578054507326 0 0 0 0 0 0 0 0 0 0 0 0 0 0 0 0 0 0 0 0 0 0 0 0 0 0 0 0 0 0 0 0 0 0 0 0 0 0 0 0 0 0 0 0 0 0 1 0 0 0 0 0 0 0 0 0 0 0 0 0 0 0 0 0 0 0 0 0 0 0 0 0 0 0 0 0 0]
[3075094288279826820176743555274859517042246536841150707840909834401810546633976354663582574881456304903272877235522221270220940448168344039308219153510807940033971315899263897163739021455813984731756519791663425632100170735380160627981 0 0 0 0 0 0 0 0 0 0 0 0 0 0 0 0 0 0 0 0 0 0 0 0 0 0 0 0 0 0 0 0 0 0 0 0 0 0 0 0 0 0 0 0 0 0 0 1 0 0 0 0 0 0 0 0 0 0 0 0 0 0 0 0 0 0 0 0 0 0 0 0 0 0 0 0 0]
[2436053508404514832240026225521690616074390989341879622967239526402851254360853462962917958053556475732044502849453026206490414499667770171274446243628193366460653036334250273474096140494158389758451320537707476880779738615730167185633 0 0 0 0 0 0 0 0 0 0 0 0 0 0 0 0 0 0 0 0 0 0 0 0 0 0 0 0 0 0 0 0 0 0 0 0 0 0 0 0 0 0 0 0 0 0 0 0 1 0 0 0 0 0 0 0 0 0 0 0 0 0 0 0 0 0 0 0 0 0 0 0 0 0 0 0 0]
[3548930353930412010799521261816405638372801616954467537877148459287656729108012814352159485554703434074195915299278659263771127682493200733882518421260904056801243694244623093539412832979585717122965018716691868088292971837413070932640 0 0 0 0 0 0 0 0 0 0 0 0 0 0 0 0 0 0 0 0 0 0 0 0 0 0 0 0 0 0 0 0 0 0 0 0 0 0 0 0 0 0 0 0 0 0 0 0 0 1 0 0 0 0 0 0 0 0 0 0 0 0 0 0 0 0 0 0 0 0 0 0 0 0 0 0 0]
[1715484605073701058584122678854551909308393021628273297890934480582486874659561165163853478807496632611599045486850320531708068088040459440541439592607069461944114087446731345218225767299054202975587798712284418251323209384774930390597 0 0 0 0 0 0 0 0 0 0 0 0 0 0 0 0 0 0 0 0 0 0 0 0 0 0 0 0 0 0 0 0 0 0 0 0 0 0 0 0 0 0 0 0 0 0 0 0 0 0 1 0 0 0 0 0 0 0 0 0 0 0 0 0 0 0 0 0 0 0 0 0 0 0 0 0 0]
[2731310423788442399197706090563850661198234371698386029060222690513166177942547595173013395430065729632667287591747668396161367746443712838620475411581868062758653067628020803839048679257134376220682715075052326432653439887115649062730 0 0 0 0 0 0 0 0 0 0 0 0 0 0 0 0 0 0 0 0 0 0 0 0 0 0 0 0 0 0 0 0 0 0 0 0 0 0 0 0 0 0 0 0 0 0 0 0 0 0 0 1 0 0 0 0 0 0 0 0 0 0 0 0 0 0 0 0 0 0 0 0 0 0 0 0 0]
[1510748102910772282436517965454812415675528917311184967954136568976376068457060198820943484353235300011997886695239414493837137622268020567666867816933111342571985512231507022194209696126013669389371270326241652605270453553788608932353 0 0 0 0 0 0 0 0 0 0 0 0 0 0 0 0 0 0 0 0 0 0 0 0 0 0 0 0 0 0 0 0 0 0 0 0 0 0 0 0 0 0 0 0 0 0 0 0 0 0 0 0 1 0 0 0 0 0 0 0 0 0 0 0 0 0 0 0 0 0 0 0 0 0 0 0 0]
[2742018334789690882870970190138257543549555032605396614514656629494325227007239350920624223642205075562599316138661688017230502598880852569000934118104454180303859678320520019109038641153473590624130604025050091355385853587173198302343 0 0 0 0 0 0 0 0 0 0 0 0 0 0 0 0 0 0 0 0 0 0 0 0 0 0 0 0 0 0 0 0 0 0 0 0 0 0 0 0 0 0 0 0 0 0 0 0 0 0 0 0 0 1 0 0 0 0 0 0 0 0 0 0 0 0 0 0 0 0 0 0 0 0 0 0 0]
[3379115863284891500311127400329786260849881280011776103265701879672116406381724000833131306228974667470727659788359580849800938725947448683720213583760080250286771370363160832141809851894980673466633424074829343831074180702294983685008 0 0 0 0 0 0 0 0 0 0 0 0 0 0 0 0 0 0 0 0 0 0 0 0 0 0 0 0 0 0 0 0 0 0 0 0 0 0 0 0 0 0 0 0 0 0 0 0 0 0 0 0 0 0 1 0 0 0 0 0 0 0 0 0 0 0 0 0 0 0 0 0 0 0 0 0 0]
[2906430812685791618507259739143231846870645470652158527604931784139416262938317852103701640361220994345431729361820315104590403243826262636144484767119350052270536610748368467863493453686426576653528101983686221758389375635701680999420 0 0 0 0 0 0 0 0 0 0 0 0 0 0 0 0 0 0 0 0 0 0 0 0 0 0 0 0 0 0 0 0 0 0 0 0 0 0 0 0 0 0 0 0 0 0 0 0 0 0 0 0 0 0 0 1 0 0 0 0 0 0 0 0 0 0 0 0 0 0 0 0 0 0 0 0 0]
[1006263018387194401063996565274916155430648582318247167552612706659531132175726423750270221720815879326989883207459491891273681474327071388392132189297348557751242087513238530366265964357967224702583870733711546644561803522801632050368 0 0 0 0 0 0 0 0 0 0 0 0 0 0 0 0 0 0 0 0 0 0 0 0 0 0 0 0 0 0 0 0 0 0 0 0 0 0 0 0 0 0 0 0 0 0 0 0 0 0 0 0 0 0 0 0 1 0 0 0 0 0 0 0 0 0 0 0 0 0 0 0 0 0 0 0 0]
[998186322871961090975171154872728845559174851678297989159251272780531772095643094765433376248979358827164986032887593128592689950219534298919375218768878756129232560309457399009502095021374795618822287081246651291234719943778449373197 0 0 0 0 0 0 0 0 0 0 0 0 0 0 0 0 0 0 0 0 0 0 0 0 0 0 0 0 0 0 0 0 0 0 0 0 0 0 0 0 0 0 0 0 0 0 0 0 0 0 0 0 0 0 0 0 0 1 0 0 0 0 0 0 0 0 0 0 0 0 0 0 0 0 0 0 0]
[2596690520330810727471882647730717966644313554889697743351739979264933300199740718207452775258986771308484473599392664647151880409745333581005487584664890301703908004636465893316023543023353412272411540855040388782325820061495570648068 0 0 0 0 0 0 0 0 0 0 0 0 0 0 0 0 0 0 0 0 0 0 0 0 0 0 0 0 0 0 0 0 0 0 0 0 0 0 0 0 0 0 0 0 0 0 0 0 0 0 0 0 0 0 0 0 0 0 1 0 0 0 0 0 0 0 0 0 0 0 0 0 0 0 0 0 0]
[1668252648941643042469402216412857102120299213253366929666670948922674552097009453046051067525989673949489199156336551177251025757162026101245794182428927020958717514920764324050546251596041810510577295277831721303156469978476079047210 0 0 0 0 0 0 0 0 0 0 0 0 0 0 0 0 0 0 0 0 0 0 0 0 0 0 0 0 0 0 0 0 0 0 0 0 0 0 0 0 0 0 0 0 0 0 0 0 0 0 0 0 0 0 0 0 0 0 0 1 0 0 0 0 0 0 0 0 0 0 0 0 0 0 0 0 0]
[1731162251094385810378239129128120320865689046072621881635397098451135703733980837090370360550129458754619935189018386897150557438487582131728161098796712022100118581629331030577017890258208155818893129603970705757335347112506273379026 0 0 0 0 0 0 0 0 0 0 0 0 0 0 0 0 0 0 0 0 0 0 0 0 0 0 0 0 0 0 0 0 0 0 0 0 0 0 0 0 0 0 0 0 0 0 0 0 0 0 0 0 0 0 0 0 0 0 0 0 1 0 0 0 0 0 0 0 0 0 0 0 0 0 0 0 0]
[1164318118582819065938419762753607877625736392305977892254620721796876773333604366710267314829503608068967075825387038858248809270181294746371338194025516311959458982174839833513042813560067751389906602840416078042742992300676547036988 0 0 0 0 0 0 0 0 0 0 0 0 0 0 0 0 0 0 0 0 0 0 0 0 0 0 0 0 0 0 0 0 0 0 0 0 0 0 0 0 0 0 0 0 0 0 0 0 0 0 0 0 0 0 0 0 0 0 0 0 0 1 0 0 0 0 0 0 0 0 0 0 0 0 0 0 0]
[1950131189665026511714449334527696155110064210830003145271294888866327029747921539140376421820546830022988206192060092796435708396873078279262345661825147476637349851508694956920239002149653752271136830036682829283462146278194236914322 0 0 0 0 0 0 0 0 0 0 0 0 0 0 0 0 0 0 0 0 0 0 0 0 0 0 0 0 0 0 0 0 0 0 0 0 0 0 0 0 0 0 0 0 0 0 0 0 0 0 0 0 0 0 0 0 0 0 0 0 0 0 1 0 0 0 0 0 0 0 0 0 0 0 0 0 0]
[222546711538650655240835694918386411607881320176583663838746561818068007723554028755566234091048037193797938801748897716029295641033908581899411804500259464940266799125005332726570541036878367979157354462136749583695538856735099488670 0 0 0 0 0 0 0 0 0 0 0 0 0 0 0 0 0 0 0 0 0 0 0 0 0 0 0 0 0 0 0 0 0 0 0 0 0 0 0 0 0 0 0 0 0 0 0 0 0 0 0 0 0 0 0 0 0 0 0 0 0 0 0 1 0 0 0 0 0 0 0 0 0 0 0 0 0]
[2892536477637681887497186822588493881041058079444121896060023626680075287375362251421199874661376287071711966135816967296864034808494178643662402712380413359833483533745916556120141437373182753901230648221826126462286951990012775515337 0 0 0 0 0 0 0 0 0 0 0 0 0 0 0 0 0 0 0 0 0 0 0 0 0 0 0 0 0 0 0 0 0 0 0 0 0 0 0 0 0 0 0 0 0 0 0 0 0 0 0 0 0 0 0 0 0 0 0 0 0 0 0 0 1 0 0 0 0 0 0 0 0 0 0 0 0]
[3034298022242939111714431365948472767557529221289095166972871590534440266842088629957719719850711966328633324185598744585555248766909493194686960564734438232254154685321082172280374643441187611900445362156461613343310195423225656083321 0 0 0 0 0 0 0 0 0 0 0 0 0 0 0 0 0 0 0 0 0 0 0 0 0 0 0 0 0 0 0 0 0 0 0 0 0 0 0 0 0 0 0 0 0 0 0 0 0 0 0 0 0 0 0 0 0 0 0 0 0 0 0 0 0 1 0 0 0 0 0 0 0 0 0 0 0]
[608244981820740876352280420202812833513173951456888236066014947239943136371024150756648708222624271500560201422432353794681207348575099356693637008986974168445293462387056759295101109078007299112953688219212063649316308076300018600731 0 0 0 0 0 0 0 0 0 0 0 0 0 0 0 0 0 0 0 0 0 0 0 0 0 0 0 0 0 0 0 0 0 0 0 0 0 0 0 0 0 0 0 0 0 0 0 0 0 0 0 0 0 0 0 0 0 0 0 0 0 0 0 0 0 0 1 0 0 0 0 0 0 0 0 0 0]
[2246948037664223226711932553435514766650577157048229656497594633534896243062993759096237095016577742714050822959592566548554849881863136783474176618402881269162179809109776663559730840548791067849579038917429764202929885285674714907790 0 0 0 0 0 0 0 0 0 0 0 0 0 0 0 0 0 0 0 0 0 0 0 0 0 0 0 0 0 0 0 0 0 0 0 0 0 0 0 0 0 0 0 0 0 0 0 0 0 0 0 0 0 0 0 0 0 0 0 0 0 0 0 0 0 0 0 1 0 0 0 0 0 0 0 0 0]
[1091098701512304396374412875211061802517324723173874615578082842329331453764229200332314727171227290987933021274654125346924850737429432345599635210299065738141992256145557331418582837849516186054235798273054028420221143037045972599142 0 0 0 0 0 0 0 0 0 0 0 0 0 0 0 0 0 0 0 0 0 0 0 0 0 0 0 0 0 0 0 0 0 0 0 0 0 0 0 0 0 0 0 0 0 0 0 0 0 0 0 0 0 0 0 0 0 0 0 0 0 0 0 0 0 0 0 0 1 0 0 0 0 0 0 0 0]
[2530418004217958404738145821116507077390040198081134772979443700142773875661491395297556658714230222747309800047116034797085229450126837214988782579580248489550723250021806341741574134343550017401182590031304709743721840597704585704834 0 0 0 0 0 0 0 0 0 0 0 0 0 0 0 0 0 0 0 0 0 0 0 0 0 0 0 0 0 0 0 0 0 0 0 0 0 0 0 0 0 0 0 0 0 0 0 0 0 0 0 0 0 0 0 0 0 0 0 0 0 0 0 0 0 0 0 0 0 1 0 0 0 0 0 0 0]
[330707771791079298097206649431318076687407396947497139119156576565387719479300995253796607481536729603018671404061527869160201595839157508570047424567035219095468353175542665426821162863773528943751280667342552924458932766484586456276 0 0 0 0 0 0 0 0 0 0 0 0 0 0 0 0 0 0 0 0 0 0 0 0 0 0 0 0 0 0 0 0 0 0 0 0 0 0 0 0 0 0 0 0 0 0 0 0 0 0 0 0 0 0 0 0 0 0 0 0 0 0 0 0 0 0 0 0 0 0 1 0 0 0 0 0 0]
[3093472182670242113732199371765809926408116163291013898201462795482294895993448737764946623153446701930252934563492042006900910289172396145531236738803204890649864077347090083227529253914056972438302091620372914164762134204679498004115 0 0 0 0 0 0 0 0 0 0 0 0 0 0 0 0 0 0 0 0 0 0 0 0 0 0 0 0 0 0 0 0 0 0 0 0 0 0 0 0 0 0 0 0 0 0 0 0 0 0 0 0 0 0 0 0 0 0 0 0 0 0 0 0 0 0 0 0 0 0 0 1 0 0 0 0 0]
[294691785018541012078286896200127033943811864742730720223319297211881283496539760231346103230935688267485645076539527808845022921474346335863403570097509081998704384959073394353555252405874936286994705804794273027965344185478878976656 0 0 0 0 0 0 0 0 0 0 0 0 0 0 0 0 0 0 0 0 0 0 0 0 0 0 0 0 0 0 0 0 0 0 0 0 0 0 0 0 0 0 0 0 0 0 0 0 0 0 0 0 0 0 0 0 0 0 0 0 0 0 0 0 0 0 0 0 0 0 0 0 1 0 0 0 0]
[2277372002317800543883463744665786786670955789411555851963770074005363462818048310006146725623311667480287922713619785105672314687987274278379641392089853826511423708294060435751991394436716491484647378862719788824381471546345281976184 0 0 0 0 0 0 0 0 0 0 0 0 0 0 0 0 0 0 0 0 0 0 0 0 0 0 0 0 0 0 0 0 0 0 0 0 0 0 0 0 0 0 0 0 0 0 0 0 0 0 0 0 0 0 0 0 0 0 0 0 0 0 0 0 0 0 0 0 0 0 0 0 0 1 0 0 0]
[3590484464048736985344634279829685667932850408819472909020608120430533042667654862181548722046219617626708961696326306708057438410172058690968513767562860220769691671982466869010473236231837367929273626247523031431331480728428357572099 0 0 0 0 0 0 0 0 0 0 0 0 0 0 0 0 0 0 0 0 0 0 0 0 0 0 0 0 0 0 0 0 0 0 0 0 0 0 0 0 0 0 0 0 0 0 0 0 0 0 0 0 0 0 0 0 0 0 0 0 0 0 0 0 0 0 0 0 0 0 0 0 0 0 1 0 0]
[2872392155677847304762761598102986507332945383329069589222557446661961227524244207057166542981660329649265472399201201013219905617338816691841137047193810564418090917792864191347196115921306769140526255678741331011562625504979040769165 0 0 0 0 0 0 0 0 0 0 0 0 0 0 0 0 0 0 0 0 0 0 0 0 0 0 0 0 0 0 0 0 0 0 0 0 0 0 0 0 0 0 0 0 0 0 0 0 0 0 0 0 0 0 0 0 0 0 0 0 0 0 0 0 0 0 0 0 0 0 0 0 0 0 0 1 0]
[511757887289126552889994326268421421029263197473408033715036563774329212784961252123874778452802738182684022578238461998301850379120302091655730820896249812967401803719603178222500670210589434229698107849203054883113370671605020837126 0 0 0 0 0 0 0 0 0 0 0 0 0 0 0 0 0 0 0 0 0 0 0 0 0 0 0 0 0 0 0 0 0 0 0 0 0 0 0 0 0 0 0 0 0 0 0 0 0 0 0 0 0 0 0 0 0 0 0 0 0 0 0 0 0 0 0 0 0 0 0 0 0 0 0 0 1]
]
78 79 4
[1 1 1 1 1 1 1 1 1 1 1 1 1 1 1 1 1 1 1 1 1 1 1 1 1 1 1 1 1 1 1 1 1 1 1 1 1 1 1 1 1 1 1 1 1 1 1 1 1 1 1 1 1 1 1 1 1 1 1 1 1 1 1 1 1 1 1 1 1 1 1 1 1 1 1 1 1 1 1]
