[[3804831375669231276247028214711766403455480948505362793265972940030826583390828013423623573513108574099744281485406423250616257101071609666632224129311600989212041853343222345580121955711584912542637169887884500281721363502320641767941 0 0 0 0 0 0 0 0 0 0 0 0 0 0 0 0 0 0 0 0 0 0 0 0 0 0 0 0 0 0 0 0 0 0 0 0 0 0 0 0 0 0 0 0 0 0 0 0 0 0 0 0 0 0 0 0 0 0 0 0 0 0 0 0 0 0 0 0 0 0 0 0 0 0 0 0 0]
[254084137243149719977097044364796643192523370777332323509861025017748452189703275868369753902100036322914302811945648684607929480522092657281565961254349299045929763883308352062545473611686362487238405807163521695753138908897362220682 1 0 0 0 0 0 0 0 0 0 0 0 0 0 0 0 0 0 0 0 0 0 0 0 0 0 0 0 0 0 0 0 0 0 0 0 0 0 0 0 0 0 0 0 0 0 0 0 0 0 0 0 0 0 0 0 0 0 0 0 0 0 0 0 0 0 0 0 0 0 0 0 0 0 0 0 0]
[554583797592345605503873329280647574624034476144333366142028486595198381908577714845127778948731519932861681529840031823241321983210701434092451721270715951652216492948407079940282862894316479342068416603605741328049118430196960923176 0 1 0 0 0 0 0 0 0 0 0 0 0 0 0 0 0 0 0 0 0 0 0 0 0 0 0 0 0 0 0 0 0 0 0 0 0 0 0 0 0 0 0 0 0 0 0 0 0 0 0 0 0 0 0 0 0 0 0 0 0 0 0 0 0 0 0 0 0 0 0 0 0 0 0 0 0]
[737953067345131143374736243150220601922720282238584588076418214028883710034986067274376765601351760026399625255638752150166888386055490152151607177763933705021516110236448157864690109692494332099565915220754561812404932038819691229553 0 0 1 0 0 0 0 0 0 0 0 0 0 0 0 0 0 0 0 0 0 0 0 0 0 0 0 0 0 0 0 0 0 0 0 0 0 0 0 0 0 0 0 0 0 0 0 0 0 0 0 0 0 0 0 0 0 0 0 0 0 0 0 0 0 0 0 0 0 0 0 0 0 0 0 0 0]
[818390761997582923680419791313158636339726630074479076950632275134320262358125067040281681789681874742662758488038220496522142051069403310383147854168058674231537565901948852725568538020955014257844778084423137505699663911664616497777 0 0 0 1 0 0 0 0 0 0 0 0 0 0 0 0 0 0 0 0 0 0 0 0 0 0 0 0 0 0 0 0 0 0 0 0 0 0 0 0 0 0 0 0 0 0 0 0 0 0 0 0 0 0 0 0 0 0 0 0 0 0 0 0 0 0 0 0 0 0 0 0 0 0 0 0 0]
[932785887302639911539596754652640830648841951767578460818959780520163277031802716154810837934722440791808700729882997966999255154528738374823773638285613517994011938935759202895955688807406697539113261074358513646305395526222256833197 0 0 0 0 1 0 0 0 0 0 0 0 0 0 0 0 0 0 0 0 0 0 0 0 0 0 0 0 0 0 0 0 0 0 0 0 0 0 0 0 0 0 0 0 0 0 0 0 0 0 0 0 0 0 0 0 0 0 0 0 0 0 0 0 0 0 0 0 0 0 0 0 0 0 0 0 0]
[1909878901474088292207056234589804927831250702723251063285221392180476609912265253976049912384431341260329612497241245357916827808919342373244971157315807354536014263686328000925025444181827595209952576695803766461937576025901630999028 0 0 0 0 0 1 0 0 0 0 0 0 0 0 0 0 0 0 0 0 0 0 0 0 0 0 0 0 0 0 0 0 0 0 0 0 0 0 0 0 0 0 0 0 0 0 0 0 0 0 0 0 0 0 0 0 0 0 0 0 0 0 0 0 0 0 0 0 0 0 0 0 0 0 0 0 0]
[1134886230783021696109239132869478335227889062719230079513956732920761772363302927937960585277206961697053399145570525461480406413040754979114343256883304234223570981475252676799208400818310932554928576928010916421156275260638361505112 0 0 0 0 0 0 1 0 0 0 0 0 0 0 0 0 0 0 0 0 0 0 0 0 0 0 0 0 0 0 0 0 0 0 0 0 0 0 0 0 0 0 0 0 0 0 0 0 0 0 0 0 0 0 0 0 0 0 0 0 0 0 0 0 0 0 0 0 0 0 0 0 0 0 0 0 0]
[3433721480149823567665692799101219824143628590797790268918020183386486095903389620306750511527020438938327819907817858087464071480322504585485479530264285462047273835429880887462022278533602469818232419402661868269883871048234768198921 0 0 0 0 0 0 0 1 0 0 0 0 0 0 0 0 0 0 0 0 0 0 0 0 0 0 0 0 0 0 0 0 0 0 0 0 0 0 0 0 0 0 0 0 0 0 0 0 0 0 0 0 0 0 0 0 0 0 0 0 0 0 0 0 0 0 0 0 0 0 0 0 0 0 0 0 0]
[2276146023571454825919467319518443634533973215652689448998723957329368473714834498343250836429172460408801365890802966144428410278323417659772655718762884744807324529076500106713719609754564776300286881638080603762837471246822845620679 0 0 0 0 0 0 0 0 1 0 0 0 0 0 0 0 0 0 0 0 0 0 0 0 0 0 0 0 0 0 0 0 0 0 0 0 0 0 0 0 0 0 0 0 0 0 0 0 0 0 0 0 0 0 0 0 0 0 0 0 0 0 0 0 0 0 0 0 0 0 0 0 0 0 0 0 0]
[412137340037161532297539450817887632871236253194952613908446946018489616091341126002180914175072889095450502543639193877976589653410635672649617947485717326166840862051770269543816439728087658357749286653250541743457793252451347933546 0 0 0 0 0 0 0 0 0 1 0 0 0 0 0 0 0 0 0 0 0 0 0 0 0 0 0 0 0 0 0 0 0 0 0 0 0 0 0 0 0 0 0 0 0 0 0 0 0 0 0 0 0 0 0 0 0 0 0 0 0 0 0 0 0 0 0 0 0 0 0 0 0 0 0 0 0]
[3645391673272721341863402006935462569664390361453380312208317039017486900057388354806445938103574772289258328489892923192653615507457309847682848907028759703154576903738228492250337759052164185255641890341078749353533631738202073373273 0 0 0 0 0 0 0 0 0 0 1 0 0 0 0 0 0 0 0 0 0 0 0 0 0 0 0 0 0 0 0 0 0 0 0 0 0 0 0 0 0 0 0 0 0 0 0 0 0 0 0 0 0 0 0 0 0 0 0 0 0 0 0 0 0 0 0 0 0 0 0 0 0 0 0 0 0]
[1012085508321271482780202680712159438617484365579348115939599540316084931253279480558614518691009560232066855660489706402799752179078282136823290075261951740431227044093570607420677513277184136858105354655001821121358482009827736502712 0 0 0 0 0 0 0 0 0 0 0 1 0 0 0 0 0 0 0 0 0 0 0 0 0 0 0 0 0 0 0 0 0 0 0 0 0 0 0 0 0 0 0 0 0 0 0 0 0 0 0 0 0 0 0 0 0 0 0 0 0 0 0 0 0 0 0 0 0 0 0 0 0 0 0 0 0]
[3198501079457300691652817535975958297987851059254711495654832312241248461534731622863712026224691059228567693822188955605967515026912893886065189354953435883112810711402568133396717248058256484757600564600202100977085211938573239697913 0 0 0 0 0 0 0 0 0 0 0 0 1 0 0 0 0 0 0 0 0 0 0 0 0 0 0 0 0 0 0 0 0 0 0 0 0 0 0 0 0 0 0 0 0 0 0 0 0 0 0 0 0 0 0 0 0 0 0 0 0 0 0 0 0 0 0 0 0 0 0 0 0 0 0 0 0]
[886076854074806431828589932591203497004162038781963325162084944699876011969231039028873481826532617556265108564914948214370996346116466392809188334374452816057632652881003887537982405439302356313651098099905487398392637311061637425719 0 0 0 0 0 0 0 0 0 0 0 0 0 1 0 0 0 0 0 0 0 0 0 0 0 0 0 0 0 0 0 0 0 0 0 0 0 0 0 0 0 0 0 0 0 0 0 0 0 0 0 0 0 0 0 0 0 0 0 0 0 0 0 0 0 0 0 0 0 0 0 0 0 0 0 0 0]
[1012980003222266708240179708944436967947847016002732865779093986390582160404986068576989301486864353097099555990003849442399523645634500007596499317037521877447764748523881913578994652490037288440144388221656069965085670096034665413690 0 0 0 0 0 0 0 0 0 0 0 0 0 0 1 0 0 0 0 0 0 0 0 0 0 0 0 0 0 0 0 0 0 0 0 0 0 0 0 0 0 0 0 0 0 0 0 0 0 0 0 0 0 0 0 0 0 0 0 0 0 0 0 0 0 0 0 0 0 0 0 0 0 0 0 0 0]
[496691682944380326034502878517442405598200016094940476096428606711339846720823471766988255639062836770592313958535912991385175674602523607061536286018509919765662141103363576709028153643196462138250397167374920875801640311842103589969 0 0 0 0 0 0 0 0 0 0 0 0 0 0 0 1 0 0 0 0 0 0 0 0 0 0 0 0 0 0 0 0 0 0 0 0 0 0 0 0 0 0 0 0 0 0 0 0 0 0 0 0 0 0 0 0 0 0 0 0 0 0 0 0 0 0 0 0 0 0 0 0 0 0 0 0 0]
[2094649197287203466451474877166575653172732299947710486832696878486782995702506115899933553296741348610972187333278161276233848422614522786231209861148290436561135932138913772823185261663521614434336565883498324520693924198524041424704 0 0 0 0 0 0 0 0 0 0 0 0 0 0 0 0 1 0 0 0 0 0 0 0 0 0 0 0 0 0 0 0 0 0 0 0 0 0 0 0 0 0 0 0 0 0 0 0 0 0 0 0 0 0 0 0 0 0 0 0 0 0 0 0 0 0 0 0 0 0 0 0 0 0 0 0 0]
[1007220673931835937759075030414864988267838657640544632042149887205732205994932303019594665708538206172273998257656629125079715094421478191619010715170115769498820882761256133656996527398920384370112655094163252106904409118769353466556 0 0 0 0 0 0 0 0 0 0 0 0 0 0 0 0 0 1 0 0 0 0 0 0 0 0 0 0 0 0 0 0 0 0 0 0 0 0 0 0 0 0 0 0 0 0 0 0 0 0 0 0 0 0 0 0 0 0 0 0 0 0 0 0 0 0 0 0 0 0 0 0 0 0 0 0 0]
[1700600956307849847464745206261620258191762436131232101633540065508619555475829003762978282704098834112153310821810060938581984136133441453776717597824044455757210387353191708678249947037998948406719936252789130698458891321054812464882 0 0 0 0 0 0 0 0 0 0 0 0 0 0 0 0 0 0 1 0 0 0 0 0 0 0 0 0 0 0 0 0 0 0 0 0 0 0 0 0 0 0 0 0 0 0 0 0 0 0 0 0 0 0 0 0 0 0 0 0 0 0 0 0 0 0 0 0 0 0 0 0 0 0 0 0 0]
[2435612950500236497548098702188194141754970642239971997006554012722222597644175547483637331065830742580291102241711681537522926460859779867743927617148703539397181774848553752687344541956923970183867059591196995002409975201027204176747 0 0 0 0 0 0 0 0 0 0 0 0 0 0 0 0 0 0 0 1 0 0 0 0 0 0 0 0 0 0 0 0 0 0 0 0 0 0 0 0 0 0 0 0 0 0 0 0 0 0 0 0 0 0 0 0 0 0 0 0 0 0 0 0 0 0 0 0 0 0 0 0 0 0 0 0 0]
[2214553452764331852034785942664211124504871735539119055465846502067340646509360683121625330798496151922690353157707321847995821071612585261951508656930237570743113266613291094076226988509590433835133771220248885093019282210584561397347 0 0 0 0 0 0 0 0 0 0 0 0 0 0 0 0 0 0 0 0 1 0 0 0 0 0 0 0 0 0 0 0 0 0 0 0 0 0 0 0 0 0 0 0 0 0 0 0 0 0 0 0 0 0 0 0 0 0 0 0 0 0 0 0 0 0 0 0 0 0 0 0 0 0 0 0 0]
[3370524659844607661950335165610942411864452676986745512521972716159506554150855713284106375023116794332682060050751557485116747402239871927036762819677604415852339850920970372995684935304841213995764281986825026506476552441941750500221 0 0 0 0 0 0 0 0 0 0 0 0 0 0 0 0 0 0 0 0 0 1 0 0 0 0 0 0 0 0 0 0 0 0 0 0 0 0 0 0 0 0 0 0 0 0 0 0 0 0 0 0 0 0 0 0 0 0 0 0 0 0 0 0 0 0 0 0 0 0 0 0 0 0 0 0 0]
[3291946099404387764328782951918609792146378450506557042025847992873597469409202096261393331266045184631283768224659685415050117047500368854934508364781817316833395827017536470210918129936933083226724258481535409409175133105869878445039 0 0 0 0 0 0 0 0 0 0 0 0 0 0 0 0 0 0 0 0 0 0 1 0 0 0 0 0 0 0 0 0 0 0 0 0 0 0 0 0 0 0 0 0 0 0 0 0 0 0 0 0 0 0 0 0 0 0 0 0 0 0 0 0 0 0 0 0 0 0 0 0 0 0 0 0 0]
[1025469714136276423029867028565923703074623385349338250955267616140308069290010011871536081961895949242544287037574511562039162668302279097988895137732287728336079625228737359092451376371020368734651307094186900681747159435997382607971 0 0 0 0 0 0 0 0 0 0 0 0 0 0 0 0 0 0 0 0 0 0 0 1 0 0 0 0 0 0 0 0 0 0 0 0 0 0 0 0 0 0 0 0 0 0 0 0 0 0 0 0 0 0 0 0 0 0 0 0 0 0 0 0 0 0 0 0 0 0 0 0 0 0 0 0 0]
[3148249432295378719713065548881059036161546963600337447926934549081748142304688660933657788675530861299564029446123282903997086110150537744356538409788032409648115310688235922103849498962796387348121015716849004583388521980359485027655 0 0 0 0 0 0 0 0 0 0 0 0 0 0 0 0 0 0 0 0 0 0 0 0 1 0 0 0 0 0 0 0 0 0 0 0 0 0 0 0 0 0 0 0 0 0 0 0 0 0 0 0 0 0 0 0 0 0 0 0 0 0 0 0 0 0 0 0 0 0 0 0 0 0 0 0 0]
[962472410993431877836375917576453300789849564075646536478587697817062559596260336879358840230734490886482361552089082279729431148267577234608222554885394728373839913213547942630453549876869292756041067691480080574203351091425391633617 0 0 0 0 0 0 0 0 0 0 0 0 0 0 0 0 0 0 0 0 0 0 0 0 0 1 0 0 0 0 0 0 0 0 0 0 0 0 0 0 0 0 0 0 0 0 0 0 0 0 0 0 0 0 0 0 0 0 0 0 0 0 0 0 0 0 0 0 0 0 0 0 0 0 0 0 0]
[772334582654039728691455864201035873848192035696204549703140766736712341232303311024305299446836931156016755544068714680763851481453564686659297551656113104272592723244801322108893519552785180844225379703928221848642553312940607333939 0 0 0 0 0 0 0 0 0 0 0 0 0 0 0 0 0 0 0 0 0 0 0 0 0 0 1 0 0 0 0 0 0 0 0 0 0 0 0 0 0 0 0 0 0 0 0 0 0 0 0 0 0 0 0 0 0 0 0 0 0 0 0 0 0 0 0 0 0 0 0 0 0 0 0 0 0]
[1921508623128654345542861299744580003541745421790900959742062310529956650516935442742947527700691901273179329953160558689373378739846685408529688971108689031495006505841408620321806585439103226808210569313446211607279720400642756772744 0 0 0 0 0 0 0 0 0 0 0 0 0 0 0 0 0 0 0 0 0 0 0 0 0 0 0 1 0 0 0 0 0 0 0 0 0 0 0 0 0 0 0 0 0 0 0 0 0 0 0 0 0 0 0 0 0 0 0 0 0 0 0 0 0 0 0 0 0 0 0 0 0 0 0 0 0]
[3187932553732419098640026166847836095577555705662960557008301695093614201837140414054506668546580692499203546335712715766760585974341368767101595839261618839813786285774808482794222548749116786782514725340006997267429133632649874996552 0 0 0 0 0 0 0 0 0 0 0 0 0 0 0 0 0 0 0 0 0 0 0 0 0 0 0 0 1 0 0 0 0 0 0 0 0 0 0 0 0 0 0 0 0 0 0 0 0 0 0 0 0 0 0 0 0 0 0 0 0 0 0 0 0 0 0 0 0 0 0 0 0 0 0 0 0]
[2386579087690585455586136192707887170094727114099797078627719857980126421753310382054873812417662471224001532400464607022670255562770178896931716322317806009351645733821340559217316617266881621182516874253753964190552191450176764358933 0 0 0 0 0 0 0 0 0 0 0 0 0 0 0 0 0 0 0 0 0 0 0 0 0 0 0 0 0 1 0 0 0 0 0 0 0 0 0 0 0 0 0 0 0 0 0 0 0 0 0 0 0 0 0 0 0 0 0 0 0 0 0 0 0 0 0 0 0 0 0 0 0 0 0 0 0]
[488363626965197592050127910229285067948805894648484575186652626840602764288726504323181419023138493184212046103848705232585110260949078164018793901770726538303256264796181662809018415578263705411624319458314042103348273798900083095811 0 0 0 0 0 0 0 0 0 0 0 0 0 0 0 0 0 0 0 0 0 0 0 0 0 0 0 0 0 0 1 0 0 0 0 0 0 0 0 0 0 0 0 0 0 0 0 0 0 0 0 0 0 0 0 0 0 0 0 0 0 0 0 0 0 0 0 0 0 0 0 0 0 0 0 0 0]
[876167385190169415688158928398261397452682504100814397521263685677640222566873063154465999614520375744276861242075153908949943847322797883878414496931835223225973266417209373761774369002720434509342220950901201800646808794661087545126 0 0 0 0 0 0 0 0 0 0 0 0 0 0 0 0 0 0 0 0 0 0 0 0 0 0 0 0 0 0 0 1 0 0 0 0 0 0 0 0 0 0 0 0 0 0 0 0 0 0 0 0 0 0 0 0 0 0 0 0 0 0 0 0 0 0 0 0 0 0 0 0 0 0 0 0 0]
[720487963215658204702017061647454252339607271431592970759952575529468243755296323548127182783986907750246323815010600481399461326535775911996532441910918121950817631172397581903040883055175871388789776664686075731858940746512328675781 0 0 0 0 0 0 0 0 0 0 0 0 0 0 0 0 0 0 0 0 0 0 0 0 0 0 0 0 0 0 0 0 1 0 0 0 0 0 0 0 0 0 0 0 0 0 0 0 0 0 0 0 0 0 0 0 0 0 0 0 0 0 0 0 0 0 0 0 0 0 0 0 0 0 0 0 0]
[2717439359798917230534181076421792111598162554187392418754702823393699988844577646690714639870336273403776377131186040039108674787228734894033511655896229898884267299337735066950131879263078170972316649484346298364682386917292843968812 0 0 0 0 0 0 0 0 0 0 0 0 0 0 0 0 0 0 0 0 0 0 0 0 0 0 0 0 0 0 0 0 0 1 0 0 0 0 0 0 0 0 0 0 0 0 0 0 0 0 0 0 0 0 0 0 0 0 0 0 0 0 0 0 0 0 0 0 0 0 0 0 0 0 0 0 0]
[3343994433824674687221799243011345491596302748084604732282789429512638905386732229651270819880609718599459986400321317870379877966325878803935068463751358988337887542648928238415650753050966756035493283751515441101315114323732981569062 0 0 0 0 0 0 0 0 0 0 0 0 0 0 0 0 0 0 0 0 0 0 0 0 0 0 0 0 0 0 0 0 0 0 1 0 0 0 0 0 0 0 0 0 0 0 0 0 0 0 0 0 0 0 0 0 0 0 0 0 0 0 0 0 0 0 0 0 0 0 0 0 0 0 0 0 0]
[3608213131619538223734489687052996038638258578657193332364176951458216842834398387296486448137100705011765681125570364153262975366666379027405706634744761778886156866525521880642277048225639457984890118766793153083523667125884654514981 0 0 0 0 0 0 0 0 0 0 0 0 0 0 0 0 0 0 0 0 0 0 0 0 0 0 0 0 0 0 0 0 0 0 0 1 0 0 0 0 0 0 0 0 0 0 0 0 0 0 0 0 0 0 0 0 0 0 0 0 0 0 0 0 0 0 0 0 0 0 0 0 0 0 0 0 0]
[836874958735302532321819881798172644105029303987219559795230711824769138957674674232577446176406765632015014149077576785335172205163240979187447919637868864343647734211741626237175766439498911777922635898624725021690949060467928835373 0 0 0 0 0 0 0 0 0 0 0 0 0 0 0 0 0 0 0 0 0 0 0 0 0 0 0 0 0 0 0 0 0 0 0 0 1 0 0 0 0 0 0 0 0 0 0 0 0 0 0 0 0 0 0 0 0 0 0 0 0 0 0 0 0 0 0 0 0 0 0 0 0 0 0 0 0]
[738786653855508225671431348209082943995038109783294219366286548888105001962983454320539900985319627382734813632755018057326407445039198031925035618991717992862677078478708142688378305240077521412480843982599441770291697027671151857141 0 0 0 0 0 0 0 0 0 0 0 0 0 0 0 0 0 0 0 0 0 0 0 0 0 0 0 0 0 0 0 0 0 0 0 0 0 1 0 0 0 0 0 0 0 0 0 0 0 0 0 0 0 0 0 0 0 0 0 0 0 0 0 0 0 0 0 0 0 0 0 0 0 0 0 0 0]
[2423880515575430310070559642071726808290328141722345031191070416035175507984453806237715795762149195249230047694883541907684168363356687595150789622572267848868913369528220231836500166606653707903039815179746942138667075195542258990770 0 0 0 0 0 0 0 0 0 0 0 0 0 0 0 0 0 0 0 0 0 0 0 0 0 0 0 0 0 0 0 0 0 0 0 0 0 0 1 0 0 0 0 0 0 0 0 0 0 0 0 0 0 0 0 0 0 0 0 0 0 0 0 0 0 0 0 0 0 0 0 0 0 0 0 0 0]
[2545824710870695117592973915309638308008599370534318871449431082059122706011514003344582889523500239905008418747009957301684934473471072384899368233628382380500824191388013580164965863769660103521330292002375189759603554884295947580327 0 0 0 0 0 0 0 0 0 0 0 0 0 0 0 0 0 0 0 0 0 0 0 0 0 0 0 0 0 0 0 0 0 0 0 0 0 0 0 1 0 0 0 0 0 0 0 0 0 0 0 0 0 0 0 0 0 0 0 0 0 0 0 0 0 0 0 0 0 0 0 0 0 0 0 0 0]
[2522212647995967272900761012290649123189888596959042185656544398499096259127980400655481983042757507501919928605301813441934643504075507336225033584506127122306499603290787900228858335226360324292704211755391463793053412251971091157050 0 0 0 0 0 0 0 0 0 0 0 0 0 0 0 0 0 0 0 0 0 0 0 0 0 0 0 0 0 0 0 0 0 0 0 0 0 0 0 0 1 0 0 0 0 0 0 0 0 0 0 0 0 0 0 0 0 0 0 0 0 0 0 0 0 0 0 0 0 0 0 0 0 0 0 0 0]
[1416908669387251811654519142316874475020453596955776514228819621212189782073586643683966448006119157625567740517675157883188991750406890100036069327165918028954333086510119469609128640744523440261458141630373149912834348108400618492125 0 0 0 0 0 0 0 0 0 0 0 0 0 0 0 0 0 0 0 0 0 0 0 0 0 0 0 0 0 0 0 0 0 0 0 0 0 0 0 0 0 1 0 0 0 0 0 0 0 0 0 0 0 0 0 0 0 0 0 0 0 0 0 0 0 0 0 0 0 0 0 0 0 0 0 0 0]
[2671403073170579197209603025839210922704945222644133200423362778358125100295360378778499179424534117190146061300312967817812402912648994211533281046894560475281421809430968142444085997123893967565626991340217463411947484261960189571098 0 0 0 0 0 0 0 0 0 0 0 0 0 0 0 0 0 0 0 0 0 0 0 0 0 0 0 0 0 0 0 0 0 0 0 0 0 0 0 0 0 0 1 0 0 0 0 0 0 0 0 0 0 0 0 0 0 0 0 0 0 0 0 0 0 0 0 0 0 0 0 0 0 0 0 0 0]
[1765300739400608440764539135295649708802210969369385282002415900619224161668494685034404251080744790357811147925027111850632024884598781511609927813619808586511630197500511001465207575733222391746527522736282676903684584814743453582720 0 0 0 0 0 0 0 0 0 0 0 0 0 0 0 0 0 0 0 0 0 0 0 0 0 0 0 0 0 0 0 0 0 0 0 0 0 0 0 0 0 0 0 1 0 0 0 0 0 0 0 0 0 0 0 0 0 0 0 0 0 0 0 0 0 0 0 0 0 0 0 0 0 0 0 0 0]
[871450988074484235248793936350735033953829069026113452204322423680052207825982358429359333234569441137579693124181766151005860391383171728650495849347852276641624546378282220280622138283475842639639886473744509595620244990604339180830 0 0 0 0 0 0 0 0 0 0 0 0 0 0 0 0 0 0 0 0 0 0 0 0 0 0 0 0 0 0 0 0 0 0 0 0 0 0 0 0 0 0 0 0 1 0 0 0 0 0 0 0 0 0 0 0 0 0 0 0 0 0 0 0 0 0 0 0 0 0 0 0 0 0 0 0 0]
[1825056007037221129534931486842534873150970179846920457992031491730413946923337510668265912008837058681118284388086886410814258311280897290970060201969001340776843547420333168590301068702251263423431053204200041821262332075645215252822 0 0 0 0 0 0 0 0 0 0 0 0 0 0 0 0 0 0 0 0 0 0 0 0 0 0 0 0 0 0 0 0 0 0 0 0 0 0 0 0 0 0 0 0 0 1 0 0 0 0 0 0 0 0 0 0 0 0 0 0 0 0 0 0 0 0 0 0 0 0 0 0 0 0 0 0 0]
[2053662177785178956277318458226962818937097246942556648948064414991062549246337591839841616472516266069933557844695909057922341237761008184514657126723797671468949834420226294099907448113200602931127920599673857971985317974331966691927 0 0 0 0 0 0 0 0 0 0 0 0 0 0 0 0 0 0 0 0 0 0 0 0 0 0 0 0 0 0 0 0 0 0 0 0 0 0 0 0 0 0 0 0 0 0 1 0 0 0 0 0 0 0 0 0 0 0 0 0 0 0 0 0 0 0 0 0 0 0 0 0 0 0 0 0 0]
[3638268558872295763779029674009537035581688629126843360730939056876882577268304475874105762619940748130289182393711962187718626217375898040711884973407826069477136708807001196400276548961609936461876470078903340696403495622880841058170 0 0 0 0 0 0 0 0 0 0 0 0 0 0 0 0 0 0 0 0 0 0 0 0 0 0 0 0 0 0 0 0 0 0 0 0 0 0 0 0 0 0 0 0 0 0 0 1 0 0 0 0 0 0 0 0 0 0 0 0 0 0 0 0 0 0 0 0 0 0 0 0 0 0 0 0 0]
[2416827630290580692278775334443109308089636903887676650820352838602468762374785827479888029552610862699630087614346334187058643087268534162990614148987274570130881775038881961988697921077298984074446345219599849403784556409990020833778 0 0 0 0 0 0 0 0 0 0 0 0 0 0 0 0 0 0 0 0 0 0 0 0 0 0 0 0 0 0 0 0 0 0 0 0 0 0 0 0 0 0 0 0 0 0 0 0 1 0 0 0 0 0 0 0 0 0 0 0 0 0 0 0 0 0 0 0 0 0 0 0 0 0 0 0 0]
[120556666717536386322399757334225932276480032068351214995288199297611722855116831980810372834973594341983992970119406240889412109591409988904086520096041375578024709324378615078839912971005897915268463073370568701571704359643772893529 0 0 0 0 0 0 0 0 0 0 0 0 0 0 0 0 0 0 0 0 0 0 0 0 0 0 0 0 0 0 0 0 0 0 0 0 0 0 0 0 0 0 0 0 0 0 0 0 0 1 0 0 0 0 0 0 0 0 0 0 0 0 0 0 0 0 0 0 0 0 0 0 0 0 0 0 0]
[3546531609699880187364879888217112916452852634339287890693632767248299987148393474994920339466975041944759964875359097571387517214997449933239453900696044412848987706301082393576243191733718370857468226892607694100993697051642441777561 0 0 0 0 0 0 0 0 0 0 0 0 0 0 0 0 0 0 0 0 0 0 0 0 0 0 0 0 0 0 0 0 0 0 0 0 0 0 0 0 0 0 0 0 0 0 0 0 0 0 1 0 0 0 0 0 0 0 0 0 0 0 0 0 0 0 0 0 0 0 0 0 0 0 0 0 0]
[2341857381462919830098927660367146562953313204287705688339080972388920843746307077196325458959251337555648722171597694798943789864681098904305163324962692866810067605115886267322127372872990544619252402303894970410722693834902161921225 0 0 0 0 0 0 0 0 0 0 0 0 0 0 0 0 0 0 0 0 0 0 0 0 0 0 0 0 0 0 0 0 0 0 0 0 0 0 0 0 0 0 0 0 0 0 0 0 0 0 0 1 0 0 0 0 0 0 0 0 0 0 0 0 0 0 0 0 0 0 0 0 0 0 0 0 0]
[3148803889979467627869465079593248842184843655779709538363377197956827459930711147551363945501182908203817782108083677056850809461952925318589272005361731009085908028620056475695071407560886774155612292824025539343877216613967567732771 0 0 0 0 0 0 0 0 0 0 0 0 0 0 0 0 0 0 0 0 0 0 0 0 0 0 0 0 0 0 0 0 0 0 0 0 0 0 0 0 0 0 0 0 0 0 0 0 0 0 0 0 1 0 0 0 0 0 0 0 0 0 0 0 0 0 0 0 0 0 0 0 0 0 0 0 0]
[108462674852916230811890021850931123726220622068145882477821127530647075843754187593213980114824867868774172079117609135531792516666044984891256873059390072096229609066789824345315558088798374499628980193140145083465771976602917039625 0 0 0 0 0 0 0 0 0 0 0 0 0 0 0 0 0 0 0 0 0 0 0 0 0 0 0 0 0 0 0 0 0 0 0 0 0 0 0 0 0 0 0 0 0 0 0 0 0 0 0 0 0 1 0 0 0 0 0 0 0 0 0 0 0 0 0 0 0 0 0 0 0 0 0 0 0]
[3714577285362007803214598991186553905747409973638423792203322073107991903108348298700389158288866607667864897580002632657185382551970791045636873563282913268154287575969771611114393916515087627122079745078533545587292256861653983776208 0 0 0 0 0 0 0 0 0 0 0 0 0 0 0 0 0 0 0 0 0 0 0 0 0 0 0 0 0 0 0 0 0 0 0 0 0 0 0 0 0 0 0 0 0 0 0 0 0 0 0 0 0 0 1 0 0 0 0 0 0 0 0 0 0 0 0 0 0 0 0 0 0 0 0 0 0]
[2648492478524324841759349706195685840483837389162467863603409957627283889778508715016262882230214567018301193090570115758205313695256223364629057323038804274418356002614563043155960234376538852114627577034411733192148194229762866823853 0 0 0 0 0 0 0 0 0 0 0 0 0 0 0 0 0 0 0 0 0 0 0 0 0 0 0 0 0 0 0 0 0 0 0 0 0 0 0 0 0 0 0 0 0 0 0 0 0 0 0 0 0 0 0 1 0 0 0 0 0 0 0 0 0 0 0 0 0 0 0 0 0 0 0 0 0]
[2748394890092594231633775832881512246890404303779725801033905059872401759577206665713327166861122412156440924014261953282012480181881388649211903445086834410457146306922469895042687851856435882562052045716867425281593785049638288527200 0 0 0 0 0 0 0 0 0 0 0 0 0 0 0 0 0 0 0 0 0 0 0 0 0 0 0 0 0 0 0 0 0 0 0 0 0 0 0 0 0 0 0 0 0 0 0 0 0 0 0 0 0 0 0 0 1 0 0 0 0 0 0 0 0 0 0 0 0 0 0 0 0 0 0 0 0]
[2952960185290568994811725750561857255628979921184271369644971194720677725449775004360904629573972751528840125416271311139532336181199979307818218309166839942348176347226479178097990790052923487038844510024315747132281329853784004229639 0 0 0 0 0 0 0 0 0 0 0 0 0 0 0 0 0 0 0 0 0 0 0 0 0 0 0 0 0 0 0 0 0 0 0 0 0 0 0 0 0 0 0 0 0 0 0 0 0 0 0 0 0 0 0 0 0 1 0 0 0 0 0 0 0 0 0 0 0 0 0 0 0 0 0 0 0]
[388098510827628539769470901732030853181237102946594326900266513867263432231944383337549019960192956726150393048182168204759076175502902591817284375400538053247707319155534350147918195118988708601095223708755372349355280893034301396691 0 0 0 0 0 0 0 0 0 0 0 0 0 0 0 0 0 0 0 0 0 0 0 0 0 0 0 0 0 0 0 0 0 0 0 0 0 0 0 0 0 0 0 0 0 0 0 0 0 0 0 0 0 0 0 0 0 0 1 0 0 0 0 0 0 0 0 0 0 0 0 0 0 0 0 0 0]
[281269744529541755908663567594043002961399830585767141200492284518852170220659085465230706324594420872693550137709668904444676618237308269851082311758327256656968424264967712769332335766557448727776645971286238839641447503584941588711 0 0 0 0 0 0 0 0 0 0 0 0 0 0 0 0 0 0 0 0 0 0 0 0 0 0 0 0 0 0 0 0 0 0 0 0 0 0 0 0 0 0 0 0 0 0 0 0 0 0 0 0 0 0 0 0 0 0 0 1 0 0 0 0 0 0 0 0 0 0 0 0 0 0 0 0 0]
[2779552399809702732382865464772881685428959381240005894680213359431958900697366600006485552042818814136824535419741595386680439379181940573494267608872339395780152178742689969891092091608238484747288189817785325146296706550017037702783 0 0 0 0 0 0 0 0 0 0 0 0 0 0 0 0 0 0 0 0 0 0 0 0 0 0 0 0 0 0 0 0 0 0 0 0 0 0 0 0 0 0 0 0 0 0 0 0 0 0 0 0 0 0 0 0 0 0 0 0 1 0 0 0 0 0 0 0 0 0 0 0 0 0 0 0 0]
[970172323314644447281463965168051818682821187583665524346257622525451415307289065491800284042752142627095814772784029113938991391335208019065305167788587290338272618950020602115270278671277568828908717375574425095909139615656450944014 0 0 0 0 0 0 0 0 0 0 0 0 0 0 0 0 0 0 0 0 0 0 0 0 0 0 0 0 0 0 0 0 0 0 0 0 0 0 0 0 0 0 0 0 0 0 0 0 0 0 0 0 0 0 0 0 0 0 0 0 0 1 0 0 0 0 0 0 0 0 0 0 0 0 0 0 0]
[1411835576032123883411892320730783635516616675956704431479146540145169109282348633992166483202412982355862970410095687911924347094647542501012074327487673168701508637627078502995927564592089641226613680080400782085865145764360987973976 0 0 0 0 0 0 0 0 0 0 0 0 0 0 0 0 0 0 0 0 0 0 0 0 0 0 0 0 0 0 0 0 0 0 0 0 0 0 0 0 0 0 0 0 0 0 0 0 0 0 0 0 0 0 0 0 0 0 0 0 0 0 1 0 0 0 0 0 0 0 0 0 0 0 0 0 0]
[475825362884417623327231830745995532534424122835964610233362506692337198482378572524996288381348014494319328610827951025944965895465820109663846313540984416545878662396355623798946230292829027661655393063460686286649835375629280629014 0 0 0 0 0 0 0 0 0 0 0 0 0 0 0 0 0 0 0 0 0 0 0 0 0 0 0 0 0 0 0 0 0 0 0 0 0 0 0 0 0 0 0 0 0 0 0 0 0 0 0 0 0 0 0 0 0 0 0 0 0 0 0 1 0 0 0 0 0 0 0 0 0 0 0 0 0]
[3536961933157529650803824257708400052099005682217838471617566217421266259416628288132676869369884942287854807827252743844769559697884678908201676582827088842943465719835744380526207648144983188832190613820929018575297390248741416411772 0 0 0 0 0 0 0 0 0 0 0 0 0 0 0 0 0 0 0 0 0 0 0 0 0 0 0 0 0 0 0 0 0 0 0 0 0 0 0 0 0 0 0 0 0 0 0 0 0 0 0 0 0 0 0 0 0 0 0 0 0 0 0 0 1 0 0 0 0 0 0 0 0 0 0 0 0]
[1064394538217543694470385332731674247018542142180532465743768477849098322130630065599902968577280523797068345045360637870485550311458783929029138416434061595638141124833517507309101666203268744447438951533577119582188269781789244141060 0 0 0 0 0 0 0 0 0 0 0 0 0 0 0 0 0 0 0 0 0 0 0 0 0 0 0 0 0 0 0 0 0 0 0 0 0 0 0 0 0 0 0 0 0 0 0 0 0 0 0 0 0 0 0 0 0 0 0 0 0 0 0 0 0 1 0 0 0 0 0 0 0 0 0 0 0]
[3742899692814863369297304946588437665686784338961471379366028415357502438983409773619573456417932884081105958424912019338731382789715205422708400329709032304904961232257572168426123592710323465343515760315461747627983891610693591413872 0 0 0 0 0 0 0 0 0 0 0 0 0 0 0 0 0 0 0 0 0 0 0 0 0 0 0 0 0 0 0 0 0 0 0 0 0 0 0 0 0 0 0 0 0 0 0 0 0 0 0 0 0 0 0 0 0 0 0 0 0 0 0 0 0 0 1 0 0 0 0 0 0 0 0 0 0]
[665667676039441389227696696031359695041051921968475983310984024815640368175087974510788802842530302480940283927276475317079333050733721045248675708675223666776383156311499134408390261969648836218821602453015789332185418674768254931567 0 0 0 0 0 0 0 0 0 0 0 0 0 0 0 0 0 0 0 0 0 0 0 0 0 0 0 0 0 0 0 0 0 0 0 0 0 0 0 0 0 0 0 0 0 0 0 0 0 0 0 0 0 0 0 0 0 0 0 0 0 0 0 0 0 0 0 1 0 0 0 0 0 0 0 0 0]
[1243201652524989973824512747180460185289658175504306771217881099482468858646462337764856921398762218824306982106917032815710214805538520187817539077239582930162282931817991986191428161970426173709767421860695284032674615274557076143722 0 0 0 0 0 0 0 0 0 0 0 0 0 0 0 0 0 0 0 0 0 0 0 0 0 0 0 0 0 0 0 0 0 0 0 0 0 0 0 0 0 0 0 0 0 0 0 0 0 0 0 0 0 0 0 0 0 0 0 0 0 0 0 0 0 0 0 0 1 0 0 0 0 0 0 0 0]
[1870930069725530899698262124461941970782542671341464401519195227627006781475929483257187852743929089622744101872810493066460653089221109792678400526247174851810317823816790163046312488323484779097946576998629306074246623449490431827857 0 0 0 0 0 0 0 0 0 0 0 0 0 0 0 0 0 0 0 0 0 0 0 0 0 0 0 0 0 0 0 0 0 0 0 0 0 0 0 0 0 0 0 0 0 0 0 0 0 0 0 0 0 0 0 0 0 0 0 0 0 0 0 0 0 0 0 0 0 1 0 0 0 0 0 0 0]
[1071555816841113536940266548313924207858258387270723488713671696371249949606498508658832545544243250915606900508922669755534875352062695431435007262794595754082085796389977247140247561108122650355769046824623375289010059880286766082363 0 0 0 0 0 0 0 0 0 0 0 0 0 0 0 0 0 0 0 0 0 0 0 0 0 0 0 0 0 0 0 0 0 0 0 0 0 0 0 0 0 0 0 0 0 0 0 0 0 0 0 0 0 0 0 0 0 0 0 0 0 0 0 0 0 0 0 0 0 0 1 0 0 0 0 0 0]
[440271742646216511934183422132964148448175389670785266063546750667110454418173059155960761361196188491188472069586061101961305396288178260435037449378511932461014730336550994839775949689657624586379450229839910817386991195748138448568 0 0 0 0 0 0 0 0 0 0 0 0 0 0 0 0 0 0 0 0 0 0 0 0 0 0 0 0 0 0 0 0 0 0 0 0 0 0 0 0 0 0 0 0 0 0 0 0 0 0 0 0 0 0 0 0 0 0 0 0 0 0 0 0 0 0 0 0 0 0 0 1 0 0 0 0 0]
[3039338423902508734819193108336808717313356657560830521705439101748295582381209203587634095811586248136102324544046849701639733713468768339674035624083777893317150602712023971456933387235065380753917447338873065690911806922215116692863 0 0 0 0 0 0 0 0 0 0 0 0 0 0 0 0 0 0 0 0 0 0 0 0 0 0 0 0 0 0 0 0 0 0 0 0 0 0 0 0 0 0 0 0 0 0 0 0 0 0 0 0 0 0 0 0 0 0 0 0 0 0 0 0 0 0 0 0 0 0 0 0 1 0 0 0 0]
[133687385549099065909669079293023260763998247165518794967473404409116585453974371233959424395311067959461718494989999391122108262582621213417435659924839548652692086815216463823908151258289151339315109018837867967615837851040460883607 0 0 0 0 0 0 0 0 0 0 0 0 0 0 0 0 0 0 0 0 0 0 0 0 0 0 0 0 0 0 0 0 0 0 0 0 0 0 0 0 0 0 0 0 0 0 0 0 0 0 0 0 0 0 0 0 0 0 0 0 0 0 0 0 0 0 0 0 0 0 0 0 0 1 0 0 0]
[2330505830409601765025868924236761441226430665113745695679271967174352574270910609511095097996724820645156636233262984570361900009030368909210580498644092123080137595805412581340381869889084047910075872112509864164785786408646835694261 0 0 0 0 0 0 0 0 0 0 0 0 0 0 0 0 0 0 0 0 0 0 0 0 0 0 0 0 0 0 0 0 0 0 0 0 0 0 0 0 0 0 0 0 0 0 0 0 0 0 0 0 0 0 0 0 0 0 0 0 0 0 0 0 0 0 0 0 0 0 0 0 0 0 1 0 0]
[1024073707189504333641959359926190439970291190938974455745562532404581181430341503361010238127956413125825278423160684281946019809541903234668635822702272190503821174910548054778494431384169475939228905572185219919527863917637912819988 0 0 0 0 0 0 0 0 0 0 0 0 0 0 0 0 0 0 0 0 0 0 0 0 0 0 0 0 0 0 0 0 0 0 0 0 0 0 0 0 0 0 0 0 0 0 0 0 0 0 0 0 0 0 0 0 0 0 0 0 0 0 0 0 0 0 0 0 0 0 0 0 0 0 0 1 0]
[775551115983102224726148287239088911909162737196235117346664659374987647553443560152580945725837382049001191865147547127576160503061502719015461904409899572440934860813566318117053436315974873836633951851890583037397869000795996680873 0 0 0 0 0 0 0 0 0 0 0 0 0 0 0 0 0 0 0 0 0 0 0 0 0 0 0 0 0 0 0 0 0 0 0 0 0 0 0 0 0 0 0 0 0 0 0 0 0 0 0 0 0 0 0 0 0 0 0 0 0 0 0 0 0 0 0 0 0 0 0 0 0 0 0 0 1]
]
78 79 1
[1 1 1 1 1 1 1 1 1 1 1 1 1 1 1 1 1 1 1 1 1 1 1 1 1 1 1 1 1 1 1 1 1 1 1 1 1 1 1 1 1 1 1 1 1 1 1 1 1 1 1 1 1 1 1 1 1 1 1 1 1 1 1 1 1 1 1 1 1 1 1 1 1 1 1 1 1 1 1]
