[[5052669127715929169025791840865282197014913037297679522791162581438905896888555309234978970834713693540643476545557880887746121539337241103409360962193902458964082911683554721161387710894975774884230703434087936008064669217503252800127 0 0 0 0 0 0 0 0 0 0 0 0 0 0 0 0 0 0 0 0 0 0 0 0 0 0 0 0 0 0 0 0 0 0 0 0 0 0 0 0 0 0 0 0 0 0 0 0 0 0 0 0 0 0 0 0 0 0 0 0 0 0 0 0 0 0 0 0 0 0 0 0 0 0 0 0 0]
[3467641317155558206627070594080801080175202858398013939127532725180883079995109303589332935209619108872723347576835739124961991632772381398582245320453992183362589806101916507170517939018704732353981165035086807349251111652812449416568 1 0 0 0 0 0 0 0 0 0 0 0 0 0 0 0 0 0 0 0 0 0 0 0 0 0 0 0 0 0 0 0 0 0 0 0 0 0 0 0 0 0 0 0 0 0 0 0 0 0 0 0 0 0 0 0 0 0 0 0 0 0 0 0 0 0 0 0 0 0 0 0 0 0 0 0 0]
[4483829592908595049570650571688506349100414934130770945056397426147809445254088632387049254684259587886135478017538931218087466747554658810333036357377740947905280402809843971773205866481247389780675536664448929573446520742986608720978 0 1 0 0 0 0 0 0 0 0 0 0 0 0 0 0 0 0 0 0 0 0 0 0 0 0 0 0 0 0 0 0 0 0 0 0 0 0 0 0 0 0 0 0 0 0 0 0 0 0 0 0 0 0 0 0 0 0 0 0 0 0 0 0 0 0 0 0 0 0 0 0 0 0 0 0 0]
[3024750241054328944972446198262111576514995176794193608387569928280209845129227736253158585924767490366342129079557679904982624229736644327143362742514759724216349806576951901035209826401709599704081545411618645658163929954662360836669 0 0 1 0 0 0 0 0 0 0 0 0 0 0 0 0 0 0 0 0 0 0 0 0 0 0 0 0 0 0 0 0 0 0 0 0 0 0 0 0 0 0 0 0 0 0 0 0 0 0 0 0 0 0 0 0 0 0 0 0 0 0 0 0 0 0 0 0 0 0 0 0 0 0 0 0 0]
[1505151761291245712133239028470016601944512932737740613012501766144142098021131436271720367804677000829629262497490822858155385899502284752977950962282236170469894346849143227946176590914089378124356679436795821557048564180840300775613 0 0 0 1 0 0 0 0 0 0 0 0 0 0 0 0 0 0 0 0 0 0 0 0 0 0 0 0 0 0 0 0 0 0 0 0 0 0 0 0 0 0 0 0 0 0 0 0 0 0 0 0 0 0 0 0 0 0 0 0 0 0 0 0 0 0 0 0 0 0 0 0 0 0 0 0 0]
[2140464408030686199998347547627042041046455243244990061634380429487214907516549112378840530187880137990346101003239868522796502014999579920555501507289739626432560910776391121159520143597622512616038663542089442724914824743550194602670 0 0 0 0 1 0 0 0 0 0 0 0 0 0 0 0 0 0 0 0 0 0 0 0 0 0 0 0 0 0 0 0 0 0 0 0 0 0 0 0 0 0 0 0 0 0 0 0 0 0 0 0 0 0 0 0 0 0 0 0 0 0 0 0 0 0 0 0 0 0 0 0 0 0 0 0 0]
[4771278808417150218049228829592869188552245437166460196165648232362900147766219649981288728156300123956282405263973780144446479171147464465496187936859240489171629158814637319641434935937860620662055289721004642943876773811635153875896 0 0 0 0 0 1 0 0 0 0 0 0 0 0 0 0 0 0 0 0 0 0 0 0 0 0 0 0 0 0 0 0 0 0 0 0 0 0 0 0 0 0 0 0 0 0 0 0 0 0 0 0 0 0 0 0 0 0 0 0 0 0 0 0 0 0 0 0 0 0 0 0 0 0 0 0 0]
[2918265284986854953122954401457415393303692751112207974856098341746952916848309245958179540943175340184200099391377961689323347410144601557624524234859595303680670139106432508609776841638278381509528380999676535097433290775144799537379 0 0 0 0 0 0 1 0 0 0 0 0 0 0 0 0 0 0 0 0 0 0 0 0 0 0 0 0 0 0 0 0 0 0 0 0 0 0 0 0 0 0 0 0 0 0 0 0 0 0 0 0 0 0 0 0 0 0 0 0 0 0 0 0 0 0 0 0 0 0 0 0 0 0 0 0 0]
[1718596625224333279502129444150374935705943097709794305422747623943445153693677252241411634182806197293611121600572040159078332710559931571792102995812224137849729657189168044648263333516610205151050140678288948575525244826483371705595 0 0 0 0 0 0 0 1 0 0 0 0 0 0 0 0 0 0 0 0 0 0 0 0 0 0 0 0 0 0 0 0 0 0 0 0 0 0 0 0 0 0 0 0 0 0 0 0 0 0 0 0 0 0 0 0 0 0 0 0 0 0 0 0 0 0 0 0 0 0 0 0 0 0 0 0 0]
[2267616429115361987843760519448109459087776855138578944023530714438572521977769998178246636892946592729650287522739159241193872246106243149897940081951526092165308742720157043679834970391081690737131534243026589758310506551342750678426 0 0 0 0 0 0 0 0 1 0 0 0 0 0 0 0 0 0 0 0 0 0 0 0 0 0 0 0 0 0 0 0 0 0 0 0 0 0 0 0 0 0 0 0 0 0 0 0 0 0 0 0 0 0 0 0 0 0 0 0 0 0 0 0 0 0 0 0 0 0 0 0 0 0 0 0 0]
[2045467906179265135616299407739435343984559505103655057184954200350850266048899867671139558973036668407307902871377632014160253430948478886756691563543962432587993650172737066036226983522928167353736424129166636425984897407098998461361 0 0 0 0 0 0 0 0 0 1 0 0 0 0 0 0 0 0 0 0 0 0 0 0 0 0 0 0 0 0 0 0 0 0 0 0 0 0 0 0 0 0 0 0 0 0 0 0 0 0 0 0 0 0 0 0 0 0 0 0 0 0 0 0 0 0 0 0 0 0 0 0 0 0 0 0 0]
[4015411210052459908081029740870743015436303635770184889440221381010395924029416801924919521271514137542292505868992303310467152632461971394342164604726158132277256430539826282603474618738141894479739294377901765270995703719203977013145 0 0 0 0 0 0 0 0 0 0 1 0 0 0 0 0 0 0 0 0 0 0 0 0 0 0 0 0 0 0 0 0 0 0 0 0 0 0 0 0 0 0 0 0 0 0 0 0 0 0 0 0 0 0 0 0 0 0 0 0 0 0 0 0 0 0 0 0 0 0 0 0 0 0 0 0 0]
[3306896592451834146293753334410719076519204003568378288480804393533918598985306100728439455654227911292088063436126241863723660584430969090157585551832711100726485557508571563053519141061945401621727228516873333009524895186124798382434 0 0 0 0 0 0 0 0 0 0 0 1 0 0 0 0 0 0 0 0 0 0 0 0 0 0 0 0 0 0 0 0 0 0 0 0 0 0 0 0 0 0 0 0 0 0 0 0 0 0 0 0 0 0 0 0 0 0 0 0 0 0 0 0 0 0 0 0 0 0 0 0 0 0 0 0 0]
[1530596961077500700394176212590814334700485489849064172714528775940117100640801638571224470824499615888826938838543744880492475333188700958762504553077254537073141074594006181307017051770837530437906858965254147335762418829957022317735 0 0 0 0 0 0 0 0 0 0 0 0 1 0 0 0 0 0 0 0 0 0 0 0 0 0 0 0 0 0 0 0 0 0 0 0 0 0 0 0 0 0 0 0 0 0 0 0 0 0 0 0 0 0 0 0 0 0 0 0 0 0 0 0 0 0 0 0 0 0 0 0 0 0 0 0 0]
[352901864772292722284672326016890797022871213463748698943198867457354641504108734709689095262783611637222264116542823845496342317118893385362807768714504992694096292625403084771547574941684011871767847658755023057621908631464367573673 0 0 0 0 0 0 0 0 0 0 0 0 0 1 0 0 0 0 0 0 0 0 0 0 0 0 0 0 0 0 0 0 0 0 0 0 0 0 0 0 0 0 0 0 0 0 0 0 0 0 0 0 0 0 0 0 0 0 0 0 0 0 0 0 0 0 0 0 0 0 0 0 0 0 0 0 0]
[3707372289962648975174045148674282350307233179825944590492967197043756788670786804174449585810789050110205136908947057714073264622749205518643666722707411246850771890805605254936217785865020640447293651154694532061739172929063344254921 0 0 0 0 0 0 0 0 0 0 0 0 0 0 1 0 0 0 0 0 0 0 0 0 0 0 0 0 0 0 0 0 0 0 0 0 0 0 0 0 0 0 0 0 0 0 0 0 0 0 0 0 0 0 0 0 0 0 0 0 0 0 0 0 0 0 0 0 0 0 0 0 0 0 0 0 0]
[2001287132310507270761937296228515122864303757826360708629514116251455210476814518452238044750328353240119955498865299150609357765836324486265144249443065716728340990089741102583017459751234113262589910443283941721655818310464546336996 0 0 0 0 0 0 0 0 0 0 0 0 0 0 0 1 0 0 0 0 0 0 0 0 0 0 0 0 0 0 0 0 0 0 0 0 0 0 0 0 0 0 0 0 0 0 0 0 0 0 0 0 0 0 0 0 0 0 0 0 0 0 0 0 0 0 0 0 0 0 0 0 0 0 0 0 0]
[42654287087378394550191141358097518220774899269546665701776909024793597784908677196736754859572077317718414172961973745463698888000026054746793999533078154365371395230215647813377700252523400974403882211254814971444147355607167455627 0 0 0 0 0 0 0 0 0 0 0 0 0 0 0 0 1 0 0 0 0 0 0 0 0 0 0 0 0 0 0 0 0 0 0 0 0 0 0 0 0 0 0 0 0 0 0 0 0 0 0 0 0 0 0 0 0 0 0 0 0 0 0 0 0 0 0 0 0 0 0 0 0 0 0 0 0]
[1750708571682883786688348021483264867297193667869167424726463878629793536826410690791143408263887439237759296171289062110093146994356061718877557532743730933446692319033110718178164514454216182535060438881644667705161726649321129911225 0 0 0 0 0 0 0 0 0 0 0 0 0 0 0 0 0 1 0 0 0 0 0 0 0 0 0 0 0 0 0 0 0 0 0 0 0 0 0 0 0 0 0 0 0 0 0 0 0 0 0 0 0 0 0 0 0 0 0 0 0 0 0 0 0 0 0 0 0 0 0 0 0 0 0 0 0]
[1811309435146967574369980887868000754296894471736037783110125674381342871774419568421233097423376339194763315224284143586205240332716951923933111991656906232038405402348570882774702608708519944167582649993141888528264506014174234879090 0 0 0 0 0 0 0 0 0 0 0 0 0 0 0 0 0 0 1 0 0 0 0 0 0 0 0 0 0 0 0 0 0 0 0 0 0 0 0 0 0 0 0 0 0 0 0 0 0 0 0 0 0 0 0 0 0 0 0 0 0 0 0 0 0 0 0 0 0 0 0 0 0 0 0 0 0]
[3483925118979879315358644547309754141335210013161127591772081212508073693408937546493955809448856604612895724554654524974677096690799752290965223710207424509904409492238037935261651501739363422891838401802418396729618811128274288561687 0 0 0 0 0 0 0 0 0 0 0 0 0 0 0 0 0 0 0 1 0 0 0 0 0 0 0 0 0 0 0 0 0 0 0 0 0 0 0 0 0 0 0 0 0 0 0 0 0 0 0 0 0 0 0 0 0 0 0 0 0 0 0 0 0 0 0 0 0 0 0 0 0 0 0 0 0]
[11714143526013744514490362916532097839710117092853307474052989288561753304722090213085370709776594698210078650826134619952990054259511518522573792504724477934627052099924592750273817504210105400220300606113702869335341730858237971079 0 0 0 0 0 0 0 0 0 0 0 0 0 0 0 0 0 0 0 0 1 0 0 0 0 0 0 0 0 0 0 0 0 0 0 0 0 0 0 0 0 0 0 0 0 0 0 0 0 0 0 0 0 0 0 0 0 0 0 0 0 0 0 0 0 0 0 0 0 0 0 0 0 0 0 0 0]
[1153508820093453176325921494329755965166684446546935567486244052109928737427044580380840429944183371472640283752807521276258393320384284972367447010198776449789396001439444131324252765096626593956136978759652323922691286465125122860471 0 0 0 0 0 0 0 0 0 0 0 0 0 0 0 0 0 0 0 0 0 1 0 0 0 0 0 0 0 0 0 0 0 0 0 0 0 0 0 0 0 0 0 0 0 0 0 0 0 0 0 0 0 0 0 0 0 0 0 0 0 0 0 0 0 0 0 0 0 0 0 0 0 0 0 0 0]
[1183171094635168149658435878445639774963698012482591495469647881666107385908340618933571765639056730336002494518474843913003880472710234508112269697578429344478801951244090940233749331689177995483248326390367707246571604572765001851067 0 0 0 0 0 0 0 0 0 0 0 0 0 0 0 0 0 0 0 0 0 0 1 0 0 0 0 0 0 0 0 0 0 0 0 0 0 0 0 0 0 0 0 0 0 0 0 0 0 0 0 0 0 0 0 0 0 0 0 0 0 0 0 0 0 0 0 0 0 0 0 0 0 0 0 0 0]
[2774199367895105896910277162495023172333991402860621662524127142267131279473483811727448725385497526424081207433837946597781832622677502571980459222746782319155586490369864172788583450217660683508788530398089746006686165721589134883915 0 0 0 0 0 0 0 0 0 0 0 0 0 0 0 0 0 0 0 0 0 0 0 1 0 0 0 0 0 0 0 0 0 0 0 0 0 0 0 0 0 0 0 0 0 0 0 0 0 0 0 0 0 0 0 0 0 0 0 0 0 0 0 0 0 0 0 0 0 0 0 0 0 0 0 0 0]
[1336906193240617473522237881676093430816557545839799549755382774675513655070118504823272912696817477021976167428342744600164472065735065877944081605292786701568933612796293761229860289461629088357023713384680888333979200071456459064116 0 0 0 0 0 0 0 0 0 0 0 0 0 0 0 0 0 0 0 0 0 0 0 0 1 0 0 0 0 0 0 0 0 0 0 0 0 0 0 0 0 0 0 0 0 0 0 0 0 0 0 0 0 0 0 0 0 0 0 0 0 0 0 0 0 0 0 0 0 0 0 0 0 0 0 0 0]
[286378819888798822222001165529069105655653803443741178742190183237689445047462900862843061608834683869509589547486210664915106461600072638461144868374237394130827098967929551632175341853115993481713830196535216693298862281432270069848 0 0 0 0 0 0 0 0 0 0 0 0 0 0 0 0 0 0 0 0 0 0 0 0 0 1 0 0 0 0 0 0 0 0 0 0 0 0 0 0 0 0 0 0 0 0 0 0 0 0 0 0 0 0 0 0 0 0 0 0 0 0 0 0 0 0 0 0 0 0 0 0 0 0 0 0 0]
[3972426291709782522741898488788838128532201874277072344024071595315823242852031861981785725690313854911729319283815083532659767195574678287921239976769789705688023008904183301893545667311267816194123973948779853606529061471206035741623 0 0 0 0 0 0 0 0 0 0 0 0 0 0 0 0 0 0 0 0 0 0 0 0 0 0 1 0 0 0 0 0 0 0 0 0 0 0 0 0 0 0 0 0 0 0 0 0 0 0 0 0 0 0 0 0 0 0 0 0 0 0 0 0 0 0 0 0 0 0 0 0 0 0 0 0 0]
[169140185790349112172214036642414736852887255122714518282248242050687567128923854696088258238508185169566733423528647591982275794404367340761288075748042149103746803157640666905703152472053050650516971668345698767951835495595154669944 0 0 0 0 0 0 0 0 0 0 0 0 0 0 0 0 0 0 0 0 0 0 0 0 0 0 0 1 0 0 0 0 0 0 0 0 0 0 0 0 0 0 0 0 0 0 0 0 0 0 0 0 0 0 0 0 0 0 0 0 0 0 0 0 0 0 0 0 0 0 0 0 0 0 0 0 0]
[3349367573647977549606459917139277910614859868147021722554247218259684438678039972451804563739939223817128021534601500447356586874482916782672570897568980239864878257957376794745299770269330248181881417046737918493787415089327718514818 0 0 0 0 0 0 0 0 0 0 0 0 0 0 0 0 0 0 0 0 0 0 0 0 0 0 0 0 1 0 0 0 0 0 0 0 0 0 0 0 0 0 0 0 0 0 0 0 0 0 0 0 0 0 0 0 0 0 0 0 0 0 0 0 0 0 0 0 0 0 0 0 0 0 0 0 0]
[2596334059461284815112474565859161561635272043950478911193726831824270103021565673416085290321768192377929106287380563073300171652899779747464713369493210455386039672665364221635561538951623980521684102079095990427475083486170854367011 0 0 0 0 0 0 0 0 0 0 0 0 0 0 0 0 0 0 0 0 0 0 0 0 0 0 0 0 0 1 0 0 0 0 0 0 0 0 0 0 0 0 0 0 0 0 0 0 0 0 0 0 0 0 0 0 0 0 0 0 0 0 0 0 0 0 0 0 0 0 0 0 0 0 0 0 0]
[1457005769080312534129653631730805001632741018087622639402401992111462963161904354238940484912460490008277858987343753656076133771573801652448035971090487841958004067675048858827184833577455260563550853411847708098087114660652704843123 0 0 0 0 0 0 0 0 0 0 0 0 0 0 0 0 0 0 0 0 0 0 0 0 0 0 0 0 0 0 1 0 0 0 0 0 0 0 0 0 0 0 0 0 0 0 0 0 0 0 0 0 0 0 0 0 0 0 0 0 0 0 0 0 0 0 0 0 0 0 0 0 0 0 0 0 0]
[4435702710789386724526362690939347095685331966104014082252576138566466933751803010761429051574168362179415268497888938919106574378660985278130741072290596295356405586845049334914798210971823533752762328191699783665895158193395752019268 0 0 0 0 0 0 0 0 0 0 0 0 0 0 0 0 0 0 0 0 0 0 0 0 0 0 0 0 0 0 0 1 0 0 0 0 0 0 0 0 0 0 0 0 0 0 0 0 0 0 0 0 0 0 0 0 0 0 0 0 0 0 0 0 0 0 0 0 0 0 0 0 0 0 0 0 0]
[2589408565130192173623635542247984226196457041717856054702255973419135516778146117860991845338674715521315041625883852571457173553208872819513439189185301224123362536031603387677246018196162174870329187220235031592487832856411909795480 0 0 0 0 0 0 0 0 0 0 0 0 0 0 0 0 0 0 0 0 0 0 0 0 0 0 0 0 0 0 0 0 1 0 0 0 0 0 0 0 0 0 0 0 0 0 0 0 0 0 0 0 0 0 0 0 0 0 0 0 0 0 0 0 0 0 0 0 0 0 0 0 0 0 0 0 0]
[461043975128699726800953415209713286811891276295612314227627572317938072007795135672330168526297887829261143835117080789966100541032309731572227323043839205454881704657657354640824091726211905739072191821407412254359560627598482807175 0 0 0 0 0 0 0 0 0 0 0 0 0 0 0 0 0 0 0 0 0 0 0 0 0 0 0 0 0 0 0 0 0 1 0 0 0 0 0 0 0 0 0 0 0 0 0 0 0 0 0 0 0 0 0 0 0 0 0 0 0 0 0 0 0 0 0 0 0 0 0 0 0 0 0 0 0]
[827998636566300782335870274990854866869531530494563294521212955308034105453500687678208818824490563362518650949211022077234093921519912020077021607215223078370545525762172873266897450677380508165891018003313015212682064433778438742302 0 0 0 0 0 0 0 0 0 0 0 0 0 0 0 0 0 0 0 0 0 0 0 0 0 0 0 0 0 0 0 0 0 0 1 0 0 0 0 0 0 0 0 0 0 0 0 0 0 0 0 0 0 0 0 0 0 0 0 0 0 0 0 0 0 0 0 0 0 0 0 0 0 0 0 0 0]
[3095542732598040797821021806364339337437267247031525433475381364179583296855326750026853665053395486550095433314446556328422182618231050878670643037017762927348825912322781061442334386885800365975616049156868085862336917352855666651458 0 0 0 0 0 0 0 0 0 0 0 0 0 0 0 0 0 0 0 0 0 0 0 0 0 0 0 0 0 0 0 0 0 0 0 1 0 0 0 0 0 0 0 0 0 0 0 0 0 0 0 0 0 0 0 0 0 0 0 0 0 0 0 0 0 0 0 0 0 0 0 0 0 0 0 0 0]
[4940688761926019289755303293348807650029640087300119218538177166278133629990335096516043566237988220210830927031818523708632050293579349118310196593120563052976806482387612885754694790230074564900358216706589934735614888016379815550875 0 0 0 0 0 0 0 0 0 0 0 0 0 0 0 0 0 0 0 0 0 0 0 0 0 0 0 0 0 0 0 0 0 0 0 0 1 0 0 0 0 0 0 0 0 0 0 0 0 0 0 0 0 0 0 0 0 0 0 0 0 0 0 0 0 0 0 0 0 0 0 0 0 0 0 0 0]
[4034733702458489136435170945583726465418869217028883424637157300741673778596048125881471692209752467882364399343341566197930794854062624247680701653224526955512922641704570322760419309814921237550340632152517688386896340674924479825542 0 0 0 0 0 0 0 0 0 0 0 0 0 0 0 0 0 0 0 0 0 0 0 0 0 0 0 0 0 0 0 0 0 0 0 0 0 1 0 0 0 0 0 0 0 0 0 0 0 0 0 0 0 0 0 0 0 0 0 0 0 0 0 0 0 0 0 0 0 0 0 0 0 0 0 0 0]
[4762984146462531270968403495696055668799453421469375528292114017811364295346299506133440788902772525231742257159117200481847355958880423878279844291500557965649049307853018749049882394842548049117050238836750529723837676839290575746307 0 0 0 0 0 0 0 0 0 0 0 0 0 0 0 0 0 0 0 0 0 0 0 0 0 0 0 0 0 0 0 0 0 0 0 0 0 0 1 0 0 0 0 0 0 0 0 0 0 0 0 0 0 0 0 0 0 0 0 0 0 0 0 0 0 0 0 0 0 0 0 0 0 0 0 0 0]
[585343469682784575368362020904469149818084740549692343375798082533142491179451056074063517812704753368101642149685088331770681190734142881653121288346120357864893896564578441012408033481561688903174275893317165806133935593562369104803 0 0 0 0 0 0 0 0 0 0 0 0 0 0 0 0 0 0 0 0 0 0 0 0 0 0 0 0 0 0 0 0 0 0 0 0 0 0 0 1 0 0 0 0 0 0 0 0 0 0 0 0 0 0 0 0 0 0 0 0 0 0 0 0 0 0 0 0 0 0 0 0 0 0 0 0 0]
[677523879993720372630145593551251181610355195311537156703126958972407965535154192834022622684729018485110233876706715571114982516553909351114202639955327744819174357795571093205200612261464777320713158404640997183195038448677694135142 0 0 0 0 0 0 0 0 0 0 0 0 0 0 0 0 0 0 0 0 0 0 0 0 0 0 0 0 0 0 0 0 0 0 0 0 0 0 0 0 1 0 0 0 0 0 0 0 0 0 0 0 0 0 0 0 0 0 0 0 0 0 0 0 0 0 0 0 0 0 0 0 0 0 0 0 0]
[748738653909095832955985331414462632718497628188825776041404599719029582523877453704635622397112007331115960856721074857365864682518428627975415895770525523285689687623018489455312181782204260432602666184521437403494142542983581426985 0 0 0 0 0 0 0 0 0 0 0 0 0 0 0 0 0 0 0 0 0 0 0 0 0 0 0 0 0 0 0 0 0 0 0 0 0 0 0 0 0 1 0 0 0 0 0 0 0 0 0 0 0 0 0 0 0 0 0 0 0 0 0 0 0 0 0 0 0 0 0 0 0 0 0 0 0]
[155238473652575405784519987922899537172545076926226273902547908044224421604011404759264751358974887358637773503568508366689934718819631136791385427810933875871171880791185066733888887034141575422612590486949205718174236599914731045830 0 0 0 0 0 0 0 0 0 0 0 0 0 0 0 0 0 0 0 0 0 0 0 0 0 0 0 0 0 0 0 0 0 0 0 0 0 0 0 0 0 0 1 0 0 0 0 0 0 0 0 0 0 0 0 0 0 0 0 0 0 0 0 0 0 0 0 0 0 0 0 0 0 0 0 0 0]
[1315183609402935752595322826419257159195749933218918954813724631719671445972227187528864399497255085102447703965265574751493416166689869464432019845181760213490351167058253513532137703337382236937727663603236301029848551832093001956270 0 0 0 0 0 0 0 0 0 0 0 0 0 0 0 0 0 0 0 0 0 0 0 0 0 0 0 0 0 0 0 0 0 0 0 0 0 0 0 0 0 0 0 1 0 0 0 0 0 0 0 0 0 0 0 0 0 0 0 0 0 0 0 0 0 0 0 0 0 0 0 0 0 0 0 0 0]
[5037024795447415036212433021310494338402276912712717449332973098616215836754100216442652943498186972557065860849617800611961564124256473377942541242020934061712492298472741606048027735082785978783779747979834621947350372371710257098693 0 0 0 0 0 0 0 0 0 0 0 0 0 0 0 0 0 0 0 0 0 0 0 0 0 0 0 0 0 0 0 0 0 0 0 0 0 0 0 0 0 0 0 0 1 0 0 0 0 0 0 0 0 0 0 0 0 0 0 0 0 0 0 0 0 0 0 0 0 0 0 0 0 0 0 0 0]
[3874235313092208098756167848517551303880704867052134616105183407868384487576842395963380465778240576266299043191277629223556921520092904672714892900388058817294046438911193977347314158433351443862665436783993714596989218782483268099486 0 0 0 0 0 0 0 0 0 0 0 0 0 0 0 0 0 0 0 0 0 0 0 0 0 0 0 0 0 0 0 0 0 0 0 0 0 0 0 0 0 0 0 0 0 1 0 0 0 0 0 0 0 0 0 0 0 0 0 0 0 0 0 0 0 0 0 0 0 0 0 0 0 0 0 0 0]
[2815286836396957266453608031057401169444051076948879439146161836891931761343567330810828259736450988841062573108054461805961924116175688343182679153695430300368190140466174509928673465516993159127071786905369723330144879023375707822852 0 0 0 0 0 0 0 0 0 0 0 0 0 0 0 0 0 0 0 0 0 0 0 0 0 0 0 0 0 0 0 0 0 0 0 0 0 0 0 0 0 0 0 0 0 0 1 0 0 0 0 0 0 0 0 0 0 0 0 0 0 0 0 0 0 0 0 0 0 0 0 0 0 0 0 0 0]
[1650430280130513592979970189607105993591593993470141662382090488416718849122989085985400830837881889685092405903578629785118680210258535471805153352945223041071470148373052864508998044607137669629958332432643153177991653912338649885867 0 0 0 0 0 0 0 0 0 0 0 0 0 0 0 0 0 0 0 0 0 0 0 0 0 0 0 0 0 0 0 0 0 0 0 0 0 0 0 0 0 0 0 0 0 0 0 1 0 0 0 0 0 0 0 0 0 0 0 0 0 0 0 0 0 0 0 0 0 0 0 0 0 0 0 0 0]
[1129376549510322943556454236317329985645975350902309231383187233580976494766650095941064862775759660038972085228580200028136022395962321611502371896583904522178351299956650106859680051012525524422888690929193361983113845876461305276821 0 0 0 0 0 0 0 0 0 0 0 0 0 0 0 0 0 0 0 0 0 0 0 0 0 0 0 0 0 0 0 0 0 0 0 0 0 0 0 0 0 0 0 0 0 0 0 0 1 0 0 0 0 0 0 0 0 0 0 0 0 0 0 0 0 0 0 0 0 0 0 0 0 0 0 0 0]
[823541357472933867067408007776319007933403536794463339389534633012876015725077094929003102868860711611994398615350675050843200110338664776109473661676215517095544500562134621714544605525471829158632714208280537054509550641509600519859 0 0 0 0 0 0 0 0 0 0 0 0 0 0 0 0 0 0 0 0 0 0 0 0 0 0 0 0 0 0 0 0 0 0 0 0 0 0 0 0 0 0 0 0 0 0 0 0 0 1 0 0 0 0 0 0 0 0 0 0 0 0 0 0 0 0 0 0 0 0 0 0 0 0 0 0 0]
[4296689496615934988694282808176094703108140541891596738611405287129172253800737500676423591530786071712333846296652182533570492022560450547825047685484748368809273977690028987298356406059258493805059992868165643996592814433643370166875 0 0 0 0 0 0 0 0 0 0 0 0 0 0 0 0 0 0 0 0 0 0 0 0 0 0 0 0 0 0 0 0 0 0 0 0 0 0 0 0 0 0 0 0 0 0 0 0 0 0 1 0 0 0 0 0 0 0 0 0 0 0 0 0 0 0 0 0 0 0 0 0 0 0 0 0 0]
[2284732460317296492071705803797287761419059615217490853377615906396016186919073374691331882063080578381117327931193046646573157899620011304562819319238504792519562489439552995934237700511298450370128691463411098527343843917305025151297 0 0 0 0 0 0 0 0 0 0 0 0 0 0 0 0 0 0 0 0 0 0 0 0 0 0 0 0 0 0 0 0 0 0 0 0 0 0 0 0 0 0 0 0 0 0 0 0 0 0 0 1 0 0 0 0 0 0 0 0 0 0 0 0 0 0 0 0 0 0 0 0 0 0 0 0 0]
[2295701945785802958291760796956359095718293084179004692856677083528084290816472648306799074348410218574082206161997037958057958155806192710161688584259677936697807900946707556317554544302454416448836357833756376118031570808153328839435 0 0 0 0 0 0 0 0 0 0 0 0 0 0 0 0 0 0 0 0 0 0 0 0 0 0 0 0 0 0 0 0 0 0 0 0 0 0 0 0 0 0 0 0 0 0 0 0 0 0 0 0 1 0 0 0 0 0 0 0 0 0 0 0 0 0 0 0 0 0 0 0 0 0 0 0 0]
[555719771414400337179461621783078391525312990982259925536711607401601092562199931998198046510402039534311640190722032707987518594023811772756027202891649534779434337293799430624082203633879665307074885764599210356843712632222788775271 0 0 0 0 0 0 0 0 0 0 0 0 0 0 0 0 0 0 0 0 0 0 0 0 0 0 0 0 0 0 0 0 0 0 0 0 0 0 0 0 0 0 0 0 0 0 0 0 0 0 0 0 0 1 0 0 0 0 0 0 0 0 0 0 0 0 0 0 0 0 0 0 0 0 0 0 0]
[586276801226595917996708590320484873403572613827216613739011545165053939809914751314284237196272378497670991652672731900656919853230968212237573142038928057583973072360139848695810444952753845055743348982494876342414442070186602092173 0 0 0 0 0 0 0 0 0 0 0 0 0 0 0 0 0 0 0 0 0 0 0 0 0 0 0 0 0 0 0 0 0 0 0 0 0 0 0 0 0 0 0 0 0 0 0 0 0 0 0 0 0 0 1 0 0 0 0 0 0 0 0 0 0 0 0 0 0 0 0 0 0 0 0 0 0]
[3417912399375495778085376759711845903195439388515501835639776979851717909385163155617458546195812813804756417192847506481656788968309270350140644470436594270017960235124314406869841517444010396120418227246181743086604928042546142607928 0 0 0 0 0 0 0 0 0 0 0 0 0 0 0 0 0 0 0 0 0 0 0 0 0 0 0 0 0 0 0 0 0 0 0 0 0 0 0 0 0 0 0 0 0 0 0 0 0 0 0 0 0 0 0 1 0 0 0 0 0 0 0 0 0 0 0 0 0 0 0 0 0 0 0 0 0]
[1207323032592024147538903713148373505323318997964513538905899337923103199311742901041703192030538347574073399534619752590723509763473129788591503146735275026981953312080831251678227260110552568046679444586796171285235339910535292770682 0 0 0 0 0 0 0 0 0 0 0 0 0 0 0 0 0 0 0 0 0 0 0 0 0 0 0 0 0 0 0 0 0 0 0 0 0 0 0 0 0 0 0 0 0 0 0 0 0 0 0 0 0 0 0 0 1 0 0 0 0 0 0 0 0 0 0 0 0 0 0 0 0 0 0 0 0]
[2290325879252380297873144531268826963501668306716776409855800620957903593179319953409973620529479537155403486379470395834574252616902570407595006373764192948692260714065676972771803493830319216791607083331124800310862568800290973472105 0 0 0 0 0 0 0 0 0 0 0 0 0 0 0 0 0 0 0 0 0 0 0 0 0 0 0 0 0 0 0 0 0 0 0 0 0 0 0 0 0 0 0 0 0 0 0 0 0 0 0 0 0 0 0 0 0 1 0 0 0 0 0 0 0 0 0 0 0 0 0 0 0 0 0 0 0]
[1412482409441440501842749959894987645456855715961191688330077787408295229691387872184932846821098061074855482325059105011939349039209990869046606018283150030481156153169347635798433151126099967223913480333710892821283861993714715328316 0 0 0 0 0 0 0 0 0 0 0 0 0 0 0 0 0 0 0 0 0 0 0 0 0 0 0 0 0 0 0 0 0 0 0 0 0 0 0 0 0 0 0 0 0 0 0 0 0 0 0 0 0 0 0 0 0 0 1 0 0 0 0 0 0 0 0 0 0 0 0 0 0 0 0 0 0]
[2360117664640120205464514257947751914072904887683390213234923858329673087645135067079986998041420905327306399322262751672054664360244292496174325225377440489033869197500822341106885877345966229296478065442677676888405946125233362421620 0 0 0 0 0 0 0 0 0 0 0 0 0 0 0 0 0 0 0 0 0 0 0 0 0 0 0 0 0 0 0 0 0 0 0 0 0 0 0 0 0 0 0 0 0 0 0 0 0 0 0 0 0 0 0 0 0 0 0 1 0 0 0 0 0 0 0 0 0 0 0 0 0 0 0 0 0]
[3086633484817388626751860155288740313439698186160891511639787540375638683119680413810014580405782269695275981614396337762695898895110462445828144456663891684858313576314579185964449469560795603901460135095635441169998537319106521498914 0 0 0 0 0 0 0 0 0 0 0 0 0 0 0 0 0 0 0 0 0 0 0 0 0 0 0 0 0 0 0 0 0 0 0 0 0 0 0 0 0 0 0 0 0 0 0 0 0 0 0 0 0 0 0 0 0 0 0 0 1 0 0 0 0 0 0 0 0 0 0 0 0 0 0 0 0]
[3720127806888552245463186898683716068408481284439389524577408563142462172826103133187744860874470170327110270197233690566269025469307553502419410921798902617079759395824532831581112006050759090135214836786392968916356013879409904585562 0 0 0 0 0 0 0 0 0 0 0 0 0 0 0 0 0 0 0 0 0 0 0 0 0 0 0 0 0 0 0 0 0 0 0 0 0 0 0 0 0 0 0 0 0 0 0 0 0 0 0 0 0 0 0 0 0 0 0 0 0 1 0 0 0 0 0 0 0 0 0 0 0 0 0 0 0]
[2938644376304780266933248039849332175475008540918629062419139051350501217373692260485030468780513937804069711631971410799217556940989787949708849305896847093510952735731993390404078711936161673301619169907062192200505686911819606509998 0 0 0 0 0 0 0 0 0 0 0 0 0 0 0 0 0 0 0 0 0 0 0 0 0 0 0 0 0 0 0 0 0 0 0 0 0 0 0 0 0 0 0 0 0 0 0 0 0 0 0 0 0 0 0 0 0 0 0 0 0 0 1 0 0 0 0 0 0 0 0 0 0 0 0 0 0]
[2619286077197813109726901457529412925174605495521288194694043944110717334621579751789466505154783707334802565783262135684605707100639142622319744520374419912848448968948913891665040824358721927683781583724020668501176341007290625609725 0 0 0 0 0 0 0 0 0 0 0 0 0 0 0 0 0 0 0 0 0 0 0 0 0 0 0 0 0 0 0 0 0 0 0 0 0 0 0 0 0 0 0 0 0 0 0 0 0 0 0 0 0 0 0 0 0 0 0 0 0 0 0 1 0 0 0 0 0 0 0 0 0 0 0 0 0]
[3949530881073858833461241011902741418634437793494518165836560946420840412469732297416973006502415255365641441295494351499808653470614780225516549669820949278120244017063879212453220942983100648019619914893792830086648943960004242474984 0 0 0 0 0 0 0 0 0 0 0 0 0 0 0 0 0 0 0 0 0 0 0 0 0 0 0 0 0 0 0 0 0 0 0 0 0 0 0 0 0 0 0 0 0 0 0 0 0 0 0 0 0 0 0 0 0 0 0 0 0 0 0 0 1 0 0 0 0 0 0 0 0 0 0 0 0]
[3467969670467143378067032680800521624721050401913570440010223373674475973976129819118615302144344580843685915183358109368044992605653020164844374476929367743174971533004808998493083523953429033286827942929165058832091437439732848531370 0 0 0 0 0 0 0 0 0 0 0 0 0 0 0 0 0 0 0 0 0 0 0 0 0 0 0 0 0 0 0 0 0 0 0 0 0 0 0 0 0 0 0 0 0 0 0 0 0 0 0 0 0 0 0 0 0 0 0 0 0 0 0 0 0 1 0 0 0 0 0 0 0 0 0 0 0]
[818512511308930815173442068709390859144258404174598395935382734542498003124432901433584417742094948535175759188783585751983999583224411192733146509591752244291288424865885774047550452278574594715684653958531923784518571105830638093414 0 0 0 0 0 0 0 0 0 0 0 0 0 0 0 0 0 0 0 0 0 0 0 0 0 0 0 0 0 0 0 0 0 0 0 0 0 0 0 0 0 0 0 0 0 0 0 0 0 0 0 0 0 0 0 0 0 0 0 0 0 0 0 0 0 0 1 0 0 0 0 0 0 0 0 0 0]
[3681660323823706166449265946870633947415685585103060769353755252401953120811955433957940189204473865597604276925226368249427760190636943227543159864923569409259443378796781883823353450082450841773576278767968454431744139952552684766088 0 0 0 0 0 0 0 0 0 0 0 0 0 0 0 0 0 0 0 0 0 0 0 0 0 0 0 0 0 0 0 0 0 0 0 0 0 0 0 0 0 0 0 0 0 0 0 0 0 0 0 0 0 0 0 0 0 0 0 0 0 0 0 0 0 0 0 1 0 0 0 0 0 0 0 0 0]
[1440334481062599212196594539144678363944758827629660020848700377717280476418029174596766975051079992375694609185746956604311499853336952383680300270055512462398805294331176194753336440286103005958130130829671320121447321307537852531971 0 0 0 0 0 0 0 0 0 0 0 0 0 0 0 0 0 0 0 0 0 0 0 0 0 0 0 0 0 0 0 0 0 0 0 0 0 0 0 0 0 0 0 0 0 0 0 0 0 0 0 0 0 0 0 0 0 0 0 0 0 0 0 0 0 0 0 0 1 0 0 0 0 0 0 0 0]
[219700271924273480018133537695332387138695342006727989291382930210880569613449531896123887424165107408079603373566149062681142427769078527933524232396879205226464577674410258855192313693626679319353965722997310111808249945143402493712 0 0 0 0 0 0 0 0 0 0 0 0 0 0 0 0 0 0 0 0 0 0 0 0 0 0 0 0 0 0 0 0 0 0 0 0 0 0 0 0 0 0 0 0 0 0 0 0 0 0 0 0 0 0 0 0 0 0 0 0 0 0 0 0 0 0 0 0 0 1 0 0 0 0 0 0 0]
[635833834993806289709691315102903754049692146943740150328268861940297861225659154508444254899171311642547444866215015255458168857404824506036175164808483381014798090232662235680014762271726219062036074756108389288113166871213646486591 0 0 0 0 0 0 0 0 0 0 0 0 0 0 0 0 0 0 0 0 0 0 0 0 0 0 0 0 0 0 0 0 0 0 0 0 0 0 0 0 0 0 0 0 0 0 0 0 0 0 0 0 0 0 0 0 0 0 0 0 0 0 0 0 0 0 0 0 0 0 1 0 0 0 0 0 0]
[1119858495362790994903727372302626540569548201782009100245868468734290228056863879388400202005414876407754482881561150257333550417056216464656959798189022204324642498582746236629755960754555297358875626455109477366403717280119976557380 0 0 0 0 0 0 0 0 0 0 0 0 0 0 0 0 0 0 0 0 0 0 0 0 0 0 0 0 0 0 0 0 0 0 0 0 0 0 0 0 0 0 0 0 0 0 0 0 0 0 0 0 0 0 0 0 0 0 0 0 0 0 0 0 0 0 0 0 0 0 0 1 0 0 0 0 0]
[3472078295760014260261692450000345179701697174925079392523405128761932761720984950801853709011826641488081136835336980612669410853541604589372061165887463892658993737995183695198350281761454380499314629709386444295330571810550594101094 0 0 0 0 0 0 0 0 0 0 0 0 0 0 0 0 0 0 0 0 0 0 0 0 0 0 0 0 0 0 0 0 0 0 0 0 0 0 0 0 0 0 0 0 0 0 0 0 0 0 0 0 0 0 0 0 0 0 0 0 0 0 0 0 0 0 0 0 0 0 0 0 1 0 0 0 0]
[1640985689253241253493760225750666019301688777368335024283774801270990300751250338735551366405477551935535237281171955495539597513663178939269638875417956200325164917715500644710077900956031345188724113592300577563594164000520027297490 0 0 0 0 0 0 0 0 0 0 0 0 0 0 0 0 0 0 0 0 0 0 0 0 0 0 0 0 0 0 0 0 0 0 0 0 0 0 0 0 0 0 0 0 0 0 0 0 0 0 0 0 0 0 0 0 0 0 0 0 0 0 0 0 0 0 0 0 0 0 0 0 0 1 0 0 0]
[3170051090235443477552246155628691581169321270705025429748820007088951817277335630843368997761399313868392038338977180920868730446067031128987744185499357835842457042022227555972653396188864560450178381949818461079249017396325882606354 0 0 0 0 0 0 0 0 0 0 0 0 0 0 0 0 0 0 0 0 0 0 0 0 0 0 0 0 0 0 0 0 0 0 0 0 0 0 0 0 0 0 0 0 0 0 0 0 0 0 0 0 0 0 0 0 0 0 0 0 0 0 0 0 0 0 0 0 0 0 0 0 0 0 1 0 0]
[490149223917766709841407714543978062188002809905681120343805078392118935924703198883228209072415157806305744693254862371922446546499463448821364253382337843693002043373014302183827228739335919233803971506822128887114926385671431602305 0 0 0 0 0 0 0 0 0 0 0 0 0 0 0 0 0 0 0 0 0 0 0 0 0 0 0 0 0 0 0 0 0 0 0 0 0 0 0 0 0 0 0 0 0 0 0 0 0 0 0 0 0 0 0 0 0 0 0 0 0 0 0 0 0 0 0 0 0 0 0 0 0 0 0 1 0]
[227311469194279485059916800211716890423033081142383530496018051423676007656758540970961688674734731406348681783340418438161103002567338870299333161889574716173313895323879340892943794158715093836461208963155877695573115713334593518277 0 0 0 0 0 0 0 0 0 0 0 0 0 0 0 0 0 0 0 0 0 0 0 0 0 0 0 0 0 0 0 0 0 0 0 0 0 0 0 0 0 0 0 0 0 0 0 0 0 0 0 0 0 0 0 0 0 0 0 0 0 0 0 0 0 0 0 0 0 0 0 0 0 0 0 0 1]
]
78 79 2
[1 1 1 1 1 1 1 1 1 1 1 1 1 1 1 1 1 1 1 1 1 1 1 1 1 1 1 1 1 1 1 1 1 1 1 1 1 1 1 1 1 1 1 1 1 1 1 1 1 1 1 1 1 1 1 1 1 1 1 1 1 1 1 1 1 1 1 1 1 1 1 1 1 1 1 1 1 1 1]
