[[5552825559903717528596414274536897705035813879760523062464689383899174686898525263327700012604588105404575160752021765160020097432834634250682771045144240930541807474120890917453717100289818397524947034899895506568151204697957032511671 0 0 0 0 0 0 0 0 0 0 0 0 0 0 0 0 0 0 0 0 0 0 0 0 0 0 0 0 0 0 0 0 0 0 0 0 0 0 0 0 0 0 0 0 0 0 0 0 0 0 0 0 0 0 0 0 0 0 0 0 0 0 0 0 0 0 0 0 0 0 0 0 0 0 0 0 0]
[2335082694666119216009075383667184824485860502134004027692276896643180552712033282255487668116625102506815377245980975211624846350844345354610539895747734701302722988394139268064816381902801068419837477337135267953661604882424350324104 1 0 0 0 0 0 0 0 0 0 0 0 0 0 0 0 0 0 0 0 0 0 0 0 0 0 0 0 0 0 0 0 0 0 0 0 0 0 0 0 0 0 0 0 0 0 0 0 0 0 0 0 0 0 0 0 0 0 0 0 0 0 0 0 0 0 0 0 0 0 0 0 0 0 0 0 0]
[4373446578901389528802834953336407475557521013630252916053586012408753967387804015973222614217987803952534737075856585642295607614233121348258017799092405496841476497432005787624979650849058939774534520603984969891176377185536797686597 0 1 0 0 0 0 0 0 0 0 0 0 0 0 0 0 0 0 0 0 0 0 0 0 0 0 0 0 0 0 0 0 0 0 0 0 0 0 0 0 0 0 0 0 0 0 0 0 0 0 0 0 0 0 0 0 0 0 0 0 0 0 0 0 0 0 0 0 0 0 0 0 0 0 0 0 0]
[4685826671776909235395241328207446196961936847412036235904157837967537242363937016074352708174701307553387032787866009661085696006490986374080355192265940152737626938230584196631442114874324422129497568475637997527849641869504410114196 0 0 1 0 0 0 0 0 0 0 0 0 0 0 0 0 0 0 0 0 0 0 0 0 0 0 0 0 0 0 0 0 0 0 0 0 0 0 0 0 0 0 0 0 0 0 0 0 0 0 0 0 0 0 0 0 0 0 0 0 0 0 0 0 0 0 0 0 0 0 0 0 0 0 0 0 0]
[4483325148279268348647303487903852462094729002831439309688233911076512951040910819253128806108904929311138464571212451975782087636287990179274528664521155069747300142462178618364537158449869443061999241687859405296911182947506446157047 0 0 0 1 0 0 0 0 0 0 0 0 0 0 0 0 0 0 0 0 0 0 0 0 0 0 0 0 0 0 0 0 0 0 0 0 0 0 0 0 0 0 0 0 0 0 0 0 0 0 0 0 0 0 0 0 0 0 0 0 0 0 0 0 0 0 0 0 0 0 0 0 0 0 0 0 0]
[3585563439420192453195438250392909337992628726819112838102357207406165382778708373013339136685545261931753673937538307756164722971323201807393819700823362066393004675825530585521973475199853322028045131232954924703794466643070068767647 0 0 0 0 1 0 0 0 0 0 0 0 0 0 0 0 0 0 0 0 0 0 0 0 0 0 0 0 0 0 0 0 0 0 0 0 0 0 0 0 0 0 0 0 0 0 0 0 0 0 0 0 0 0 0 0 0 0 0 0 0 0 0 0 0 0 0 0 0 0 0 0 0 0 0 0 0]
[4096344024343960606989094574910589518922844301851601232052583051057300008995366201876167531592595540998313551396009447784771499412053249864678863612999851775772251130369009235624775202710422574680346195117584120081832950870855207991827 0 0 0 0 0 1 0 0 0 0 0 0 0 0 0 0 0 0 0 0 0 0 0 0 0 0 0 0 0 0 0 0 0 0 0 0 0 0 0 0 0 0 0 0 0 0 0 0 0 0 0 0 0 0 0 0 0 0 0 0 0 0 0 0 0 0 0 0 0 0 0 0 0 0 0 0 0]
[5325496012983152127364621864870328973895141360891006446081766636057634729751445178072542786798031021813912973116341723420450936299305429950676559257261626980182079682059946219815221901734769768562788643270032917196521940331324127644342 0 0 0 0 0 0 1 0 0 0 0 0 0 0 0 0 0 0 0 0 0 0 0 0 0 0 0 0 0 0 0 0 0 0 0 0 0 0 0 0 0 0 0 0 0 0 0 0 0 0 0 0 0 0 0 0 0 0 0 0 0 0 0 0 0 0 0 0 0 0 0 0 0 0 0 0 0]
[1658454310132033756411075808506730598662446048927204460426283330095789134593794737861827355868454718660384600034511951363964967823924713107779179093749302937345368334159578845538429177396637897506523306701499895705038735074708456629831 0 0 0 0 0 0 0 1 0 0 0 0 0 0 0 0 0 0 0 0 0 0 0 0 0 0 0 0 0 0 0 0 0 0 0 0 0 0 0 0 0 0 0 0 0 0 0 0 0 0 0 0 0 0 0 0 0 0 0 0 0 0 0 0 0 0 0 0 0 0 0 0 0 0 0 0 0]
[523626104110098666619151005322983469637394801081597999045433294731923306059885212182298322075193209885116355985985959952612174221581693773688055158029052912260827910429080710170943375839754212763048557928360252284093354500077524914692 0 0 0 0 0 0 0 0 1 0 0 0 0 0 0 0 0 0 0 0 0 0 0 0 0 0 0 0 0 0 0 0 0 0 0 0 0 0 0 0 0 0 0 0 0 0 0 0 0 0 0 0 0 0 0 0 0 0 0 0 0 0 0 0 0 0 0 0 0 0 0 0 0 0 0 0 0]
[3176404069282210689206499567681240080105139148832946685736482569688230393037139837757487269791325344710894719150608174246446890685508297741650834743096416175710944206787068855895577337480727807720681794592217332316648616626714660170860 0 0 0 0 0 0 0 0 0 1 0 0 0 0 0 0 0 0 0 0 0 0 0 0 0 0 0 0 0 0 0 0 0 0 0 0 0 0 0 0 0 0 0 0 0 0 0 0 0 0 0 0 0 0 0 0 0 0 0 0 0 0 0 0 0 0 0 0 0 0 0 0 0 0 0 0 0]
[1301648788784965867116583986701025349076156914620709854781626368414207734099104870801834350412615345143339303116563884215109037698014120966132143342325325952101044280482087016334634430215741313523141177817887627850225311666083365984352 0 0 0 0 0 0 0 0 0 0 1 0 0 0 0 0 0 0 0 0 0 0 0 0 0 0 0 0 0 0 0 0 0 0 0 0 0 0 0 0 0 0 0 0 0 0 0 0 0 0 0 0 0 0 0 0 0 0 0 0 0 0 0 0 0 0 0 0 0 0 0 0 0 0 0 0 0]
[1665277563794945717276367833552860848565226532542467401177624769792082367886738860497435046296259160725682682091553368317834963860175348130134581680871479386809272746992303194432394820358537350436831046199631713889550493809515461208480 0 0 0 0 0 0 0 0 0 0 0 1 0 0 0 0 0 0 0 0 0 0 0 0 0 0 0 0 0 0 0 0 0 0 0 0 0 0 0 0 0 0 0 0 0 0 0 0 0 0 0 0 0 0 0 0 0 0 0 0 0 0 0 0 0 0 0 0 0 0 0 0 0 0 0 0 0]
[2259486779601435485256762967025467744430155722697272204974395125710588769080621368000710942396448213447129941344545385014421077943104153155601411284271422502131930204357677016719700401519930689024417587374462776848220345438540177968675 0 0 0 0 0 0 0 0 0 0 0 0 1 0 0 0 0 0 0 0 0 0 0 0 0 0 0 0 0 0 0 0 0 0 0 0 0 0 0 0 0 0 0 0 0 0 0 0 0 0 0 0 0 0 0 0 0 0 0 0 0 0 0 0 0 0 0 0 0 0 0 0 0 0 0 0 0]
[4965871711393682666806293993859636245143066455151498134622851807193598212509466280868994859684147800597191264284896523141698369649187773188711339801901312960996575776268341788598591815769279757213772362890802265128649308816091069252343 0 0 0 0 0 0 0 0 0 0 0 0 0 1 0 0 0 0 0 0 0 0 0 0 0 0 0 0 0 0 0 0 0 0 0 0 0 0 0 0 0 0 0 0 0 0 0 0 0 0 0 0 0 0 0 0 0 0 0 0 0 0 0 0 0 0 0 0 0 0 0 0 0 0 0 0 0]
[4736523868912202347501252835471992196719612570620765265466682761661149818150982575916422455305636441343391123991238849085094905537658725795373785513984993448317422643718684158556951816331086185521527641751107169369521879886289543617548 0 0 0 0 0 0 0 0 0 0 0 0 0 0 1 0 0 0 0 0 0 0 0 0 0 0 0 0 0 0 0 0 0 0 0 0 0 0 0 0 0 0 0 0 0 0 0 0 0 0 0 0 0 0 0 0 0 0 0 0 0 0 0 0 0 0 0 0 0 0 0 0 0 0 0 0 0]
[5135547641479056511422195933267754684233528951221782007533275473278128202305840492813560069689727038174256395879113073305386037945996838238438920032444892081773197414215055125778064196883041770194317775204624560005568104654175356126732 0 0 0 0 0 0 0 0 0 0 0 0 0 0 0 1 0 0 0 0 0 0 0 0 0 0 0 0 0 0 0 0 0 0 0 0 0 0 0 0 0 0 0 0 0 0 0 0 0 0 0 0 0 0 0 0 0 0 0 0 0 0 0 0 0 0 0 0 0 0 0 0 0 0 0 0 0]
[4052279963440863337383547544741213784926150432074782727956429336604591251440263917458442437078457621196189174507325673734341993139649272240037523065915699992497146544564743833362031615879113279863646685232436145177854376545358603545779 0 0 0 0 0 0 0 0 0 0 0 0 0 0 0 0 1 0 0 0 0 0 0 0 0 0 0 0 0 0 0 0 0 0 0 0 0 0 0 0 0 0 0 0 0 0 0 0 0 0 0 0 0 0 0 0 0 0 0 0 0 0 0 0 0 0 0 0 0 0 0 0 0 0 0 0 0]
[3610401439983743943150102716359989789721369517360476371581252560747357867361431629844731769336352010680899820485832901310028884006460536238638669235645334881855881301066773734339433116070537167288972894214392795289730138688360788186866 0 0 0 0 0 0 0 0 0 0 0 0 0 0 0 0 0 1 0 0 0 0 0 0 0 0 0 0 0 0 0 0 0 0 0 0 0 0 0 0 0 0 0 0 0 0 0 0 0 0 0 0 0 0 0 0 0 0 0 0 0 0 0 0 0 0 0 0 0 0 0 0 0 0 0 0 0]
[2908575431441110400773580062107278696099691098622205046292076729550297414982522508032244201150263272507518982612174150675065849853686390922923432652635903074716200863387334164842227978634837938673607321592334264399200101443043210080694 0 0 0 0 0 0 0 0 0 0 0 0 0 0 0 0 0 0 1 0 0 0 0 0 0 0 0 0 0 0 0 0 0 0 0 0 0 0 0 0 0 0 0 0 0 0 0 0 0 0 0 0 0 0 0 0 0 0 0 0 0 0 0 0 0 0 0 0 0 0 0 0 0 0 0 0 0]
[2148139013399828502672646258406660314022107171256131778072372904926055412374290339786385796169881031210305915926759408992587849660345386883580684262730547888941840364843725191535217361214375782293902171535173191524087079941634873186594 0 0 0 0 0 0 0 0 0 0 0 0 0 0 0 0 0 0 0 1 0 0 0 0 0 0 0 0 0 0 0 0 0 0 0 0 0 0 0 0 0 0 0 0 0 0 0 0 0 0 0 0 0 0 0 0 0 0 0 0 0 0 0 0 0 0 0 0 0 0 0 0 0 0 0 0 0]
[3739152914071873978686427130378205348819170925620475839694459247631346223146285518038207491206857701756433409539051084622975887749016622752175371561675038270075541491236984336728022385308423729105812398276206675794310436015596157614366 0 0 0 0 0 0 0 0 0 0 0 0 0 0 0 0 0 0 0 0 1 0 0 0 0 0 0 0 0 0 0 0 0 0 0 0 0 0 0 0 0 0 0 0 0 0 0 0 0 0 0 0 0 0 0 0 0 0 0 0 0 0 0 0 0 0 0 0 0 0 0 0 0 0 0 0 0]
[2414822845825045918470791043667648563609129928513248795006937600048433299392886027644089443412471479004156363213636323956190999077641664895150347104898191620937536033012299501280240792153066839195296422446253137984680131443432133118055 0 0 0 0 0 0 0 0 0 0 0 0 0 0 0 0 0 0 0 0 0 1 0 0 0 0 0 0 0 0 0 0 0 0 0 0 0 0 0 0 0 0 0 0 0 0 0 0 0 0 0 0 0 0 0 0 0 0 0 0 0 0 0 0 0 0 0 0 0 0 0 0 0 0 0 0 0]
[4952794420632368993764717842301777525903789456213478159512550129243659268373057615968616464061556915409545222357904982493126422811479765929519753408166151536394099837080353657583595667234014843501231753728208354007597067930971641574444 0 0 0 0 0 0 0 0 0 0 0 0 0 0 0 0 0 0 0 0 0 0 1 0 0 0 0 0 0 0 0 0 0 0 0 0 0 0 0 0 0 0 0 0 0 0 0 0 0 0 0 0 0 0 0 0 0 0 0 0 0 0 0 0 0 0 0 0 0 0 0 0 0 0 0 0 0]
[1287592309317621973707236136448920813662194655720758338231968241332017852573881596741521625932684045426763321988135809476503396814172617273459613863239054728958931042979665827930188084122842321615855859899401539438954748861188708945870 0 0 0 0 0 0 0 0 0 0 0 0 0 0 0 0 0 0 0 0 0 0 0 1 0 0 0 0 0 0 0 0 0 0 0 0 0 0 0 0 0 0 0 0 0 0 0 0 0 0 0 0 0 0 0 0 0 0 0 0 0 0 0 0 0 0 0 0 0 0 0 0 0 0 0 0 0]
[2444064905590788285756857644078614834596632188832389686418628750282571250358286513673034011850104822102828746393374311012598043797301935394503926694059085242309203562519940987975915233387477858171477835215091122932352901033039452090321 0 0 0 0 0 0 0 0 0 0 0 0 0 0 0 0 0 0 0 0 0 0 0 0 1 0 0 0 0 0 0 0 0 0 0 0 0 0 0 0 0 0 0 0 0 0 0 0 0 0 0 0 0 0 0 0 0 0 0 0 0 0 0 0 0 0 0 0 0 0 0 0 0 0 0 0 0]
[4463004615995148829749147293429407293911564334940426665304620587536836139978233014687317507858546006417975908973973568766471381137219824934536300354889769394914450270008264241185186606080769074596222710709729127415356298217808597025808 0 0 0 0 0 0 0 0 0 0 0 0 0 0 0 0 0 0 0 0 0 0 0 0 0 1 0 0 0 0 0 0 0 0 0 0 0 0 0 0 0 0 0 0 0 0 0 0 0 0 0 0 0 0 0 0 0 0 0 0 0 0 0 0 0 0 0 0 0 0 0 0 0 0 0 0 0]
[2093641663606991453568964921487594282369058892002051077226194747018359170198898988738391727264238740934104970420793411153127526527630050732332105821414446230489501736019146087866767165881508814116875301239638428289009056278981235748375 0 0 0 0 0 0 0 0 0 0 0 0 0 0 0 0 0 0 0 0 0 0 0 0 0 0 1 0 0 0 0 0 0 0 0 0 0 0 0 0 0 0 0 0 0 0 0 0 0 0 0 0 0 0 0 0 0 0 0 0 0 0 0 0 0 0 0 0 0 0 0 0 0 0 0 0 0]
[3921592547897537788636419505508118487167055485256527621906161913100841455000091545038646219930502207271683113262574789421891690073960526852371584761038274092794970412216060510725285560820639807476388559999130329626212154426951592156267 0 0 0 0 0 0 0 0 0 0 0 0 0 0 0 0 0 0 0 0 0 0 0 0 0 0 0 1 0 0 0 0 0 0 0 0 0 0 0 0 0 0 0 0 0 0 0 0 0 0 0 0 0 0 0 0 0 0 0 0 0 0 0 0 0 0 0 0 0 0 0 0 0 0 0 0 0]
[5405139960670939369221677157399042219726106694999055320547967482078094395860402242505217767853461953524849499892781624775140036451210336647850312478934619985200325469531072668760843450380196211146044687206314709686209992151644633449283 0 0 0 0 0 0 0 0 0 0 0 0 0 0 0 0 0 0 0 0 0 0 0 0 0 0 0 0 1 0 0 0 0 0 0 0 0 0 0 0 0 0 0 0 0 0 0 0 0 0 0 0 0 0 0 0 0 0 0 0 0 0 0 0 0 0 0 0 0 0 0 0 0 0 0 0 0]
[3414790681414152820263190530315387290102040105043372663799531773993029267892618452302039178450513276049916909027241784765763609104423402669938848427330194945256975459530514980564277510758441177043326746690338439601592760559547348131603 0 0 0 0 0 0 0 0 0 0 0 0 0 0 0 0 0 0 0 0 0 0 0 0 0 0 0 0 0 1 0 0 0 0 0 0 0 0 0 0 0 0 0 0 0 0 0 0 0 0 0 0 0 0 0 0 0 0 0 0 0 0 0 0 0 0 0 0 0 0 0 0 0 0 0 0 0]
[2579660784354578885401839886621803032107405732583202468734273945939910855331154840449482500781085863546709811168968311811123073293935755958140380043942786280524851272465920738296539063229160467076618760528259666595838302750190161955816 0 0 0 0 0 0 0 0 0 0 0 0 0 0 0 0 0 0 0 0 0 0 0 0 0 0 0 0 0 0 1 0 0 0 0 0 0 0 0 0 0 0 0 0 0 0 0 0 0 0 0 0 0 0 0 0 0 0 0 0 0 0 0 0 0 0 0 0 0 0 0 0 0 0 0 0 0]
[232550378169397386118570806576439063764868970947780998788105489258791997743286790970245720869275621540249613331950843274515418659341270848503115135132068561093648740226675660982772178794169029839277006683133901833657685978298778580943 0 0 0 0 0 0 0 0 0 0 0 0 0 0 0 0 0 0 0 0 0 0 0 0 0 0 0 0 0 0 0 1 0 0 0 0 0 0 0 0 0 0 0 0 0 0 0 0 0 0 0 0 0 0 0 0 0 0 0 0 0 0 0 0 0 0 0 0 0 0 0 0 0 0 0 0 0]
[5279112957055145968636311480278739134335926919519604225508500955950226642148076398874119540335407964077330606728095408785594315266449071957205930317457107914017840123547686071789803656513896086833215745352099067747314204830292276865343 0 0 0 0 0 0 0 0 0 0 0 0 0 0 0 0 0 0 0 0 0 0 0 0 0 0 0 0 0 0 0 0 1 0 0 0 0 0 0 0 0 0 0 0 0 0 0 0 0 0 0 0 0 0 0 0 0 0 0 0 0 0 0 0 0 0 0 0 0 0 0 0 0 0 0 0 0]
[637251398639281905804641860154692100495727745191725671569938061525878045327558351053901335079962781790162124829221138266037123614356512854008364326315274940380983265111993438759149807945707047299212825881476646484234815955133059902897 0 0 0 0 0 0 0 0 0 0 0 0 0 0 0 0 0 0 0 0 0 0 0 0 0 0 0 0 0 0 0 0 0 1 0 0 0 0 0 0 0 0 0 0 0 0 0 0 0 0 0 0 0 0 0 0 0 0 0 0 0 0 0 0 0 0 0 0 0 0 0 0 0 0 0 0 0]
[5159376078715799384144143099122216282521944107336981387864449406795354270988741859413075231806823580903312284967058093273097513216618672279062435001363962701882504665040949907217363366302198834907038840017953713710097034441475900738769 0 0 0 0 0 0 0 0 0 0 0 0 0 0 0 0 0 0 0 0 0 0 0 0 0 0 0 0 0 0 0 0 0 0 1 0 0 0 0 0 0 0 0 0 0 0 0 0 0 0 0 0 0 0 0 0 0 0 0 0 0 0 0 0 0 0 0 0 0 0 0 0 0 0 0 0 0]
[698316462347728339039120652489068828529058281760750082402749895696699554118191939974760695771705910948282034263545566117224301411874518389329367048633272322215886140581086116073951840626646578276216823773473470534730123383349908043408 0 0 0 0 0 0 0 0 0 0 0 0 0 0 0 0 0 0 0 0 0 0 0 0 0 0 0 0 0 0 0 0 0 0 0 1 0 0 0 0 0 0 0 0 0 0 0 0 0 0 0 0 0 0 0 0 0 0 0 0 0 0 0 0 0 0 0 0 0 0 0 0 0 0 0 0 0]
[4661901898521060570216024125886995991360936192907017363435201315476748444394754236101572121227838206489485604900941277069189794418171194886862977557830109983961181779322015756284507379677316697806125353245507344157041884970544301892352 0 0 0 0 0 0 0 0 0 0 0 0 0 0 0 0 0 0 0 0 0 0 0 0 0 0 0 0 0 0 0 0 0 0 0 0 1 0 0 0 0 0 0 0 0 0 0 0 0 0 0 0 0 0 0 0 0 0 0 0 0 0 0 0 0 0 0 0 0 0 0 0 0 0 0 0 0]
[2128301463051902770154961961841572486844143752626517072814377240499032006299533521885228993598138869427902561527108485370901258173566800726936282925693438452566562577934699427715013463747504595446663018239686034614179042795986059291883 0 0 0 0 0 0 0 0 0 0 0 0 0 0 0 0 0 0 0 0 0 0 0 0 0 0 0 0 0 0 0 0 0 0 0 0 0 1 0 0 0 0 0 0 0 0 0 0 0 0 0 0 0 0 0 0 0 0 0 0 0 0 0 0 0 0 0 0 0 0 0 0 0 0 0 0 0]
[76284161804335160675663362491946628503696120519093886599476251562846263370328860169986330955263916217423032645762261913382153619426391947775821621845853880967284552344884542345296364433791975020060659235410612473928105202180310029857 0 0 0 0 0 0 0 0 0 0 0 0 0 0 0 0 0 0 0 0 0 0 0 0 0 0 0 0 0 0 0 0 0 0 0 0 0 0 1 0 0 0 0 0 0 0 0 0 0 0 0 0 0 0 0 0 0 0 0 0 0 0 0 0 0 0 0 0 0 0 0 0 0 0 0 0 0]
[3685506932251891098144928520586240047457419973229257110540690987794578949350154857853599498473908079758522431253661126441712109010938459023906163342663710869660886572707239101214352132520037639330748030978027317810269921943285916284898 0 0 0 0 0 0 0 0 0 0 0 0 0 0 0 0 0 0 0 0 0 0 0 0 0 0 0 0 0 0 0 0 0 0 0 0 0 0 0 1 0 0 0 0 0 0 0 0 0 0 0 0 0 0 0 0 0 0 0 0 0 0 0 0 0 0 0 0 0 0 0 0 0 0 0 0 0]
[1180547876962473402350533298666646887632661074289059938781940990277112899264034667969785058249233875508489531445807206654355517685842000141704845129681257085411980421700584891246394078101742399326997729210758657669329187571527824407550 0 0 0 0 0 0 0 0 0 0 0 0 0 0 0 0 0 0 0 0 0 0 0 0 0 0 0 0 0 0 0 0 0 0 0 0 0 0 0 0 1 0 0 0 0 0 0 0 0 0 0 0 0 0 0 0 0 0 0 0 0 0 0 0 0 0 0 0 0 0 0 0 0 0 0 0 0]
[3250523437736802644672575971568203108352352422377363144866003018627630879819476734670397640182322558204039522840731545692915988206079223827797302928966152420405333722544771551508186653162035843172621539003820923970067372324347369493643 0 0 0 0 0 0 0 0 0 0 0 0 0 0 0 0 0 0 0 0 0 0 0 0 0 0 0 0 0 0 0 0 0 0 0 0 0 0 0 0 0 1 0 0 0 0 0 0 0 0 0 0 0 0 0 0 0 0 0 0 0 0 0 0 0 0 0 0 0 0 0 0 0 0 0 0 0]
[925195724693962311333394053631491505367648573053417907056282554274878637196492422500032280936921059530388760967226413659574676414222156698170111054579722171607483259190383118919213128481904536161435711531460497533802663954603245908624 0 0 0 0 0 0 0 0 0 0 0 0 0 0 0 0 0 0 0 0 0 0 0 0 0 0 0 0 0 0 0 0 0 0 0 0 0 0 0 0 0 0 1 0 0 0 0 0 0 0 0 0 0 0 0 0 0 0 0 0 0 0 0 0 0 0 0 0 0 0 0 0 0 0 0 0 0]
[4600726686648128826802579818250693427402449311820178418713630484869388944740008835687710367414434790457948210654657088942512840649983896503665502360647039732493923885715057004185729814286659021702964049202642987345018129475859708689647 0 0 0 0 0 0 0 0 0 0 0 0 0 0 0 0 0 0 0 0 0 0 0 0 0 0 0 0 0 0 0 0 0 0 0 0 0 0 0 0 0 0 0 1 0 0 0 0 0 0 0 0 0 0 0 0 0 0 0 0 0 0 0 0 0 0 0 0 0 0 0 0 0 0 0 0 0]
[2584796231828377674422428775482584435741156508681481767658225259973575405514807958004955871086793870620949409495937688605948032798097988567486914438247953156753606474572921209029178083678283063959067338895158896177093836118219461889702 0 0 0 0 0 0 0 0 0 0 0 0 0 0 0 0 0 0 0 0 0 0 0 0 0 0 0 0 0 0 0 0 0 0 0 0 0 0 0 0 0 0 0 0 1 0 0 0 0 0 0 0 0 0 0 0 0 0 0 0 0 0 0 0 0 0 0 0 0 0 0 0 0 0 0 0 0]
[268617166441251999525372941596033828736973452551327537690342338647747354131551707684606939332594333258399876005594738994607058471764649145283342993372518007029746752246305152417046938958162819204429340141092436769519305741345526505787 0 0 0 0 0 0 0 0 0 0 0 0 0 0 0 0 0 0 0 0 0 0 0 0 0 0 0 0 0 0 0 0 0 0 0 0 0 0 0 0 0 0 0 0 0 1 0 0 0 0 0 0 0 0 0 0 0 0 0 0 0 0 0 0 0 0 0 0 0 0 0 0 0 0 0 0 0]
[818695949331822007242059667676546272241877626674193158335013003817086213911726757344993388916627076648056221614494910772019285741515142305261485877979654770491259327155792472527281105135866216984676480799577319545391299873016889269824 0 0 0 0 0 0 0 0 0 0 0 0 0 0 0 0 0 0 0 0 0 0 0 0 0 0 0 0 0 0 0 0 0 0 0 0 0 0 0 0 0 0 0 0 0 0 1 0 0 0 0 0 0 0 0 0 0 0 0 0 0 0 0 0 0 0 0 0 0 0 0 0 0 0 0 0 0]
[2607524022568228543995467861622432723542779057596361209068005126835691199773907913494493599893899224536050821166270269254093357760055803239375332518129758805250191383662605661603954255112217988080209850267469192506542679216669446646584 0 0 0 0 0 0 0 0 0 0 0 0 0 0 0 0 0 0 0 0 0 0 0 0 0 0 0 0 0 0 0 0 0 0 0 0 0 0 0 0 0 0 0 0 0 0 0 1 0 0 0 0 0 0 0 0 0 0 0 0 0 0 0 0 0 0 0 0 0 0 0 0 0 0 0 0 0]
[1005392894134023986795146203368123391917032699924434066636986575438229429091213434398392337734278314287360376278607952201246663072162631128270972740274251588857986123787150240983688401876241503935947355840618905084505146732959752141671 0 0 0 0 0 0 0 0 0 0 0 0 0 0 0 0 0 0 0 0 0 0 0 0 0 0 0 0 0 0 0 0 0 0 0 0 0 0 0 0 0 0 0 0 0 0 0 0 1 0 0 0 0 0 0 0 0 0 0 0 0 0 0 0 0 0 0 0 0 0 0 0 0 0 0 0 0]
[4819208425207421295413742430876680994470770879162395163987140503550986413293099252319103987407316955165596032373252161385179966924330308249744059342613650501837877994874204107393648671787877185004834479043051255904132925248847117415148 0 0 0 0 0 0 0 0 0 0 0 0 0 0 0 0 0 0 0 0 0 0 0 0 0 0 0 0 0 0 0 0 0 0 0 0 0 0 0 0 0 0 0 0 0 0 0 0 0 1 0 0 0 0 0 0 0 0 0 0 0 0 0 0 0 0 0 0 0 0 0 0 0 0 0 0 0]
[1259636050886016006601008275200530855268477273229277358693551903420556608630877420631111689927561541488930653715474699068477134588990632900131686427375711164444698843998871964660875931095153815430784131431656165421510157409535350481193 0 0 0 0 0 0 0 0 0 0 0 0 0 0 0 0 0 0 0 0 0 0 0 0 0 0 0 0 0 0 0 0 0 0 0 0 0 0 0 0 0 0 0 0 0 0 0 0 0 0 1 0 0 0 0 0 0 0 0 0 0 0 0 0 0 0 0 0 0 0 0 0 0 0 0 0 0]
[3383708792109857381729146750033151836838800440965353597649316578912165594570738196441909030842741164769962816747997319291649682732517160408967626273981153708850930079554334892913438881172618049090565432820600202838761478400068472415822 0 0 0 0 0 0 0 0 0 0 0 0 0 0 0 0 0 0 0 0 0 0 0 0 0 0 0 0 0 0 0 0 0 0 0 0 0 0 0 0 0 0 0 0 0 0 0 0 0 0 0 1 0 0 0 0 0 0 0 0 0 0 0 0 0 0 0 0 0 0 0 0 0 0 0 0 0]
[4024536859828693852155870261895097825590330089760205352510441108897768417875020433936023238187126818388491921245050346604724372995948552402106526789060754653605405045768551711263070960664101391235118070106155352296727195287638687250043 0 0 0 0 0 0 0 0 0 0 0 0 0 0 0 0 0 0 0 0 0 0 0 0 0 0 0 0 0 0 0 0 0 0 0 0 0 0 0 0 0 0 0 0 0 0 0 0 0 0 0 0 1 0 0 0 0 0 0 0 0 0 0 0 0 0 0 0 0 0 0 0 0 0 0 0 0]
[373375595849931883344465485435726388899393420951353256966305915933356228719975203233065175032910038802363326895896444438195968900820769868598784726929113805079869102049880501432700284596843316292673063587129289529575632731253719065862 0 0 0 0 0 0 0 0 0 0 0 0 0 0 0 0 0 0 0 0 0 0 0 0 0 0 0 0 0 0 0 0 0 0 0 0 0 0 0 0 0 0 0 0 0 0 0 0 0 0 0 0 0 1 0 0 0 0 0 0 0 0 0 0 0 0 0 0 0 0 0 0 0 0 0 0 0]
[1235435854180116150947097839029347691375453378459941001388139005554343225758308464221043635271370201732643236156523255953292830096511452264789318169139616917657362700613232983577346698361597744865968668874076705016372654475514904331887 0 0 0 0 0 0 0 0 0 0 0 0 0 0 0 0 0 0 0 0 0 0 0 0 0 0 0 0 0 0 0 0 0 0 0 0 0 0 0 0 0 0 0 0 0 0 0 0 0 0 0 0 0 0 1 0 0 0 0 0 0 0 0 0 0 0 0 0 0 0 0 0 0 0 0 0 0]
[659629363869321111493835452939773125251944320385391384912827859309156708055396775251453463159225947509918045915677696077051936835972283771890090344435427761746128871144374178455727452482549070148274799993782907128929414965492276918357 0 0 0 0 0 0 0 0 0 0 0 0 0 0 0 0 0 0 0 0 0 0 0 0 0 0 0 0 0 0 0 0 0 0 0 0 0 0 0 0 0 0 0 0 0 0 0 0 0 0 0 0 0 0 0 1 0 0 0 0 0 0 0 0 0 0 0 0 0 0 0 0 0 0 0 0 0]
[754489877926201783167056379960753230635411237306694406956097668957886833072481466057054971351756372657566252483453317050051416204284823828170830520530267191073463913469966558915566092125256281815473153290233679739612976620233524619008 0 0 0 0 0 0 0 0 0 0 0 0 0 0 0 0 0 0 0 0 0 0 0 0 0 0 0 0 0 0 0 0 0 0 0 0 0 0 0 0 0 0 0 0 0 0 0 0 0 0 0 0 0 0 0 0 1 0 0 0 0 0 0 0 0 0 0 0 0 0 0 0 0 0 0 0 0]
[5412737297579466093751849456277394912039135244476964379768711375283703282059797543946515432195248407979608825443801107774772284714999039922228857024357476832725093325174807631800944963386204691956414427756045261692082480441322279582029 0 0 0 0 0 0 0 0 0 0 0 0 0 0 0 0 0 0 0 0 0 0 0 0 0 0 0 0 0 0 0 0 0 0 0 0 0 0 0 0 0 0 0 0 0 0 0 0 0 0 0 0 0 0 0 0 0 1 0 0 0 0 0 0 0 0 0 0 0 0 0 0 0 0 0 0 0]
[5219186187099317318519169750758355532896298632165798577302351784315800535851765196045113375886790384675749494762100945759273854169034112145160492316952774715803433620211911798806247357213705959895374099803211545307730591663400814014137 0 0 0 0 0 0 0 0 0 0 0 0 0 0 0 0 0 0 0 0 0 0 0 0 0 0 0 0 0 0 0 0 0 0 0 0 0 0 0 0 0 0 0 0 0 0 0 0 0 0 0 0 0 0 0 0 0 0 1 0 0 0 0 0 0 0 0 0 0 0 0 0 0 0 0 0 0]
[3905832892890927994522801437685808692363833307483158884050690511494351217228446430092314937145386356448427267306465853985917429040337106548581992989777683890082252607857602693207424279093725524130677444958627839850501625295675375060947 0 0 0 0 0 0 0 0 0 0 0 0 0 0 0 0 0 0 0 0 0 0 0 0 0 0 0 0 0 0 0 0 0 0 0 0 0 0 0 0 0 0 0 0 0 0 0 0 0 0 0 0 0 0 0 0 0 0 0 1 0 0 0 0 0 0 0 0 0 0 0 0 0 0 0 0 0]
[5269600975682513169548015869812986066650404837491058799539768604069033718611802163660641312590822678208840111976634523575519179217362062575915526049091220875284122627574954689408505003722897045145117091224561442626770645765393837190557 0 0 0 0 0 0 0 0 0 0 0 0 0 0 0 0 0 0 0 0 0 0 0 0 0 0 0 0 0 0 0 0 0 0 0 0 0 0 0 0 0 0 0 0 0 0 0 0 0 0 0 0 0 0 0 0 0 0 0 0 1 0 0 0 0 0 0 0 0 0 0 0 0 0 0 0 0]
[5419638845481149510692583703667072519129362991161428801902319195862464740531762983482680279461652298251217285645976021911317123366610339506986297233477272757621150170688690800679244597193665385352859262770660186282131262367783208800223 0 0 0 0 0 0 0 0 0 0 0 0 0 0 0 0 0 0 0 0 0 0 0 0 0 0 0 0 0 0 0 0 0 0 0 0 0 0 0 0 0 0 0 0 0 0 0 0 0 0 0 0 0 0 0 0 0 0 0 0 0 1 0 0 0 0 0 0 0 0 0 0 0 0 0 0 0]
[4223862426802067658876121225953613402549478509161287084267027782679393083567746559769497086757199962706522807309228039684968242756117151083482097072018040298121283056593912845391389594929869298545191246251015681809629246151941326931294 0 0 0 0 0 0 0 0 0 0 0 0 0 0 0 0 0 0 0 0 0 0 0 0 0 0 0 0 0 0 0 0 0 0 0 0 0 0 0 0 0 0 0 0 0 0 0 0 0 0 0 0 0 0 0 0 0 0 0 0 0 0 1 0 0 0 0 0 0 0 0 0 0 0 0 0 0]
[5096980562807687158133409359758052961744367747951994333760050751405143888172749467035525091918020742704361437653763054198920602348571023836632377282139571933745772372178008256076027269610115891117558130971809227998930574432166097834862 0 0 0 0 0 0 0 0 0 0 0 0 0 0 0 0 0 0 0 0 0 0 0 0 0 0 0 0 0 0 0 0 0 0 0 0 0 0 0 0 0 0 0 0 0 0 0 0 0 0 0 0 0 0 0 0 0 0 0 0 0 0 0 1 0 0 0 0 0 0 0 0 0 0 0 0 0]
[3925261352672869004941081116689115941380501504750291588221855557602266392942427356089792286179522250738151741768651612027688538898759868879745725601126841576848444189642370308282284215511787728273795836439913506528156551806609060634486 0 0 0 0 0 0 0 0 0 0 0 0 0 0 0 0 0 0 0 0 0 0 0 0 0 0 0 0 0 0 0 0 0 0 0 0 0 0 0 0 0 0 0 0 0 0 0 0 0 0 0 0 0 0 0 0 0 0 0 0 0 0 0 0 1 0 0 0 0 0 0 0 0 0 0 0 0]
[51802812001054853482265787001092522966699038943718321371771908665523356562273950587337013782315003070069972658345882493104502583980412156387017002766359368360318606061492916500964225622883892494196295736806338510364542054238284388226 0 0 0 0 0 0 0 0 0 0 0 0 0 0 0 0 0 0 0 0 0 0 0 0 0 0 0 0 0 0 0 0 0 0 0 0 0 0 0 0 0 0 0 0 0 0 0 0 0 0 0 0 0 0 0 0 0 0 0 0 0 0 0 0 0 1 0 0 0 0 0 0 0 0 0 0 0]
[4224734493300069365343736791034000763890150511374089766752741415807967583848329805056633191572942239528884834800231060710594942296591843773952513603636601912482589875759243278090284226652052371847592546579736802320680149114965538704256 0 0 0 0 0 0 0 0 0 0 0 0 0 0 0 0 0 0 0 0 0 0 0 0 0 0 0 0 0 0 0 0 0 0 0 0 0 0 0 0 0 0 0 0 0 0 0 0 0 0 0 0 0 0 0 0 0 0 0 0 0 0 0 0 0 0 1 0 0 0 0 0 0 0 0 0 0]
[3327748778720210827398346093591489009479563907868316097914824636930397325375906026327601832628304816139017845857038039907013867535915266281120865888118860828477886548466398277290133930225956577197688023102699335965974542578138360919571 0 0 0 0 0 0 0 0 0 0 0 0 0 0 0 0 0 0 0 0 0 0 0 0 0 0 0 0 0 0 0 0 0 0 0 0 0 0 0 0 0 0 0 0 0 0 0 0 0 0 0 0 0 0 0 0 0 0 0 0 0 0 0 0 0 0 0 1 0 0 0 0 0 0 0 0 0]
[2313617801452502504890368786304667377217580844746595767228511215650773804564629160217739859884331091313564210066990728970710503283803307088590563217767470002368895376361217668917499275388977635564061894511593782811322319805452969223932 0 0 0 0 0 0 0 0 0 0 0 0 0 0 0 0 0 0 0 0 0 0 0 0 0 0 0 0 0 0 0 0 0 0 0 0 0 0 0 0 0 0 0 0 0 0 0 0 0 0 0 0 0 0 0 0 0 0 0 0 0 0 0 0 0 0 0 0 1 0 0 0 0 0 0 0 0]
[5382163539844738180584347420115599748641637260768848563580423474012524059322703055296353413225464319192977483159895345128926831563209197218237659385572838243767228298848144455055518996019535592908288671442471822292123786895350367291847 0 0 0 0 0 0 0 0 0 0 0 0 0 0 0 0 0 0 0 0 0 0 0 0 0 0 0 0 0 0 0 0 0 0 0 0 0 0 0 0 0 0 0 0 0 0 0 0 0 0 0 0 0 0 0 0 0 0 0 0 0 0 0 0 0 0 0 0 0 1 0 0 0 0 0 0 0]
[3933297408449421496433144245596324547036144897811976134943500391763428090926003239399524892160242122684096225154143682506888212081060230602620348078407930837554418982365458260403610648209560624003390704881251118652605192112993477343028 0 0 0 0 0 0 0 0 0 0 0 0 0 0 0 0 0 0 0 0 0 0 0 0 0 0 0 0 0 0 0 0 0 0 0 0 0 0 0 0 0 0 0 0 0 0 0 0 0 0 0 0 0 0 0 0 0 0 0 0 0 0 0 0 0 0 0 0 0 0 1 0 0 0 0 0 0]
[2501013234034244154395477509089998863126146071765180568956936493682861435908245358206749778130579083386608094859595172940701075986991826222510627021838401298835297014349754192436740795496834914164016170104309217587874213491896220969016 0 0 0 0 0 0 0 0 0 0 0 0 0 0 0 0 0 0 0 0 0 0 0 0 0 0 0 0 0 0 0 0 0 0 0 0 0 0 0 0 0 0 0 0 0 0 0 0 0 0 0 0 0 0 0 0 0 0 0 0 0 0 0 0 0 0 0 0 0 0 0 1 0 0 0 0 0]
[180210356074555015971096367815361385437255665760889433528879047470197519965291426111882133043703696237840266241716870471035255641642726597161980603935405775607809107417284499149877722949159931401796477936238681973471785719643520395676 0 0 0 0 0 0 0 0 0 0 0 0 0 0 0 0 0 0 0 0 0 0 0 0 0 0 0 0 0 0 0 0 0 0 0 0 0 0 0 0 0 0 0 0 0 0 0 0 0 0 0 0 0 0 0 0 0 0 0 0 0 0 0 0 0 0 0 0 0 0 0 0 1 0 0 0 0]
[2474069108361888978960067454703818217215195656339498614152755830835499517200293181445040448577248778490737542161822391141909680293820231693286187807072615122099033333831926675864521471871354622318441466533973036736634266185937192743759 0 0 0 0 0 0 0 0 0 0 0 0 0 0 0 0 0 0 0 0 0 0 0 0 0 0 0 0 0 0 0 0 0 0 0 0 0 0 0 0 0 0 0 0 0 0 0 0 0 0 0 0 0 0 0 0 0 0 0 0 0 0 0 0 0 0 0 0 0 0 0 0 0 1 0 0 0]
[3337968067787823797748330135524219220380116899137179358599098474308736543439250494041179651889669933851657203755490078179446272706787743772908695343635431068395058533722402589824565659172579732673732647619026388942569444120023545722575 0 0 0 0 0 0 0 0 0 0 0 0 0 0 0 0 0 0 0 0 0 0 0 0 0 0 0 0 0 0 0 0 0 0 0 0 0 0 0 0 0 0 0 0 0 0 0 0 0 0 0 0 0 0 0 0 0 0 0 0 0 0 0 0 0 0 0 0 0 0 0 0 0 0 1 0 0]
[1573970189018839607407257727855656817122218072485184805025091484212980052196778146496700924297810290380759582712149503051009644638562436542481022271451160039221505089516460478799256721477427264664967412831907107808241082668432025258338 0 0 0 0 0 0 0 0 0 0 0 0 0 0 0 0 0 0 0 0 0 0 0 0 0 0 0 0 0 0 0 0 0 0 0 0 0 0 0 0 0 0 0 0 0 0 0 0 0 0 0 0 0 0 0 0 0 0 0 0 0 0 0 0 0 0 0 0 0 0 0 0 0 0 0 1 0]
[2515940087165549887333571354371747457966916234164216400347765260511714481827645729339839231497320698422945970783759597260589665202529759908898562778090761566981459045157366860776867598689640375626376386639878232447730084735467324899202 0 0 0 0 0 0 0 0 0 0 0 0 0 0 0 0 0 0 0 0 0 0 0 0 0 0 0 0 0 0 0 0 0 0 0 0 0 0 0 0 0 0 0 0 0 0 0 0 0 0 0 0 0 0 0 0 0 0 0 0 0 0 0 0 0 0 0 0 0 0 0 0 0 0 0 0 1]
]
78 79 0
[1 1 1 1 1 1 1 1 1 1 1 1 1 1 1 1 1 1 1 1 1 1 1 1 1 1 1 1 1 1 1 1 1 1 1 1 1 1 1 1 1 1 1 1 1 1 1 1 1 1 1 1 1 1 1 1 1 1 1 1 1 1 1 1 1 1 1 1 1 1 1 1 1 1 1 1 1 1 1]
