[[4528304369574434155759881342290980424459311465686757272984158265680270829574577490953045229893183772050647591857309971250370857802163148871273031832139683690776193834128584749129418811479703210270667166331703614420260282466674363107433 0 0 0 0 0 0 0 0 0 0 0 0 0 0 0 0 0 0 0 0 0 0 0 0 0 0 0 0 0 0 0 0 0 0 0 0 0 0 0 0 0 0 0 0 0 0 0 0 0 0 0 0 0 0 0 0 0 0 0 0 0 0 0 0 0 0 0 0 0 0 0 0 0 0 0 0 0]
[2924097742331287024168981384246779611213687096241147995079302607860123683565537257460861542538133646490831067941430248902189415750560553244102983718898187186140686386344249335980108861217276929616391949823025739531638826931319750233463 1 0 0 0 0 0 0 0 0 0 0 0 0 0 0 0 0 0 0 0 0 0 0 0 0 0 0 0 0 0 0 0 0 0 0 0 0 0 0 0 0 0 0 0 0 0 0 0 0 0 0 0 0 0 0 0 0 0 0 0 0 0 0 0 0 0 0 0 0 0 0 0 0 0 0 0 0]
[2082374272342131459952148334661650477884361348397926043437730373262969145395713302727733199149106486739998752785851838509537310491196624872584452337429822770965424215756345406716598301395693056833534415849588159333084657399068251108575 0 1 0 0 0 0 0 0 0 0 0 0 0 0 0 0 0 0 0 0 0 0 0 0 0 0 0 0 0 0 0 0 0 0 0 0 0 0 0 0 0 0 0 0 0 0 0 0 0 0 0 0 0 0 0 0 0 0 0 0 0 0 0 0 0 0 0 0 0 0 0 0 0 0 0 0 0]
[2914926745411372354666889847954906102135769721444733583989257594636650418075083169685000710864411756077208995604695597655959951887839654717415999953082944414135964750050036938616242785669556963611433298069431739856861916657796778180719 0 0 1 0 0 0 0 0 0 0 0 0 0 0 0 0 0 0 0 0 0 0 0 0 0 0 0 0 0 0 0 0 0 0 0 0 0 0 0 0 0 0 0 0 0 0 0 0 0 0 0 0 0 0 0 0 0 0 0 0 0 0 0 0 0 0 0 0 0 0 0 0 0 0 0 0 0]
[3106082605177277494553688952544216208623181845729967372901052692303932901601533896420791045519600896030769250621915131135869113591063342443843761753001848676696363489876115533667749626965338740503664045294608129059364464769938060927463 0 0 0 1 0 0 0 0 0 0 0 0 0 0 0 0 0 0 0 0 0 0 0 0 0 0 0 0 0 0 0 0 0 0 0 0 0 0 0 0 0 0 0 0 0 0 0 0 0 0 0 0 0 0 0 0 0 0 0 0 0 0 0 0 0 0 0 0 0 0 0 0 0 0 0 0 0]
[2116407345781056762633631477727828508497149888118297095732344488107961234974320197885161680724278892763975358389576166285547457341413312442537235476664783380552691624675336418508319493395642136401877917888236406443401780716426052069652 0 0 0 0 1 0 0 0 0 0 0 0 0 0 0 0 0 0 0 0 0 0 0 0 0 0 0 0 0 0 0 0 0 0 0 0 0 0 0 0 0 0 0 0 0 0 0 0 0 0 0 0 0 0 0 0 0 0 0 0 0 0 0 0 0 0 0 0 0 0 0 0 0 0 0 0 0]
[1343271606618299775181733911324589617098759995632643409140867905677435094118150070981910194370477850665765143746785573700143632057217155801659654006537532660085716856187233987851188171189121162153309892573501641492385924998286920841404 0 0 0 0 0 1 0 0 0 0 0 0 0 0 0 0 0 0 0 0 0 0 0 0 0 0 0 0 0 0 0 0 0 0 0 0 0 0 0 0 0 0 0 0 0 0 0 0 0 0 0 0 0 0 0 0 0 0 0 0 0 0 0 0 0 0 0 0 0 0 0 0 0 0 0 0 0]
[3288376078117605127421498627731551953946760664189797076479637897310224608389323858526619962338469655698366027384432400494746248470991577979986657970420842585384616673629499036301337365718303238402451179252447502719058407080742916249193 0 0 0 0 0 0 1 0 0 0 0 0 0 0 0 0 0 0 0 0 0 0 0 0 0 0 0 0 0 0 0 0 0 0 0 0 0 0 0 0 0 0 0 0 0 0 0 0 0 0 0 0 0 0 0 0 0 0 0 0 0 0 0 0 0 0 0 0 0 0 0 0 0 0 0 0 0]
[2544815768618886588593278123462550606122880688173917595867037309068026677955085728521993465641511019211857009159224668822047923429340160237545486533042778218881087476456804469901167071713177160069676608589830144262939822996862487534101 0 0 0 0 0 0 0 1 0 0 0 0 0 0 0 0 0 0 0 0 0 0 0 0 0 0 0 0 0 0 0 0 0 0 0 0 0 0 0 0 0 0 0 0 0 0 0 0 0 0 0 0 0 0 0 0 0 0 0 0 0 0 0 0 0 0 0 0 0 0 0 0 0 0 0 0 0]
[1665286453383954597528487821039569817247307858207925902511689119873222335488818781441852087367822158119624686318877862419453853888361077734135536496355188594496209322875110423846214677800324241860541826948042662277044221271019708243492 0 0 0 0 0 0 0 0 1 0 0 0 0 0 0 0 0 0 0 0 0 0 0 0 0 0 0 0 0 0 0 0 0 0 0 0 0 0 0 0 0 0 0 0 0 0 0 0 0 0 0 0 0 0 0 0 0 0 0 0 0 0 0 0 0 0 0 0 0 0 0 0 0 0 0 0 0]
[923898898687954043531812849886638818538040113568352406683128941740126954033588372975336717248003056828231893280540965826822336679820931650648669697697472811925558012025634068253357865886571636115461649181093759099836677938930529316061 0 0 0 0 0 0 0 0 0 1 0 0 0 0 0 0 0 0 0 0 0 0 0 0 0 0 0 0 0 0 0 0 0 0 0 0 0 0 0 0 0 0 0 0 0 0 0 0 0 0 0 0 0 0 0 0 0 0 0 0 0 0 0 0 0 0 0 0 0 0 0 0 0 0 0 0 0]
[4453126126714743830442779664996386106347041889464300153774264603562565217581396904636268460649518372252558095987258768307351499551216816159981140686972764713295988886698287637053348365630033939278000870702477576037648484365347159362440 0 0 0 0 0 0 0 0 0 0 1 0 0 0 0 0 0 0 0 0 0 0 0 0 0 0 0 0 0 0 0 0 0 0 0 0 0 0 0 0 0 0 0 0 0 0 0 0 0 0 0 0 0 0 0 0 0 0 0 0 0 0 0 0 0 0 0 0 0 0 0 0 0 0 0 0 0]
[3751870277336787922877995600215350917481893787686656052889266709722285179849656728063367480123176525683798642300447244466009613581157736022196393340419327588818857623999490800811392095255101528990780818769369162821880062065294028414694 0 0 0 0 0 0 0 0 0 0 0 1 0 0 0 0 0 0 0 0 0 0 0 0 0 0 0 0 0 0 0 0 0 0 0 0 0 0 0 0 0 0 0 0 0 0 0 0 0 0 0 0 0 0 0 0 0 0 0 0 0 0 0 0 0 0 0 0 0 0 0 0 0 0 0 0 0]
[3267564542375793597596742997216032696173750080454612787194704467022364950911749951932346290129356243005355137961830057672248577796842098109138577975430581060548653367877572498183676972185390088008429724020151145797848436326424683770991 0 0 0 0 0 0 0 0 0 0 0 0 1 0 0 0 0 0 0 0 0 0 0 0 0 0 0 0 0 0 0 0 0 0 0 0 0 0 0 0 0 0 0 0 0 0 0 0 0 0 0 0 0 0 0 0 0 0 0 0 0 0 0 0 0 0 0 0 0 0 0 0 0 0 0 0 0]
[1332709902426969738414317680376666382559817960863671031142850844275287719228571508046652063134358114453214205160590518139068609507278249232612545302117196575699200397746026077284655815364431706800057266308427033106698084538804921800847 0 0 0 0 0 0 0 0 0 0 0 0 0 1 0 0 0 0 0 0 0 0 0 0 0 0 0 0 0 0 0 0 0 0 0 0 0 0 0 0 0 0 0 0 0 0 0 0 0 0 0 0 0 0 0 0 0 0 0 0 0 0 0 0 0 0 0 0 0 0 0 0 0 0 0 0 0]
[1488772035358307067166330898828314570145146403322268877823899501770283928985996894016483630312611531308028930182333950418912857445154689566764103584061821738809828922642494939647923599184697709048256366630278702243560663710626118097524 0 0 0 0 0 0 0 0 0 0 0 0 0 0 1 0 0 0 0 0 0 0 0 0 0 0 0 0 0 0 0 0 0 0 0 0 0 0 0 0 0 0 0 0 0 0 0 0 0 0 0 0 0 0 0 0 0 0 0 0 0 0 0 0 0 0 0 0 0 0 0 0 0 0 0 0 0]
[4219459901425784028296854630439336251812979911066632334458832018525470488530410108074425876763854039783968496457004843414404716419889876539336119201782999039543261673465207240896669003865456453612089415313497777771373328086418269905706 0 0 0 0 0 0 0 0 0 0 0 0 0 0 0 1 0 0 0 0 0 0 0 0 0 0 0 0 0 0 0 0 0 0 0 0 0 0 0 0 0 0 0 0 0 0 0 0 0 0 0 0 0 0 0 0 0 0 0 0 0 0 0 0 0 0 0 0 0 0 0 0 0 0 0 0 0]
[508984079699371301620131928370151445683295565114063901675337636228595341790076185536334219246854193434374645885575208089372994558033915981531227247636830817677115515704607825202962575217480146628374644929102744556690385178311847893504 0 0 0 0 0 0 0 0 0 0 0 0 0 0 0 0 1 0 0 0 0 0 0 0 0 0 0 0 0 0 0 0 0 0 0 0 0 0 0 0 0 0 0 0 0 0 0 0 0 0 0 0 0 0 0 0 0 0 0 0 0 0 0 0 0 0 0 0 0 0 0 0 0 0 0 0 0]
[224636004294703030081493655664064298442006450801880189597836174017286533128894183247859158383828581180639162098183004348392592345929336378804712166685863751645344170307095988313476068306125725910648445650520474072633403916438406121525 0 0 0 0 0 0 0 0 0 0 0 0 0 0 0 0 0 1 0 0 0 0 0 0 0 0 0 0 0 0 0 0 0 0 0 0 0 0 0 0 0 0 0 0 0 0 0 0 0 0 0 0 0 0 0 0 0 0 0 0 0 0 0 0 0 0 0 0 0 0 0 0 0 0 0 0 0]
[1045294786731082207071757597135849043683441030604496400389629515761088384340722327244484794162877045952732111335082007623274492450699980157767198837328182327616758054053584185516128916956639072310148045887998045568700907261032440881406 0 0 0 0 0 0 0 0 0 0 0 0 0 0 0 0 0 0 1 0 0 0 0 0 0 0 0 0 0 0 0 0 0 0 0 0 0 0 0 0 0 0 0 0 0 0 0 0 0 0 0 0 0 0 0 0 0 0 0 0 0 0 0 0 0 0 0 0 0 0 0 0 0 0 0 0 0]
[2984544833093334071494828731142664255277239417995835669243053821127482689679434334694274522323761508247377322648623209244840401763022707593936853147990482094880857882917225919937254936606011083277504283638648313629548391781427452682360 0 0 0 0 0 0 0 0 0 0 0 0 0 0 0 0 0 0 0 1 0 0 0 0 0 0 0 0 0 0 0 0 0 0 0 0 0 0 0 0 0 0 0 0 0 0 0 0 0 0 0 0 0 0 0 0 0 0 0 0 0 0 0 0 0 0 0 0 0 0 0 0 0 0 0 0 0]
[226792842030304968415901556112483675272058263684682527555084679426003992452028393914627148514323408915614586165934955646535623657633466306556343885381911445177891669299819039591283678897461407252627664381184186236626282190640749118868 0 0 0 0 0 0 0 0 0 0 0 0 0 0 0 0 0 0 0 0 1 0 0 0 0 0 0 0 0 0 0 0 0 0 0 0 0 0 0 0 0 0 0 0 0 0 0 0 0 0 0 0 0 0 0 0 0 0 0 0 0 0 0 0 0 0 0 0 0 0 0 0 0 0 0 0 0]
[3538764153924797090495191604924179563085993816783095959583859490105961302140178576515217328023572239435016703386151588255610539117546874012632118437492536343774984591599832242179743019634379424493583134776427878033838606734494970687327 0 0 0 0 0 0 0 0 0 0 0 0 0 0 0 0 0 0 0 0 0 1 0 0 0 0 0 0 0 0 0 0 0 0 0 0 0 0 0 0 0 0 0 0 0 0 0 0 0 0 0 0 0 0 0 0 0 0 0 0 0 0 0 0 0 0 0 0 0 0 0 0 0 0 0 0 0]
[2750770198355822114934332824408773529626311591414667215944190361209302211632054107734862316860967083792348865467767490333161283087513760947708555554798398419655178583082811882786235155194364413544345242667855893641899592653190443563181 0 0 0 0 0 0 0 0 0 0 0 0 0 0 0 0 0 0 0 0 0 0 1 0 0 0 0 0 0 0 0 0 0 0 0 0 0 0 0 0 0 0 0 0 0 0 0 0 0 0 0 0 0 0 0 0 0 0 0 0 0 0 0 0 0 0 0 0 0 0 0 0 0 0 0 0 0]
[4108134755750089187263516788427808336627301613888531356209479929472147884370010130714808166938088879166657183619777914428584798929474883909814111074340821267098651492615244388009030092244009159553665199023235366865875052704796760812891 0 0 0 0 0 0 0 0 0 0 0 0 0 0 0 0 0 0 0 0 0 0 0 1 0 0 0 0 0 0 0 0 0 0 0 0 0 0 0 0 0 0 0 0 0 0 0 0 0 0 0 0 0 0 0 0 0 0 0 0 0 0 0 0 0 0 0 0 0 0 0 0 0 0 0 0 0]
[1650011319643703269545386395225415828080155743463129773931718317763274999998269142127238201297126603501030706216418381025541837871465360168603111799845346775173730158806104607262078934415455556594716378915038542760323207817585972066268 0 0 0 0 0 0 0 0 0 0 0 0 0 0 0 0 0 0 0 0 0 0 0 0 1 0 0 0 0 0 0 0 0 0 0 0 0 0 0 0 0 0 0 0 0 0 0 0 0 0 0 0 0 0 0 0 0 0 0 0 0 0 0 0 0 0 0 0 0 0 0 0 0 0 0 0 0]
[2532359418495314859944718335367227051085085750801177605584123362145837572055610505796758221916056488344021460135851342556914055093271979097545623410359945265343284642921169168998834463520295278694139418038548911510591821045785161380588 0 0 0 0 0 0 0 0 0 0 0 0 0 0 0 0 0 0 0 0 0 0 0 0 0 1 0 0 0 0 0 0 0 0 0 0 0 0 0 0 0 0 0 0 0 0 0 0 0 0 0 0 0 0 0 0 0 0 0 0 0 0 0 0 0 0 0 0 0 0 0 0 0 0 0 0 0]
[3349059980113430267023863378660757261061498832105938413744956668868660448344938760041212253878051184909267473192945343495084530406684746441397397607492217775056045176924934016288322256310808570685565790429424330781715875828991997714548 0 0 0 0 0 0 0 0 0 0 0 0 0 0 0 0 0 0 0 0 0 0 0 0 0 0 1 0 0 0 0 0 0 0 0 0 0 0 0 0 0 0 0 0 0 0 0 0 0 0 0 0 0 0 0 0 0 0 0 0 0 0 0 0 0 0 0 0 0 0 0 0 0 0 0 0 0]
[1668233332040180875586737063546896237259832665284553088636360880642060094905070485795302866200418177882499566923193791085990060239095511375299121058706724627220764785128339723110415210034309112807702766871021788503453472440430612666027 0 0 0 0 0 0 0 0 0 0 0 0 0 0 0 0 0 0 0 0 0 0 0 0 0 0 0 1 0 0 0 0 0 0 0 0 0 0 0 0 0 0 0 0 0 0 0 0 0 0 0 0 0 0 0 0 0 0 0 0 0 0 0 0 0 0 0 0 0 0 0 0 0 0 0 0 0]
[447382435678029120967946962573116181582695325630320895229969726141138654797835223702607317217108107255110106624032207865725066359928716750716383628519270340281903728819298884025892485119732186648959035833868047761657856979134908901281 0 0 0 0 0 0 0 0 0 0 0 0 0 0 0 0 0 0 0 0 0 0 0 0 0 0 0 0 1 0 0 0 0 0 0 0 0 0 0 0 0 0 0 0 0 0 0 0 0 0 0 0 0 0 0 0 0 0 0 0 0 0 0 0 0 0 0 0 0 0 0 0 0 0 0 0 0]
[971324630398996483063920401821637989729436583119585594968472967933299011893108099629295495480398399636513108259915423621203121170419187008670627143045836182338211917029469761152210646083384033324207363658716686778592098045843681253487 0 0 0 0 0 0 0 0 0 0 0 0 0 0 0 0 0 0 0 0 0 0 0 0 0 0 0 0 0 1 0 0 0 0 0 0 0 0 0 0 0 0 0 0 0 0 0 0 0 0 0 0 0 0 0 0 0 0 0 0 0 0 0 0 0 0 0 0 0 0 0 0 0 0 0 0 0]
[1317911811109835633229169612118268781895061620009508585651759976263350217253722630791502273573552005486609066090246778331456210482571850426681563252116274356055211119106338478225246284284471489395252717769839089843841514207102984180787 0 0 0 0 0 0 0 0 0 0 0 0 0 0 0 0 0 0 0 0 0 0 0 0 0 0 0 0 0 0 1 0 0 0 0 0 0 0 0 0 0 0 0 0 0 0 0 0 0 0 0 0 0 0 0 0 0 0 0 0 0 0 0 0 0 0 0 0 0 0 0 0 0 0 0 0 0]
[287437335822098262960645408486428580759556467996332540606177343344053370973033968746354070057260076841416320813150745307690912905185641616785354804099294809798672303975466456855380439631792557023906247419709833064118246121698554278373 0 0 0 0 0 0 0 0 0 0 0 0 0 0 0 0 0 0 0 0 0 0 0 0 0 0 0 0 0 0 0 1 0 0 0 0 0 0 0 0 0 0 0 0 0 0 0 0 0 0 0 0 0 0 0 0 0 0 0 0 0 0 0 0 0 0 0 0 0 0 0 0 0 0 0 0 0]
[1907140308872920140126742648911755683406104586735045059406931903884334432327359859778978246947113643679802179166804778296786984886453226491922397233922298304584131285643163394348279074772826401239939751350356282366199690565570734633885 0 0 0 0 0 0 0 0 0 0 0 0 0 0 0 0 0 0 0 0 0 0 0 0 0 0 0 0 0 0 0 0 1 0 0 0 0 0 0 0 0 0 0 0 0 0 0 0 0 0 0 0 0 0 0 0 0 0 0 0 0 0 0 0 0 0 0 0 0 0 0 0 0 0 0 0 0]
[794557342788073540514420424782669124245490642963974065092492949321119589773647414572711168803466073432269965164391157560579425175704136469837252071280579192312579277007523677563474520647219101651886199624730507241900456977497273450658 0 0 0 0 0 0 0 0 0 0 0 0 0 0 0 0 0 0 0 0 0 0 0 0 0 0 0 0 0 0 0 0 0 1 0 0 0 0 0 0 0 0 0 0 0 0 0 0 0 0 0 0 0 0 0 0 0 0 0 0 0 0 0 0 0 0 0 0 0 0 0 0 0 0 0 0 0]
[3865407246754038447671119755315773843418827916626083468107818685596214107864674522851037205999660966054976352242147131918459962182424881755014249413439862367076652849287711499644075495220302705365696346886384857456110862181245739916394 0 0 0 0 0 0 0 0 0 0 0 0 0 0 0 0 0 0 0 0 0 0 0 0 0 0 0 0 0 0 0 0 0 0 1 0 0 0 0 0 0 0 0 0 0 0 0 0 0 0 0 0 0 0 0 0 0 0 0 0 0 0 0 0 0 0 0 0 0 0 0 0 0 0 0 0 0]
[126659627594345700651346775911592557026909088818399657146689077465725758288636446400753945430336037884201014910462666572268795966614265455666208312957383361306221946273584816706858789259500674708972290382743918810171239117795438181922 0 0 0 0 0 0 0 0 0 0 0 0 0 0 0 0 0 0 0 0 0 0 0 0 0 0 0 0 0 0 0 0 0 0 0 1 0 0 0 0 0 0 0 0 0 0 0 0 0 0 0 0 0 0 0 0 0 0 0 0 0 0 0 0 0 0 0 0 0 0 0 0 0 0 0 0 0]
[1496698945912630521131611424417561891367252676425611597931319422888776348788791465155500043191962603839820361018010393773884485725780481301508374327163449905917344048684021969779296834420495705217466340630672999765004669542567577595916 0 0 0 0 0 0 0 0 0 0 0 0 0 0 0 0 0 0 0 0 0 0 0 0 0 0 0 0 0 0 0 0 0 0 0 0 1 0 0 0 0 0 0 0 0 0 0 0 0 0 0 0 0 0 0 0 0 0 0 0 0 0 0 0 0 0 0 0 0 0 0 0 0 0 0 0 0]
[3298809021168748945694455359625782156966942895929638002322420450915075912857533286714065331176698076656543971122767512086844869572321922686341686454915973423885497347607750873638173798506469080917916507221729274442396538949426971930590 0 0 0 0 0 0 0 0 0 0 0 0 0 0 0 0 0 0 0 0 0 0 0 0 0 0 0 0 0 0 0 0 0 0 0 0 0 1 0 0 0 0 0 0 0 0 0 0 0 0 0 0 0 0 0 0 0 0 0 0 0 0 0 0 0 0 0 0 0 0 0 0 0 0 0 0 0]
[4021989044063191946200101478195349072422278322284632037359859935284200254145978548422978660691394500239032446566960468385454662371918120124775090359048968630888427834659413395317234817544876736201600700091457536379295378395995735237371 0 0 0 0 0 0 0 0 0 0 0 0 0 0 0 0 0 0 0 0 0 0 0 0 0 0 0 0 0 0 0 0 0 0 0 0 0 0 1 0 0 0 0 0 0 0 0 0 0 0 0 0 0 0 0 0 0 0 0 0 0 0 0 0 0 0 0 0 0 0 0 0 0 0 0 0 0]
[3836017150913420685198547704868468528551530884062636822043141598104317203323768001720889279986954995372141447441046694330280115044618409925163352711613097468359641644735271461182730761961365214003800386198121833870591792669595538950024 0 0 0 0 0 0 0 0 0 0 0 0 0 0 0 0 0 0 0 0 0 0 0 0 0 0 0 0 0 0 0 0 0 0 0 0 0 0 0 1 0 0 0 0 0 0 0 0 0 0 0 0 0 0 0 0 0 0 0 0 0 0 0 0 0 0 0 0 0 0 0 0 0 0 0 0 0]
[3413824069300461449845443251492825187863064518847675350706484132262778007314135098531973188356582582731142219211857889030548394934588159246946617345521444271024956500759265127607359427069735460907636153355419853087252228998343369260849 0 0 0 0 0 0 0 0 0 0 0 0 0 0 0 0 0 0 0 0 0 0 0 0 0 0 0 0 0 0 0 0 0 0 0 0 0 0 0 0 1 0 0 0 0 0 0 0 0 0 0 0 0 0 0 0 0 0 0 0 0 0 0 0 0 0 0 0 0 0 0 0 0 0 0 0 0]
[3355391435734246785396352797317572372455720866946367992504466879658728159345819308930067381241869144570803308862406198428020416551249273474326827077293478418347049659656817746294540221054182092522889984526350212932432142586234815877718 0 0 0 0 0 0 0 0 0 0 0 0 0 0 0 0 0 0 0 0 0 0 0 0 0 0 0 0 0 0 0 0 0 0 0 0 0 0 0 0 0 1 0 0 0 0 0 0 0 0 0 0 0 0 0 0 0 0 0 0 0 0 0 0 0 0 0 0 0 0 0 0 0 0 0 0 0]
[533246020551553430514455617409152629052298115903864375733109199021432966947696108320453527050937120435536413517470787935816654938525157148293950341262699424610265532270667216522056975397654925384106160025775566031077285341232553026491 0 0 0 0 0 0 0 0 0 0 0 0 0 0 0 0 0 0 0 0 0 0 0 0 0 0 0 0 0 0 0 0 0 0 0 0 0 0 0 0 0 0 1 0 0 0 0 0 0 0 0 0 0 0 0 0 0 0 0 0 0 0 0 0 0 0 0 0 0 0 0 0 0 0 0 0 0]
[1943334278829419096980784395307730247725888055101313444043113583722994769601784900299382721708736984854848657464895051961048552350202316241989351637212148041692936704565138966562446873211890704977741418209589768982119416593777540200881 0 0 0 0 0 0 0 0 0 0 0 0 0 0 0 0 0 0 0 0 0 0 0 0 0 0 0 0 0 0 0 0 0 0 0 0 0 0 0 0 0 0 0 1 0 0 0 0 0 0 0 0 0 0 0 0 0 0 0 0 0 0 0 0 0 0 0 0 0 0 0 0 0 0 0 0 0]
[3495219487902717047526610906242913075884223243719149681775109690922398207611666934138077265872093800987429584062260940278615646381941866334002261900652901810258748831757667191139720006730475085187794219691063197817424722471359369050129 0 0 0 0 0 0 0 0 0 0 0 0 0 0 0 0 0 0 0 0 0 0 0 0 0 0 0 0 0 0 0 0 0 0 0 0 0 0 0 0 0 0 0 0 1 0 0 0 0 0 0 0 0 0 0 0 0 0 0 0 0 0 0 0 0 0 0 0 0 0 0 0 0 0 0 0 0]
[2945466884735770090139677343566899974930045416706494633513163778164673869613377270052824656887916859664095827900388704352854580304640446218124313300137572822462073284701147426479008776886617045543692360310179807265102298516743084960820 0 0 0 0 0 0 0 0 0 0 0 0 0 0 0 0 0 0 0 0 0 0 0 0 0 0 0 0 0 0 0 0 0 0 0 0 0 0 0 0 0 0 0 0 0 1 0 0 0 0 0 0 0 0 0 0 0 0 0 0 0 0 0 0 0 0 0 0 0 0 0 0 0 0 0 0 0]
[3678540075384084800810839073392836866602617070128359760007610223915039559985376860709981517068829894156995483806458235813789768595647680680432091556517857406745889497846158478655442042531357476030509113407085826947311836086107416366839 0 0 0 0 0 0 0 0 0 0 0 0 0 0 0 0 0 0 0 0 0 0 0 0 0 0 0 0 0 0 0 0 0 0 0 0 0 0 0 0 0 0 0 0 0 0 1 0 0 0 0 0 0 0 0 0 0 0 0 0 0 0 0 0 0 0 0 0 0 0 0 0 0 0 0 0 0]
[3883805169669160781141209656666880954683047445898244725048385384305004762428136260928494385636093152990680846013061270427042918659929838540387056040800009564296022726398690336439815418117406891150774146044176850331117476596472899282908 0 0 0 0 0 0 0 0 0 0 0 0 0 0 0 0 0 0 0 0 0 0 0 0 0 0 0 0 0 0 0 0 0 0 0 0 0 0 0 0 0 0 0 0 0 0 0 1 0 0 0 0 0 0 0 0 0 0 0 0 0 0 0 0 0 0 0 0 0 0 0 0 0 0 0 0 0]
[3841051398008474677307060840195693122071247408256542045328718297555049490885889888111590194765628512760101133660217667537796257097930501536394476810596171474031842404067852686249294673665423491485815005956249001100563170478811020390374 0 0 0 0 0 0 0 0 0 0 0 0 0 0 0 0 0 0 0 0 0 0 0 0 0 0 0 0 0 0 0 0 0 0 0 0 0 0 0 0 0 0 0 0 0 0 0 0 1 0 0 0 0 0 0 0 0 0 0 0 0 0 0 0 0 0 0 0 0 0 0 0 0 0 0 0 0]
[80858327993763782884543940563374464564766155914886669829244135175165168932240182566886997350454441692881815703539551717392694165451308804443165277620033131574284532269509900968736864599016049872536523791930467396699410066368263457725 0 0 0 0 0 0 0 0 0 0 0 0 0 0 0 0 0 0 0 0 0 0 0 0 0 0 0 0 0 0 0 0 0 0 0 0 0 0 0 0 0 0 0 0 0 0 0 0 0 1 0 0 0 0 0 0 0 0 0 0 0 0 0 0 0 0 0 0 0 0 0 0 0 0 0 0 0]
[87749749828942601967064547447939510435248106504708662263652714352255143086814807711679796198813044848874564572714421993730696461986372953799922103961984242392403297340794952625812755968455116281897534566821941675765644290013658599517 0 0 0 0 0 0 0 0 0 0 0 0 0 0 0 0 0 0 0 0 0 0 0 0 0 0 0 0 0 0 0 0 0 0 0 0 0 0 0 0 0 0 0 0 0 0 0 0 0 0 1 0 0 0 0 0 0 0 0 0 0 0 0 0 0 0 0 0 0 0 0 0 0 0 0 0 0]
[446399146499839868286064054912432135985334642208689801966006238881683660798063713322796601975044340245330883549882006508079103274358354493123713442232600969004173286176460477774132108168205057793179466952638419187616952471876230387928 0 0 0 0 0 0 0 0 0 0 0 0 0 0 0 0 0 0 0 0 0 0 0 0 0 0 0 0 0 0 0 0 0 0 0 0 0 0 0 0 0 0 0 0 0 0 0 0 0 0 0 1 0 0 0 0 0 0 0 0 0 0 0 0 0 0 0 0 0 0 0 0 0 0 0 0 0]
[3783538602589665393540184198587754974780266569271223252815386933355639662955065612368135676961454169916099266898547161065015528383222160305002671935875822352885417523687083904336463571064095776928984336543665003224258349790399760410669 0 0 0 0 0 0 0 0 0 0 0 0 0 0 0 0 0 0 0 0 0 0 0 0 0 0 0 0 0 0 0 0 0 0 0 0 0 0 0 0 0 0 0 0 0 0 0 0 0 0 0 0 1 0 0 0 0 0 0 0 0 0 0 0 0 0 0 0 0 0 0 0 0 0 0 0 0]
[2387747523066917553025865092855114318709706870204140192454563525525821945963111316428676600528326755325521969260603188924175208131560134262532144276515235163381825926979284601449442013094299761500570116784598317028441074465579559398583 0 0 0 0 0 0 0 0 0 0 0 0 0 0 0 0 0 0 0 0 0 0 0 0 0 0 0 0 0 0 0 0 0 0 0 0 0 0 0 0 0 0 0 0 0 0 0 0 0 0 0 0 0 1 0 0 0 0 0 0 0 0 0 0 0 0 0 0 0 0 0 0 0 0 0 0 0]
[4048658016767464353887541044911312836050646015568402915349185075792443077574771704674222112974784821733369239977196875488907796556950479037159164804035232699975449150399528412065992633126905501364498777301999167383182326137697219734795 0 0 0 0 0 0 0 0 0 0 0 0 0 0 0 0 0 0 0 0 0 0 0 0 0 0 0 0 0 0 0 0 0 0 0 0 0 0 0 0 0 0 0 0 0 0 0 0 0 0 0 0 0 0 1 0 0 0 0 0 0 0 0 0 0 0 0 0 0 0 0 0 0 0 0 0 0]
[3833474988072759747576950703799550270116004704276852772863925148066908968330112547492698459447662954371041166530335168969750786004862792929719636615864938137727666956398045245093341682786301903045159915661120923486146773294914418126638 0 0 0 0 0 0 0 0 0 0 0 0 0 0 0 0 0 0 0 0 0 0 0 0 0 0 0 0 0 0 0 0 0 0 0 0 0 0 0 0 0 0 0 0 0 0 0 0 0 0 0 0 0 0 0 1 0 0 0 0 0 0 0 0 0 0 0 0 0 0 0 0 0 0 0 0 0]
[1674574533200530630218170394221594079554458471228981507995570042266650202722173044444502857874689594224780469584221008626412124771843571615359495337351811365024560848728480480493465051542632165961799288317012792036284181998168647771816 0 0 0 0 0 0 0 0 0 0 0 0 0 0 0 0 0 0 0 0 0 0 0 0 0 0 0 0 0 0 0 0 0 0 0 0 0 0 0 0 0 0 0 0 0 0 0 0 0 0 0 0 0 0 0 0 1 0 0 0 0 0 0 0 0 0 0 0 0 0 0 0 0 0 0 0 0]
[2635847979412096302549628051403528681351621206315041372239120060406917043633132948387250280683888334008257619730137614702811119816147907363165903002028105497425435571360521859271773709454891607060808527903247603147135953734099254674642 0 0 0 0 0 0 0 0 0 0 0 0 0 0 0 0 0 0 0 0 0 0 0 0 0 0 0 0 0 0 0 0 0 0 0 0 0 0 0 0 0 0 0 0 0 0 0 0 0 0 0 0 0 0 0 0 0 1 0 0 0 0 0 0 0 0 0 0 0 0 0 0 0 0 0 0 0]
[2387511271922514594530406275987336819472755976415938362250758203472539630642023432391394069001099255513251848282488112792730058738710574522808572887767395911453514834110744216217487526733791285743433457643134685865595917426309398773746 0 0 0 0 0 0 0 0 0 0 0 0 0 0 0 0 0 0 0 0 0 0 0 0 0 0 0 0 0 0 0 0 0 0 0 0 0 0 0 0 0 0 0 0 0 0 0 0 0 0 0 0 0 0 0 0 0 0 1 0 0 0 0 0 0 0 0 0 0 0 0 0 0 0 0 0 0]
[2938152883658767393282765373247798850558024482482367415475629369138919530704313390969964988120737910303047622897670429028496504058619881345770612337608240886658784981059744871560249866949595552615181963687073236394506593944364618942463 0 0 0 0 0 0 0 0 0 0 0 0 0 0 0 0 0 0 0 0 0 0 0 0 0 0 0 0 0 0 0 0 0 0 0 0 0 0 0 0 0 0 0 0 0 0 0 0 0 0 0 0 0 0 0 0 0 0 0 1 0 0 0 0 0 0 0 0 0 0 0 0 0 0 0 0 0]
[1903725320245494064030264862367038862397825022421899835996938129631198674488412780398763514796487113846459680004937910973461053963311467818894016240308076368391578432317233744379757856178697159830051200648825155358178126177631832205210 0 0 0 0 0 0 0 0 0 0 0 0 0 0 0 0 0 0 0 0 0 0 0 0 0 0 0 0 0 0 0 0 0 0 0 0 0 0 0 0 0 0 0 0 0 0 0 0 0 0 0 0 0 0 0 0 0 0 0 0 1 0 0 0 0 0 0 0 0 0 0 0 0 0 0 0 0]
[4349581643083527702183665193104481981184291973254552985855410225990041699880623555241473403718882481225912278954775092320039696856028299669420827876575664701449730526454743133145882363780489672474742760528692579680023024607216869504306 0 0 0 0 0 0 0 0 0 0 0 0 0 0 0 0 0 0 0 0 0 0 0 0 0 0 0 0 0 0 0 0 0 0 0 0 0 0 0 0 0 0 0 0 0 0 0 0 0 0 0 0 0 0 0 0 0 0 0 0 0 1 0 0 0 0 0 0 0 0 0 0 0 0 0 0 0]
[2046712849359497085295415571557544820206348058784823943443746423912232233404789776997139730367714229144746861996196900609083634029644274354794881547750527992412903904856214186017929494664858903214101941497706807578706624321984324435241 0 0 0 0 0 0 0 0 0 0 0 0 0 0 0 0 0 0 0 0 0 0 0 0 0 0 0 0 0 0 0 0 0 0 0 0 0 0 0 0 0 0 0 0 0 0 0 0 0 0 0 0 0 0 0 0 0 0 0 0 0 0 1 0 0 0 0 0 0 0 0 0 0 0 0 0 0]
[1566540343770089441047538196209949772236979607367312258250149797135666857375571539975030796083654616813173590959574957785025045970017293604929350151830115092702183257900874028946908035859981211999646829482372229387294227206951998862626 0 0 0 0 0 0 0 0 0 0 0 0 0 0 0 0 0 0 0 0 0 0 0 0 0 0 0 0 0 0 0 0 0 0 0 0 0 0 0 0 0 0 0 0 0 0 0 0 0 0 0 0 0 0 0 0 0 0 0 0 0 0 0 1 0 0 0 0 0 0 0 0 0 0 0 0 0]
[1349550850558062711469883621520606482561418612551991005303256772358190290411842614206042694914840872552095049436436019328857069761450207587767520003855903476424890769951396982448675248837785255050966082691822468175592743215703822177839 0 0 0 0 0 0 0 0 0 0 0 0 0 0 0 0 0 0 0 0 0 0 0 0 0 0 0 0 0 0 0 0 0 0 0 0 0 0 0 0 0 0 0 0 0 0 0 0 0 0 0 0 0 0 0 0 0 0 0 0 0 0 0 0 1 0 0 0 0 0 0 0 0 0 0 0 0]
[4236744573827071938992616205502114418527753057275353434778716461455932937431758692692276699631691267977190169877078167433804620170309766515487260953864895376175269384898540853285989487204673165751299719229575709598761492281150718449385 0 0 0 0 0 0 0 0 0 0 0 0 0 0 0 0 0 0 0 0 0 0 0 0 0 0 0 0 0 0 0 0 0 0 0 0 0 0 0 0 0 0 0 0 0 0 0 0 0 0 0 0 0 0 0 0 0 0 0 0 0 0 0 0 0 1 0 0 0 0 0 0 0 0 0 0 0]
[498954561691657002542523664704277969167307726941902840339167615603765853069017541575360428921188149341384173891133232420697723016837296095565370087766145144296689677449558926929139244654635910813844841073359759695824457224166672301610 0 0 0 0 0 0 0 0 0 0 0 0 0 0 0 0 0 0 0 0 0 0 0 0 0 0 0 0 0 0 0 0 0 0 0 0 0 0 0 0 0 0 0 0 0 0 0 0 0 0 0 0 0 0 0 0 0 0 0 0 0 0 0 0 0 0 1 0 0 0 0 0 0 0 0 0 0]
[4216037013718049408571821472328658057045854750012688286162443430442612991529016156475196125111254760713439589605112410333608114488413182535850434427837116195375384713463718278580937757347838805828887956365137255721915793937919585425502 0 0 0 0 0 0 0 0 0 0 0 0 0 0 0 0 0 0 0 0 0 0 0 0 0 0 0 0 0 0 0 0 0 0 0 0 0 0 0 0 0 0 0 0 0 0 0 0 0 0 0 0 0 0 0 0 0 0 0 0 0 0 0 0 0 0 0 1 0 0 0 0 0 0 0 0 0]
[3329152027651008561020450695133733882813947919200217005201406072219602211243159930056242457959842995803608937090192943511634851080240236049806658205447945447101283134343937904092727316891576959720645924359780701184721873944867928419662 0 0 0 0 0 0 0 0 0 0 0 0 0 0 0 0 0 0 0 0 0 0 0 0 0 0 0 0 0 0 0 0 0 0 0 0 0 0 0 0 0 0 0 0 0 0 0 0 0 0 0 0 0 0 0 0 0 0 0 0 0 0 0 0 0 0 0 0 1 0 0 0 0 0 0 0 0]
[1953917336795677425834614550053533596857705782411988825271672971990169708038016485015616001553568143348589538890335655376831938448967082371871690726091223335658380374732998024873329360181265594120436686219949478482129240064130254216981 0 0 0 0 0 0 0 0 0 0 0 0 0 0 0 0 0 0 0 0 0 0 0 0 0 0 0 0 0 0 0 0 0 0 0 0 0 0 0 0 0 0 0 0 0 0 0 0 0 0 0 0 0 0 0 0 0 0 0 0 0 0 0 0 0 0 0 0 0 1 0 0 0 0 0 0 0]
[3916541430348944826028058656452078238511285913882070238942614326197511950017142435881919438892909412680973778456327198210774830612258759120960865091221044373169285850551906438334615808604295211837386915437707561559782058975683224029573 0 0 0 0 0 0 0 0 0 0 0 0 0 0 0 0 0 0 0 0 0 0 0 0 0 0 0 0 0 0 0 0 0 0 0 0 0 0 0 0 0 0 0 0 0 0 0 0 0 0 0 0 0 0 0 0 0 0 0 0 0 0 0 0 0 0 0 0 0 0 1 0 0 0 0 0 0]
[3242539523079308660824230981511693288311269988233856319491731777005214805358834673543820563668765044274343612582017072389194530865112960338607109567947567079043380384587705295104487578250888174507154848834195286602596006252283905735042 0 0 0 0 0 0 0 0 0 0 0 0 0 0 0 0 0 0 0 0 0 0 0 0 0 0 0 0 0 0 0 0 0 0 0 0 0 0 0 0 0 0 0 0 0 0 0 0 0 0 0 0 0 0 0 0 0 0 0 0 0 0 0 0 0 0 0 0 0 0 0 1 0 0 0 0 0]
[2372243407078760269115539624215308662280439897386337820687747192147876694359534470755624414464406957603255724747800038181589786601212180592399478838394556529116795838666855616689871219205167093435219798625108527142472251272172650124884 0 0 0 0 0 0 0 0 0 0 0 0 0 0 0 0 0 0 0 0 0 0 0 0 0 0 0 0 0 0 0 0 0 0 0 0 0 0 0 0 0 0 0 0 0 0 0 0 0 0 0 0 0 0 0 0 0 0 0 0 0 0 0 0 0 0 0 0 0 0 0 0 1 0 0 0 0]
[1200860157782872767322436082152866691844936427147936714397349690975763644463456419404680692695769971710571976190629111377515096506401734148463024016031040702080964015550691489827993932583137503893752133742339096398063920117962402429602 0 0 0 0 0 0 0 0 0 0 0 0 0 0 0 0 0 0 0 0 0 0 0 0 0 0 0 0 0 0 0 0 0 0 0 0 0 0 0 0 0 0 0 0 0 0 0 0 0 0 0 0 0 0 0 0 0 0 0 0 0 0 0 0 0 0 0 0 0 0 0 0 0 1 0 0 0]
[903436851446667042173725636357110350435117206752188579212670256558046184101480126146806271519779079943562387328393487849290002433109383634142989236979195217441029010997983358328207394978683444376615789667954062770037547960676684387447 0 0 0 0 0 0 0 0 0 0 0 0 0 0 0 0 0 0 0 0 0 0 0 0 0 0 0 0 0 0 0 0 0 0 0 0 0 0 0 0 0 0 0 0 0 0 0 0 0 0 0 0 0 0 0 0 0 0 0 0 0 0 0 0 0 0 0 0 0 0 0 0 0 0 1 0 0]
[3796909921099659356497299374905415110304881101807382676056155592042858286820096390528725814543636755612144001874291923859537491658501360492868751733497289196652277596770977301158636102975370463061820683267590111904155843072546667886689 0 0 0 0 0 0 0 0 0 0 0 0 0 0 0 0 0 0 0 0 0 0 0 0 0 0 0 0 0 0 0 0 0 0 0 0 0 0 0 0 0 0 0 0 0 0 0 0 0 0 0 0 0 0 0 0 0 0 0 0 0 0 0 0 0 0 0 0 0 0 0 0 0 0 0 1 0]
[1168134761775327007015157410660343169310113174789769809843463033438641972145427100807922056905838722245071800708598858715463408103729431376246470083661526296552682293355010728838822924460526696845307368063152299274139702024702301551600 0 0 0 0 0 0 0 0 0 0 0 0 0 0 0 0 0 0 0 0 0 0 0 0 0 0 0 0 0 0 0 0 0 0 0 0 0 0 0 0 0 0 0 0 0 0 0 0 0 0 0 0 0 0 0 0 0 0 0 0 0 0 0 0 0 0 0 0 0 0 0 0 0 0 0 0 1]
]
78 79 5
[1 1 1 1 1 1 1 1 1 1 1 1 1 1 1 1 1 1 1 1 1 1 1 1 1 1 1 1 1 1 1 1 1 1 1 1 1 1 1 1 1 1 1 1 1 1 1 1 1 1 1 1 1 1 1 1 1 1 1 1 1 1 1 1 1 1 1 1 1 1 1 1 1 1 1 1 1 1 1]
