[[3232721514866276715342415675588255272802014921653849456336016993919603312949994665021827076947581940072672120167506277848826543247198521065186440880812109620611756243454046933746898595453116488335049988456659197038123822320346841196937 0 0 0 0 0 0 0 0 0 0 0 0 0 0 0 0 0 0 0 0 0 0 0 0 0 0 0 0 0 0 0 0 0 0 0 0 0 0 0 0 0 0 0 0 0 0 0 0 0 0 0 0 0 0 0 0 0 0 0 0 0 0 0 0 0 0 0 0 0 0 0 0 0 0 0 0 0]
[560233004832428802231612868941199228622031574399725692265613750976107778086409501489774619063941254496233748942100994683033993182937978913910735774232534459913431301981471956439933149512456697896265059211179777444611547923285843940545 1 0 0 0 0 0 0 0 0 0 0 0 0 0 0 0 0 0 0 0 0 0 0 0 0 0 0 0 0 0 0 0 0 0 0 0 0 0 0 0 0 0 0 0 0 0 0 0 0 0 0 0 0 0 0 0 0 0 0 0 0 0 0 0 0 0 0 0 0 0 0 0 0 0 0 0 0]
[2609951101475320747482664997808485976756925872199754936851178042527516536679611762082319393814472904596774393698822681355923433941970655809404077137733331370227520574904417517994700111603503027984310766133922487810734760976500453476002 0 1 0 0 0 0 0 0 0 0 0 0 0 0 0 0 0 0 0 0 0 0 0 0 0 0 0 0 0 0 0 0 0 0 0 0 0 0 0 0 0 0 0 0 0 0 0 0 0 0 0 0 0 0 0 0 0 0 0 0 0 0 0 0 0 0 0 0 0 0 0 0 0 0 0 0 0]
[69810763565766112595702593408836090712712997115810371652108390919881241596495113973258230092237934878108650771028300898755329592341120747412284061621241819315428346096083469429414828563561153355141119990996570945979807634688567572448 0 0 1 0 0 0 0 0 0 0 0 0 0 0 0 0 0 0 0 0 0 0 0 0 0 0 0 0 0 0 0 0 0 0 0 0 0 0 0 0 0 0 0 0 0 0 0 0 0 0 0 0 0 0 0 0 0 0 0 0 0 0 0 0 0 0 0 0 0 0 0 0 0 0 0 0 0]
[1537304183176434013376914503873728692945191271302541284988274325533626383690751522057596933168484041756061227354177862695847289480564041958833538390085064898337708812238002673300716343562154275931017496747801063486463888300911183823678 0 0 0 1 0 0 0 0 0 0 0 0 0 0 0 0 0 0 0 0 0 0 0 0 0 0 0 0 0 0 0 0 0 0 0 0 0 0 0 0 0 0 0 0 0 0 0 0 0 0 0 0 0 0 0 0 0 0 0 0 0 0 0 0 0 0 0 0 0 0 0 0 0 0 0 0 0]
[1234863687063417699545792121154501530797973084127792329095902069045985043972303734948302109694464167267297012926276727688513967072939054624890349016149179118054204126740804394502438147991909664836406665127115919934623791229100234724024 0 0 0 0 1 0 0 0 0 0 0 0 0 0 0 0 0 0 0 0 0 0 0 0 0 0 0 0 0 0 0 0 0 0 0 0 0 0 0 0 0 0 0 0 0 0 0 0 0 0 0 0 0 0 0 0 0 0 0 0 0 0 0 0 0 0 0 0 0 0 0 0 0 0 0 0 0]
[1877698378387015809484700031260036475752050064585274252259685281209621345353656280656063075936915426509416589285519032633877917977485074834996001848457237112590986324390926971101142611435371869547077180755994113496201373800312639698965 0 0 0 0 0 1 0 0 0 0 0 0 0 0 0 0 0 0 0 0 0 0 0 0 0 0 0 0 0 0 0 0 0 0 0 0 0 0 0 0 0 0 0 0 0 0 0 0 0 0 0 0 0 0 0 0 0 0 0 0 0 0 0 0 0 0 0 0 0 0 0 0 0 0 0 0 0]
[1878985707442085610973144538901752219275915006834265056349563503930219211447532396227369984272107421742620423795781864301346791134626101001227156630502440202592945442481872462425762790838860867400230618474273802858274746517095903999715 0 0 0 0 0 0 1 0 0 0 0 0 0 0 0 0 0 0 0 0 0 0 0 0 0 0 0 0 0 0 0 0 0 0 0 0 0 0 0 0 0 0 0 0 0 0 0 0 0 0 0 0 0 0 0 0 0 0 0 0 0 0 0 0 0 0 0 0 0 0 0 0 0 0 0 0 0]
[3209950695109521240207921919263568992547881371741436914383687603135501308000741184093921100028559970665594694365025944822669148110650457952493836299301173224442945384439692691268578097046693941308365092019799356637262980811781156826760 0 0 0 0 0 0 0 1 0 0 0 0 0 0 0 0 0 0 0 0 0 0 0 0 0 0 0 0 0 0 0 0 0 0 0 0 0 0 0 0 0 0 0 0 0 0 0 0 0 0 0 0 0 0 0 0 0 0 0 0 0 0 0 0 0 0 0 0 0 0 0 0 0 0 0 0 0]
[1243980184526640737003616429760947645065768826434174489155924522468013046525213920071265928098991771039097743373690841561829750568600938527515442486531997263926292006597368524363382857033563440305777110950276658234746039280534668371121 0 0 0 0 0 0 0 0 1 0 0 0 0 0 0 0 0 0 0 0 0 0 0 0 0 0 0 0 0 0 0 0 0 0 0 0 0 0 0 0 0 0 0 0 0 0 0 0 0 0 0 0 0 0 0 0 0 0 0 0 0 0 0 0 0 0 0 0 0 0 0 0 0 0 0 0 0]
[2258656732929123128785433442789440309354094136296744687191866856913158828715621390190866066569168195585616908876120565316898174174477114948037799640165202036124446020555591432981300731710599930893652947734468583591707388730609031607736 0 0 0 0 0 0 0 0 0 1 0 0 0 0 0 0 0 0 0 0 0 0 0 0 0 0 0 0 0 0 0 0 0 0 0 0 0 0 0 0 0 0 0 0 0 0 0 0 0 0 0 0 0 0 0 0 0 0 0 0 0 0 0 0 0 0 0 0 0 0 0 0 0 0 0 0 0]
[2832962454113055972636741321420701130637280457273065317488128319322379470385735014944641330532668244855617457444615100471547186503114146642102000847080863662653626151018927828149789947285011951553314750265589844522820613539222196924431 0 0 0 0 0 0 0 0 0 0 1 0 0 0 0 0 0 0 0 0 0 0 0 0 0 0 0 0 0 0 0 0 0 0 0 0 0 0 0 0 0 0 0 0 0 0 0 0 0 0 0 0 0 0 0 0 0 0 0 0 0 0 0 0 0 0 0 0 0 0 0 0 0 0 0 0 0]
[661902487189604410499976168013565311764370265494897751209625374119753579697887306918391137482202911468820364869011193977885393099505928977902468808785149878353814402453117668744202394104349248035784099328849280046048143508186589342189 0 0 0 0 0 0 0 0 0 0 0 1 0 0 0 0 0 0 0 0 0 0 0 0 0 0 0 0 0 0 0 0 0 0 0 0 0 0 0 0 0 0 0 0 0 0 0 0 0 0 0 0 0 0 0 0 0 0 0 0 0 0 0 0 0 0 0 0 0 0 0 0 0 0 0 0 0]
[1831254785516179344163622525802196107508020011532172377545608834281534709982114023917034747098823173428704396471370205354426420324789085090819887334038949153892038212784584871247120855628366366862136524432675419354104393452411276227715 0 0 0 0 0 0 0 0 0 0 0 0 1 0 0 0 0 0 0 0 0 0 0 0 0 0 0 0 0 0 0 0 0 0 0 0 0 0 0 0 0 0 0 0 0 0 0 0 0 0 0 0 0 0 0 0 0 0 0 0 0 0 0 0 0 0 0 0 0 0 0 0 0 0 0 0 0]
[1947912637571605349941627900954254834688908164214362094177728598460811441339276050934620241580314312493141060480689529408426392057279376816175678359423002801790063823642758540103516300474074315650894724256118019165528436685444980617985 0 0 0 0 0 0 0 0 0 0 0 0 0 1 0 0 0 0 0 0 0 0 0 0 0 0 0 0 0 0 0 0 0 0 0 0 0 0 0 0 0 0 0 0 0 0 0 0 0 0 0 0 0 0 0 0 0 0 0 0 0 0 0 0 0 0 0 0 0 0 0 0 0 0 0 0 0]
[52414017518553885221346440704597924570625117485901508839773417529407886747934580089245991332320440751643120908649995995669324169031064508235405098684193691714785170904600081575479329563599110893208445130312817572321645749483475727051 0 0 0 0 0 0 0 0 0 0 0 0 0 0 1 0 0 0 0 0 0 0 0 0 0 0 0 0 0 0 0 0 0 0 0 0 0 0 0 0 0 0 0 0 0 0 0 0 0 0 0 0 0 0 0 0 0 0 0 0 0 0 0 0 0 0 0 0 0 0 0 0 0 0 0 0 0]
[2760709349779278117787049427224434241358752585139458570568911147340958853977387214003862993393059641003814962375626622183732822161730402872358780702711487375792985827180138033049811197204903132127691689168330015558092195483289480369730 0 0 0 0 0 0 0 0 0 0 0 0 0 0 0 1 0 0 0 0 0 0 0 0 0 0 0 0 0 0 0 0 0 0 0 0 0 0 0 0 0 0 0 0 0 0 0 0 0 0 0 0 0 0 0 0 0 0 0 0 0 0 0 0 0 0 0 0 0 0 0 0 0 0 0 0 0]
[2784314698514329766836811776447150273950927731858110068210293074390488407782341727320859612423843161276396576855116970988280018202171735102521485752891559988447008957982916567017475997634857939667143177460135443214793034230355735361390 0 0 0 0 0 0 0 0 0 0 0 0 0 0 0 0 1 0 0 0 0 0 0 0 0 0 0 0 0 0 0 0 0 0 0 0 0 0 0 0 0 0 0 0 0 0 0 0 0 0 0 0 0 0 0 0 0 0 0 0 0 0 0 0 0 0 0 0 0 0 0 0 0 0 0 0 0]
[164413223298857238258605673195735538150643581873687947561124902496010928282593015870698151360202504793186708475953969199484910844756491889094483650948549351773712644014031158374305083628144571703156916427092878848615887460032366739012 0 0 0 0 0 0 0 0 0 0 0 0 0 0 0 0 0 1 0 0 0 0 0 0 0 0 0 0 0 0 0 0 0 0 0 0 0 0 0 0 0 0 0 0 0 0 0 0 0 0 0 0 0 0 0 0 0 0 0 0 0 0 0 0 0 0 0 0 0 0 0 0 0 0 0 0 0]
[767780139313612326175429984283538978139262384206081735323596086313095821022533932850228767115011220144834966415597354049400735727109427077763535718662169470914194321016469641626500236735175757003013559025223365429113287029883432011920 0 0 0 0 0 0 0 0 0 0 0 0 0 0 0 0 0 0 1 0 0 0 0 0 0 0 0 0 0 0 0 0 0 0 0 0 0 0 0 0 0 0 0 0 0 0 0 0 0 0 0 0 0 0 0 0 0 0 0 0 0 0 0 0 0 0 0 0 0 0 0 0 0 0 0 0 0]
[332102858629116624494535964067269347345524251856601175827054835419308250641652978530287882850858176549597378366043909614701992052091939449839845021592335796352623716631109745692066945442288957975298838043362825853344951693291490942442 0 0 0 0 0 0 0 0 0 0 0 0 0 0 0 0 0 0 0 1 0 0 0 0 0 0 0 0 0 0 0 0 0 0 0 0 0 0 0 0 0 0 0 0 0 0 0 0 0 0 0 0 0 0 0 0 0 0 0 0 0 0 0 0 0 0 0 0 0 0 0 0 0 0 0 0 0]
[2085499862735285744876272694603252332517520394576384667513741150651137991680575530893269218142914937807580370374207296727354979913386666216006795183502480350259961842544625564964576628488451248703527353713765677611631126054544169140172 0 0 0 0 0 0 0 0 0 0 0 0 0 0 0 0 0 0 0 0 1 0 0 0 0 0 0 0 0 0 0 0 0 0 0 0 0 0 0 0 0 0 0 0 0 0 0 0 0 0 0 0 0 0 0 0 0 0 0 0 0 0 0 0 0 0 0 0 0 0 0 0 0 0 0 0 0]
[2420480989183150174929956814148152707521016976163266891445334833536087196431297863892547353671634462732285908234061091778880716656977879604598253370977987618200077879731775905515263841069244332196010052459244749639039856638033778364091 0 0 0 0 0 0 0 0 0 0 0 0 0 0 0 0 0 0 0 0 0 1 0 0 0 0 0 0 0 0 0 0 0 0 0 0 0 0 0 0 0 0 0 0 0 0 0 0 0 0 0 0 0 0 0 0 0 0 0 0 0 0 0 0 0 0 0 0 0 0 0 0 0 0 0 0 0]
[689793298377927990294366443586292273750234304538522295025417859703461519629930370715646339713797505510458201534533403149678654251436849927387195841507983970153141078591364663149526945055069215474704292110580032142289452034355974880127 0 0 0 0 0 0 0 0 0 0 0 0 0 0 0 0 0 0 0 0 0 0 1 0 0 0 0 0 0 0 0 0 0 0 0 0 0 0 0 0 0 0 0 0 0 0 0 0 0 0 0 0 0 0 0 0 0 0 0 0 0 0 0 0 0 0 0 0 0 0 0 0 0 0 0 0 0]
[2037580479748801226581124184664527676598255243835965246684339392497633907600206850288374845092962232763833877916115405108702959307381103390789037897402135745405954977103560182502702606629588689563366501018761046683572041991366267739869 0 0 0 0 0 0 0 0 0 0 0 0 0 0 0 0 0 0 0 0 0 0 0 1 0 0 0 0 0 0 0 0 0 0 0 0 0 0 0 0 0 0 0 0 0 0 0 0 0 0 0 0 0 0 0 0 0 0 0 0 0 0 0 0 0 0 0 0 0 0 0 0 0 0 0 0 0]
[1984445310550773493717778607275861319651095233658778614571784025571598285017113118236161367164029609114256211408895430455434329382552925317939761190928195123746757666754246259388462031609199223858772835706850118376118463321070706131624 0 0 0 0 0 0 0 0 0 0 0 0 0 0 0 0 0 0 0 0 0 0 0 0 1 0 0 0 0 0 0 0 0 0 0 0 0 0 0 0 0 0 0 0 0 0 0 0 0 0 0 0 0 0 0 0 0 0 0 0 0 0 0 0 0 0 0 0 0 0 0 0 0 0 0 0 0]
[2095865092206416934468579583241926569714826860343587878141205272547545906163851560718605160353435151899514941112068679929940552061654164842057459213705552307855691927010167847099564796210168151650174497596765857970076444616573653022274 0 0 0 0 0 0 0 0 0 0 0 0 0 0 0 0 0 0 0 0 0 0 0 0 0 1 0 0 0 0 0 0 0 0 0 0 0 0 0 0 0 0 0 0 0 0 0 0 0 0 0 0 0 0 0 0 0 0 0 0 0 0 0 0 0 0 0 0 0 0 0 0 0 0 0 0 0]
[2928721258992455508557822882856924967230553655443367472237338323517360474222560104332469145400863086293491341414580712750950049367144535195928618446808163730746859923152368373799942869599431824616344460740056767443540501291296660066053 0 0 0 0 0 0 0 0 0 0 0 0 0 0 0 0 0 0 0 0 0 0 0 0 0 0 1 0 0 0 0 0 0 0 0 0 0 0 0 0 0 0 0 0 0 0 0 0 0 0 0 0 0 0 0 0 0 0 0 0 0 0 0 0 0 0 0 0 0 0 0 0 0 0 0 0 0]
[1329062172105619503587827603065962220082727113020479330237397689537723884715843776737544596517995520215961444599703598756599792788556894649571442284981004084722971009319651231356361808740845769731402480666286303474083039876847826380639 0 0 0 0 0 0 0 0 0 0 0 0 0 0 0 0 0 0 0 0 0 0 0 0 0 0 0 1 0 0 0 0 0 0 0 0 0 0 0 0 0 0 0 0 0 0 0 0 0 0 0 0 0 0 0 0 0 0 0 0 0 0 0 0 0 0 0 0 0 0 0 0 0 0 0 0 0]
[1185469111859751737763563770303751997154371970391156316156735695302803654315297637767334885100086276719073894842613909302597292451044794951415785314765003107396850436478803759093924294570389344268178149593980858057337798591479418336017 0 0 0 0 0 0 0 0 0 0 0 0 0 0 0 0 0 0 0 0 0 0 0 0 0 0 0 0 1 0 0 0 0 0 0 0 0 0 0 0 0 0 0 0 0 0 0 0 0 0 0 0 0 0 0 0 0 0 0 0 0 0 0 0 0 0 0 0 0 0 0 0 0 0 0 0 0]
[3211680687107772959485362714656226264679010502930191564384955219856877030270064955140623783526201550132230102298173907480859972149483025839063304797766680881529783769646455213751852081326937647972723031820687740941954067512943032857351 0 0 0 0 0 0 0 0 0 0 0 0 0 0 0 0 0 0 0 0 0 0 0 0 0 0 0 0 0 1 0 0 0 0 0 0 0 0 0 0 0 0 0 0 0 0 0 0 0 0 0 0 0 0 0 0 0 0 0 0 0 0 0 0 0 0 0 0 0 0 0 0 0 0 0 0 0]
[3232457366513024410908595937161514505592661057663104923222052323945670617922426852593868403939306175526916815390026503619726919025418172621067315074620262539113378888447863070674573318454528032682369376381461614040438047681469121498861 0 0 0 0 0 0 0 0 0 0 0 0 0 0 0 0 0 0 0 0 0 0 0 0 0 0 0 0 0 0 1 0 0 0 0 0 0 0 0 0 0 0 0 0 0 0 0 0 0 0 0 0 0 0 0 0 0 0 0 0 0 0 0 0 0 0 0 0 0 0 0 0 0 0 0 0 0]
[2492963861983918149780872399675828669171247516292120855559317113997835260782651487345029301806065100797371656699506413560901367762368437822375102293309809461826002264849146429989519941206684013765756164808526224745350596879714261818857 0 0 0 0 0 0 0 0 0 0 0 0 0 0 0 0 0 0 0 0 0 0 0 0 0 0 0 0 0 0 0 1 0 0 0 0 0 0 0 0 0 0 0 0 0 0 0 0 0 0 0 0 0 0 0 0 0 0 0 0 0 0 0 0 0 0 0 0 0 0 0 0 0 0 0 0 0]
[2790753914385293827058714914034128927837276898222164542255122378731050343629190282079422125429853628101627240183704474175788646494341138493559836504808409497075399842452625648727461529917644033732764982423288259602984211931086144773476 0 0 0 0 0 0 0 0 0 0 0 0 0 0 0 0 0 0 0 0 0 0 0 0 0 0 0 0 0 0 0 0 1 0 0 0 0 0 0 0 0 0 0 0 0 0 0 0 0 0 0 0 0 0 0 0 0 0 0 0 0 0 0 0 0 0 0 0 0 0 0 0 0 0 0 0 0]
[1818918266990329626738975017671246999932772497990418018108938348923168942641587369879305596061729173507829301299020318040834905294126757862666079649754783768211088037015832705664522513339062951015119522607944908558383956994852407584162 0 0 0 0 0 0 0 0 0 0 0 0 0 0 0 0 0 0 0 0 0 0 0 0 0 0 0 0 0 0 0 0 0 1 0 0 0 0 0 0 0 0 0 0 0 0 0 0 0 0 0 0 0 0 0 0 0 0 0 0 0 0 0 0 0 0 0 0 0 0 0 0 0 0 0 0 0]
[266381248281961367725074018503683621964460765072260326434098024415106602002460271825683455295286638664618637347946145825446229075093851725114347299874216328284232577668774905654171335742184357890747821241369674775793251932638320337468 0 0 0 0 0 0 0 0 0 0 0 0 0 0 0 0 0 0 0 0 0 0 0 0 0 0 0 0 0 0 0 0 0 0 1 0 0 0 0 0 0 0 0 0 0 0 0 0 0 0 0 0 0 0 0 0 0 0 0 0 0 0 0 0 0 0 0 0 0 0 0 0 0 0 0 0 0]
[72006890468850284250142704417295859008434262353793138615529034121830367129638596242713147134182608221756435167154840254508359798258565716199034081448587343785308381393066659589687014170740452755875846249301221595899309180205240572056 0 0 0 0 0 0 0 0 0 0 0 0 0 0 0 0 0 0 0 0 0 0 0 0 0 0 0 0 0 0 0 0 0 0 0 1 0 0 0 0 0 0 0 0 0 0 0 0 0 0 0 0 0 0 0 0 0 0 0 0 0 0 0 0 0 0 0 0 0 0 0 0 0 0 0 0 0]
[502790271272826187741863390585414430641778761181028885368355732806951437656316157045136826800852617883926010402226671143551068870863126154379658920567053124679531366689464440264628720472635820566983495811386365588557783379420239942668 0 0 0 0 0 0 0 0 0 0 0 0 0 0 0 0 0 0 0 0 0 0 0 0 0 0 0 0 0 0 0 0 0 0 0 0 1 0 0 0 0 0 0 0 0 0 0 0 0 0 0 0 0 0 0 0 0 0 0 0 0 0 0 0 0 0 0 0 0 0 0 0 0 0 0 0 0]
[2800857073272239348471494313987857063762725497805251063382358096875743610355503616369243032131189581031823332431636223575743872235302291798927316572655008081340170146505573614339665898038702246524697214927613532092088762435733104266165 0 0 0 0 0 0 0 0 0 0 0 0 0 0 0 0 0 0 0 0 0 0 0 0 0 0 0 0 0 0 0 0 0 0 0 0 0 1 0 0 0 0 0 0 0 0 0 0 0 0 0 0 0 0 0 0 0 0 0 0 0 0 0 0 0 0 0 0 0 0 0 0 0 0 0 0 0]
[3229132914402142789720091373249633520804947524834193096605663668695983066122882500352406367765756244404354212835424384005684643236191243832706294002923652667346205861304766734687563594389159031234690279339388341422852006997780804488167 0 0 0 0 0 0 0 0 0 0 0 0 0 0 0 0 0 0 0 0 0 0 0 0 0 0 0 0 0 0 0 0 0 0 0 0 0 0 1 0 0 0 0 0 0 0 0 0 0 0 0 0 0 0 0 0 0 0 0 0 0 0 0 0 0 0 0 0 0 0 0 0 0 0 0 0 0]
[3123284856762166498778031797080016430805815767176942374808411149975955093372968273447778559882524823528861004257984980611994783897507057575353331029875144946397898875411295563544299606053259288568123251714124256479353070575311611423659 0 0 0 0 0 0 0 0 0 0 0 0 0 0 0 0 0 0 0 0 0 0 0 0 0 0 0 0 0 0 0 0 0 0 0 0 0 0 0 1 0 0 0 0 0 0 0 0 0 0 0 0 0 0 0 0 0 0 0 0 0 0 0 0 0 0 0 0 0 0 0 0 0 0 0 0 0]
[2594695811048500957899098094194229268516401227295186276038569656832253123024583242769496926524695319155469032725910864852862076364116568061361919765356312303325995008230435521729127658638261377223649899751856754617722631516495125151683 0 0 0 0 0 0 0 0 0 0 0 0 0 0 0 0 0 0 0 0 0 0 0 0 0 0 0 0 0 0 0 0 0 0 0 0 0 0 0 0 1 0 0 0 0 0 0 0 0 0 0 0 0 0 0 0 0 0 0 0 0 0 0 0 0 0 0 0 0 0 0 0 0 0 0 0 0]
[1016801829939248772577581030508545954588923664443638362726023250987974793477198560661191815054312451606007707765366032053005178943696582472837138556239332439376436502380708119055502306004860427858570272056105730312753438416250584220241 0 0 0 0 0 0 0 0 0 0 0 0 0 0 0 0 0 0 0 0 0 0 0 0 0 0 0 0 0 0 0 0 0 0 0 0 0 0 0 0 0 1 0 0 0 0 0 0 0 0 0 0 0 0 0 0 0 0 0 0 0 0 0 0 0 0 0 0 0 0 0 0 0 0 0 0 0]
[782828416271447303158909888089843978696908282931110498470071630171865091200027410335786524126060743727972584381357823986676558227648289372550559318952905090399566796553364542583146722428542272899326527161298362073061336844763713144140 0 0 0 0 0 0 0 0 0 0 0 0 0 0 0 0 0 0 0 0 0 0 0 0 0 0 0 0 0 0 0 0 0 0 0 0 0 0 0 0 0 0 1 0 0 0 0 0 0 0 0 0 0 0 0 0 0 0 0 0 0 0 0 0 0 0 0 0 0 0 0 0 0 0 0 0 0]
[2912902465491913225898822840631187343828082514329059940347803428059454714271996438710127618289406561462249948510878189697269927475478189034410820245856080254240520353777745892133771579388559943277551425338153619698525752338713484496405 0 0 0 0 0 0 0 0 0 0 0 0 0 0 0 0 0 0 0 0 0 0 0 0 0 0 0 0 0 0 0 0 0 0 0 0 0 0 0 0 0 0 0 1 0 0 0 0 0 0 0 0 0 0 0 0 0 0 0 0 0 0 0 0 0 0 0 0 0 0 0 0 0 0 0 0 0]
[1254045823359458802491052230421104837649222516502212373076214362475627471872673174323157490601115244022436875488429810275050749259807063877120655448246246284782705980326484196210798908113080418433864081939116409502277050463045575766576 0 0 0 0 0 0 0 0 0 0 0 0 0 0 0 0 0 0 0 0 0 0 0 0 0 0 0 0 0 0 0 0 0 0 0 0 0 0 0 0 0 0 0 0 1 0 0 0 0 0 0 0 0 0 0 0 0 0 0 0 0 0 0 0 0 0 0 0 0 0 0 0 0 0 0 0 0]
[1924696836379578742212310425049762479106172052829371141638801752824914423065557283271295341600382491820057638512304577895873340915933390623444660394036756798409326216000998068984279027027151781310868082976966275387334829347149519885440 0 0 0 0 0 0 0 0 0 0 0 0 0 0 0 0 0 0 0 0 0 0 0 0 0 0 0 0 0 0 0 0 0 0 0 0 0 0 0 0 0 0 0 0 0 1 0 0 0 0 0 0 0 0 0 0 0 0 0 0 0 0 0 0 0 0 0 0 0 0 0 0 0 0 0 0 0]
[299931692813129643463960089455765076509555949608034723918235050013941891057652677871027643036005409208371521871155629538589189938512133873667642661857190136663686812686780382804988731145132453031789999540687326806407747752424713717528 0 0 0 0 0 0 0 0 0 0 0 0 0 0 0 0 0 0 0 0 0 0 0 0 0 0 0 0 0 0 0 0 0 0 0 0 0 0 0 0 0 0 0 0 0 0 1 0 0 0 0 0 0 0 0 0 0 0 0 0 0 0 0 0 0 0 0 0 0 0 0 0 0 0 0 0 0]
[1635190669970510772006466676601040062164309670353082193180032492633938882677048132017034249610350141798492359389370513810762723034854983607748799336528746681532200423911824899013057700884698497382000057847323447023920776770817656891872 0 0 0 0 0 0 0 0 0 0 0 0 0 0 0 0 0 0 0 0 0 0 0 0 0 0 0 0 0 0 0 0 0 0 0 0 0 0 0 0 0 0 0 0 0 0 0 1 0 0 0 0 0 0 0 0 0 0 0 0 0 0 0 0 0 0 0 0 0 0 0 0 0 0 0 0 0]
[2706596924474461243674857392266105879617243436419043777134398821111346943578753760798263492427250417668989247258732732056847105869591605881554824418829538862692813632639071455487690051148162347017047546693710591792146152070586290599679 0 0 0 0 0 0 0 0 0 0 0 0 0 0 0 0 0 0 0 0 0 0 0 0 0 0 0 0 0 0 0 0 0 0 0 0 0 0 0 0 0 0 0 0 0 0 0 0 1 0 0 0 0 0 0 0 0 0 0 0 0 0 0 0 0 0 0 0 0 0 0 0 0 0 0 0 0]
[2763800183284038733794569205020465026262036421657053720867063965361859631967689994408446811400960852327244683125825866177176063299912583533918850591462841282422938539667070930452313760279731556412805108255663515879291254170058980248064 0 0 0 0 0 0 0 0 0 0 0 0 0 0 0 0 0 0 0 0 0 0 0 0 0 0 0 0 0 0 0 0 0 0 0 0 0 0 0 0 0 0 0 0 0 0 0 0 0 1 0 0 0 0 0 0 0 0 0 0 0 0 0 0 0 0 0 0 0 0 0 0 0 0 0 0 0]
[221018339149887445055188898222422431201386441495493036242071354228530491599302281351086009125244955678124645113444721433130070435825374800799341416630844067857360938576689615808025628843636751333238080806495096478502829249844600562425 0 0 0 0 0 0 0 0 0 0 0 0 0 0 0 0 0 0 0 0 0 0 0 0 0 0 0 0 0 0 0 0 0 0 0 0 0 0 0 0 0 0 0 0 0 0 0 0 0 0 1 0 0 0 0 0 0 0 0 0 0 0 0 0 0 0 0 0 0 0 0 0 0 0 0 0 0]
[1508419402479859983032366679632946148958399594150953694854692507759127037924086504016296495876381929755140888195959294840005323892007714252381840037068536915381941237108071169128598703838099854101212006795235314621095341118569521690455 0 0 0 0 0 0 0 0 0 0 0 0 0 0 0 0 0 0 0 0 0 0 0 0 0 0 0 0 0 0 0 0 0 0 0 0 0 0 0 0 0 0 0 0 0 0 0 0 0 0 0 1 0 0 0 0 0 0 0 0 0 0 0 0 0 0 0 0 0 0 0 0 0 0 0 0 0]
[2546770455780223983499642887190340862277186360961953136066676928309387593326526931678074196965643654679734335478321602055243949280722889224982778856554172828388296629566690753818888866711103410037952809286823051753682709122758485612943 0 0 0 0 0 0 0 0 0 0 0 0 0 0 0 0 0 0 0 0 0 0 0 0 0 0 0 0 0 0 0 0 0 0 0 0 0 0 0 0 0 0 0 0 0 0 0 0 0 0 0 0 1 0 0 0 0 0 0 0 0 0 0 0 0 0 0 0 0 0 0 0 0 0 0 0 0]
[3212706313683231306208492450417143925423915016879914907889446344981830378805373240686653810688468922618404693822132570282130755981484233405838874065570964524019769785824596340966481511644887855244764981524194743571742169703157776867909 0 0 0 0 0 0 0 0 0 0 0 0 0 0 0 0 0 0 0 0 0 0 0 0 0 0 0 0 0 0 0 0 0 0 0 0 0 0 0 0 0 0 0 0 0 0 0 0 0 0 0 0 0 1 0 0 0 0 0 0 0 0 0 0 0 0 0 0 0 0 0 0 0 0 0 0 0]
[289717336206106295455700634860310483817199435728470315295740533877745994464191999871176216834023878918740341757260132598211245055504768115580360746059703126816699464857572692462225046103062607918478098645440026077254613204773305768055 0 0 0 0 0 0 0 0 0 0 0 0 0 0 0 0 0 0 0 0 0 0 0 0 0 0 0 0 0 0 0 0 0 0 0 0 0 0 0 0 0 0 0 0 0 0 0 0 0 0 0 0 0 0 1 0 0 0 0 0 0 0 0 0 0 0 0 0 0 0 0 0 0 0 0 0 0]
[2193255104290031225843093379188127346389991000000216018129216968029526170070474487636539528018982906147175654786947037231155723443080706445420706193230860039872247747455379370958827445140407923294858673021421816879275940830584961508278 0 0 0 0 0 0 0 0 0 0 0 0 0 0 0 0 0 0 0 0 0 0 0 0 0 0 0 0 0 0 0 0 0 0 0 0 0 0 0 0 0 0 0 0 0 0 0 0 0 0 0 0 0 0 0 1 0 0 0 0 0 0 0 0 0 0 0 0 0 0 0 0 0 0 0 0 0]
[2944205408551250773268307440398800580714144701417947383150367467639281160542245199963398797839623397038991321544796356362741150909189473021865748808901119273369601974129959930331509281201959924755629135118008040850293203668797805523828 0 0 0 0 0 0 0 0 0 0 0 0 0 0 0 0 0 0 0 0 0 0 0 0 0 0 0 0 0 0 0 0 0 0 0 0 0 0 0 0 0 0 0 0 0 0 0 0 0 0 0 0 0 0 0 0 1 0 0 0 0 0 0 0 0 0 0 0 0 0 0 0 0 0 0 0 0]
[2852971827639098363248834424709742133803964967837597481497687296272286861815025719708503864000369510637505605493435441240526627655898648417645664804348007039063066585212387132781734468500782184992706206203527792191184211855094221722969 0 0 0 0 0 0 0 0 0 0 0 0 0 0 0 0 0 0 0 0 0 0 0 0 0 0 0 0 0 0 0 0 0 0 0 0 0 0 0 0 0 0 0 0 0 0 0 0 0 0 0 0 0 0 0 0 0 1 0 0 0 0 0 0 0 0 0 0 0 0 0 0 0 0 0 0 0]
[2400847679688040761278373930299626074005205196551904006784618585112299145112898241993067655776382017451998921720390246627660323598314829230017741080322124613508760291849382276672478083559191416616109384708251582625925670698340480043208 0 0 0 0 0 0 0 0 0 0 0 0 0 0 0 0 0 0 0 0 0 0 0 0 0 0 0 0 0 0 0 0 0 0 0 0 0 0 0 0 0 0 0 0 0 0 0 0 0 0 0 0 0 0 0 0 0 0 1 0 0 0 0 0 0 0 0 0 0 0 0 0 0 0 0 0 0]
[3002417240008115807153462144027694190819607357839018780412554782886718469938373243067359764080608320046071421734619926616423265012158216241358855723726664496192610616339025870209775686876605988908651114047911886476783613088276557134040 0 0 0 0 0 0 0 0 0 0 0 0 0 0 0 0 0 0 0 0 0 0 0 0 0 0 0 0 0 0 0 0 0 0 0 0 0 0 0 0 0 0 0 0 0 0 0 0 0 0 0 0 0 0 0 0 0 0 0 1 0 0 0 0 0 0 0 0 0 0 0 0 0 0 0 0 0]
[1254680977858849399212691439637434432689899754178817058397143279090462938505281908201314668388301114747845287044898606350365172772884634747839423055569714013086202541891867866878359341467180261585814490479636631032659772061282717292512 0 0 0 0 0 0 0 0 0 0 0 0 0 0 0 0 0 0 0 0 0 0 0 0 0 0 0 0 0 0 0 0 0 0 0 0 0 0 0 0 0 0 0 0 0 0 0 0 0 0 0 0 0 0 0 0 0 0 0 0 1 0 0 0 0 0 0 0 0 0 0 0 0 0 0 0 0]
[1890429292233099189815578102332781545181973236225931897286144819575668646796416914509536373782655499039364559449331062276471404684411871018000842493013765963836820976611106083536707769408828290152305879912210114611681915503201877751412 0 0 0 0 0 0 0 0 0 0 0 0 0 0 0 0 0 0 0 0 0 0 0 0 0 0 0 0 0 0 0 0 0 0 0 0 0 0 0 0 0 0 0 0 0 0 0 0 0 0 0 0 0 0 0 0 0 0 0 0 0 1 0 0 0 0 0 0 0 0 0 0 0 0 0 0 0]
[2622990770775909053321075032604839744929077347168219517368544995856252906208786235472922160974131264246056708829658808932436752527167381772127957708365808138912451789816729398197159426321359458330572361579284402943365569982408623196276 0 0 0 0 0 0 0 0 0 0 0 0 0 0 0 0 0 0 0 0 0 0 0 0 0 0 0 0 0 0 0 0 0 0 0 0 0 0 0 0 0 0 0 0 0 0 0 0 0 0 0 0 0 0 0 0 0 0 0 0 0 0 1 0 0 0 0 0 0 0 0 0 0 0 0 0 0]
[771167677596462702011664977128476291590740388612962080644582889443930705484552751135843753029767345699712070318696345402851250713925467787513654998231735733756257175729797214222663589270736066970497401682490503253310745162627280609243 0 0 0 0 0 0 0 0 0 0 0 0 0 0 0 0 0 0 0 0 0 0 0 0 0 0 0 0 0 0 0 0 0 0 0 0 0 0 0 0 0 0 0 0 0 0 0 0 0 0 0 0 0 0 0 0 0 0 0 0 0 0 0 1 0 0 0 0 0 0 0 0 0 0 0 0 0]
[2205857937467866652058755038119013470213608160751925852497785491883593797130365470977083922409066276238520863472579548354418756104896199706621632654776675977836202494326223382591058840536975885665023806106318363252204718891614853264294 0 0 0 0 0 0 0 0 0 0 0 0 0 0 0 0 0 0 0 0 0 0 0 0 0 0 0 0 0 0 0 0 0 0 0 0 0 0 0 0 0 0 0 0 0 0 0 0 0 0 0 0 0 0 0 0 0 0 0 0 0 0 0 0 1 0 0 0 0 0 0 0 0 0 0 0 0]
[833166247934918516577986581148173550159697806521104854670955883753089283038700158412731665519800315644162206457388027222049909815575564715624726706941365748748051311526914136065495739924934838141130139990120212778544673813474955142987 0 0 0 0 0 0 0 0 0 0 0 0 0 0 0 0 0 0 0 0 0 0 0 0 0 0 0 0 0 0 0 0 0 0 0 0 0 0 0 0 0 0 0 0 0 0 0 0 0 0 0 0 0 0 0 0 0 0 0 0 0 0 0 0 0 1 0 0 0 0 0 0 0 0 0 0 0]
[2974414951571461448189029899645402299105434717273974116306301455375174668475509547682638064063282003476128107936655066138627714239330471460747274774445627999868120158424674880373397319477423911403668621375040036515025269549000529373198 0 0 0 0 0 0 0 0 0 0 0 0 0 0 0 0 0 0 0 0 0 0 0 0 0 0 0 0 0 0 0 0 0 0 0 0 0 0 0 0 0 0 0 0 0 0 0 0 0 0 0 0 0 0 0 0 0 0 0 0 0 0 0 0 0 0 1 0 0 0 0 0 0 0 0 0 0]
[2026061053432911899760552596641549138959991494315556797368041103968621981361305929983233588467377408423429168279043506890151827980497633065244072529761124097982933511360983950709905020171706101607271568096490606937611935618128080935129 0 0 0 0 0 0 0 0 0 0 0 0 0 0 0 0 0 0 0 0 0 0 0 0 0 0 0 0 0 0 0 0 0 0 0 0 0 0 0 0 0 0 0 0 0 0 0 0 0 0 0 0 0 0 0 0 0 0 0 0 0 0 0 0 0 0 0 1 0 0 0 0 0 0 0 0 0]
[1783410416777608814531793572332191316162198546963221185418419897332595054695721219039841286989931514255166601868965231968719384600129455218044640789642333188799737175795481484804763788366166772552487465083713362881951307999459605662857 0 0 0 0 0 0 0 0 0 0 0 0 0 0 0 0 0 0 0 0 0 0 0 0 0 0 0 0 0 0 0 0 0 0 0 0 0 0 0 0 0 0 0 0 0 0 0 0 0 0 0 0 0 0 0 0 0 0 0 0 0 0 0 0 0 0 0 0 1 0 0 0 0 0 0 0 0]
[2164918616974262355824181465106085367453983391080307069160380452441078058590102948756104388429462587551842289788448772150061238717668809073141316634316741463177075665337360524051261632221248270706810556433510756883182842867070610344424 0 0 0 0 0 0 0 0 0 0 0 0 0 0 0 0 0 0 0 0 0 0 0 0 0 0 0 0 0 0 0 0 0 0 0 0 0 0 0 0 0 0 0 0 0 0 0 0 0 0 0 0 0 0 0 0 0 0 0 0 0 0 0 0 0 0 0 0 0 1 0 0 0 0 0 0 0]
[2074352703008891371515488424592988702067928683678166293738132944857395901302977344365200297660218943946972529232235165714484571020951256993047178639047236581743237781719069408865795490709052930366766323986997083060845227845266883199532 0 0 0 0 0 0 0 0 0 0 0 0 0 0 0 0 0 0 0 0 0 0 0 0 0 0 0 0 0 0 0 0 0 0 0 0 0 0 0 0 0 0 0 0 0 0 0 0 0 0 0 0 0 0 0 0 0 0 0 0 0 0 0 0 0 0 0 0 0 0 1 0 0 0 0 0 0]
[594895153152515780851598454793484558293225155227856802894930991558621523700077449424004090681528554354716827281440664526979601436640548278552709313697885887520767973304231744459643309576860712413997290686407725554381252465420531906100 0 0 0 0 0 0 0 0 0 0 0 0 0 0 0 0 0 0 0 0 0 0 0 0 0 0 0 0 0 0 0 0 0 0 0 0 0 0 0 0 0 0 0 0 0 0 0 0 0 0 0 0 0 0 0 0 0 0 0 0 0 0 0 0 0 0 0 0 0 0 0 1 0 0 0 0 0]
[2308006200622365192198632530891221683149981790771379833122781380057780987065193216243448372596768032688917515956248455675504997058559311448823961915585273017332382293579789679791456230284604012839850599626053540747070962352327209323489 0 0 0 0 0 0 0 0 0 0 0 0 0 0 0 0 0 0 0 0 0 0 0 0 0 0 0 0 0 0 0 0 0 0 0 0 0 0 0 0 0 0 0 0 0 0 0 0 0 0 0 0 0 0 0 0 0 0 0 0 0 0 0 0 0 0 0 0 0 0 0 0 1 0 0 0 0]
[2450686756170263981028599761091329352695103428194249386892318951032609081555622795412742832412460715817880904054382906441731974095085503362091243786438576892644872705274954389272084320573813219558038535386652038411712186913586637668445 0 0 0 0 0 0 0 0 0 0 0 0 0 0 0 0 0 0 0 0 0 0 0 0 0 0 0 0 0 0 0 0 0 0 0 0 0 0 0 0 0 0 0 0 0 0 0 0 0 0 0 0 0 0 0 0 0 0 0 0 0 0 0 0 0 0 0 0 0 0 0 0 0 1 0 0 0]
[1159238052701004434181590689404207514128127663033786749463253319994956713113234829356991799563114737379737102843065752034510507313357717246079225011740964288468934803391300832288050032024996967528656938248996940678515749196303144213135 0 0 0 0 0 0 0 0 0 0 0 0 0 0 0 0 0 0 0 0 0 0 0 0 0 0 0 0 0 0 0 0 0 0 0 0 0 0 0 0 0 0 0 0 0 0 0 0 0 0 0 0 0 0 0 0 0 0 0 0 0 0 0 0 0 0 0 0 0 0 0 0 0 0 1 0 0]
[2308653522179926661754271848003906795029518157107499335693992267162385467576247398667390290210023677340947686311606117109344499355921622262735962415878724080722052110851474477255472086189264750200683496813561353350511520847151760211772 0 0 0 0 0 0 0 0 0 0 0 0 0 0 0 0 0 0 0 0 0 0 0 0 0 0 0 0 0 0 0 0 0 0 0 0 0 0 0 0 0 0 0 0 0 0 0 0 0 0 0 0 0 0 0 0 0 0 0 0 0 0 0 0 0 0 0 0 0 0 0 0 0 0 0 1 0]
[41451721420837747450165157190611848492152084679282149375020135538174063243651157077837415090535669887518292349789925380771208574627537606781267329035078247047391489121120103947781994523628481520731090447700238679902809762133181272326 0 0 0 0 0 0 0 0 0 0 0 0 0 0 0 0 0 0 0 0 0 0 0 0 0 0 0 0 0 0 0 0 0 0 0 0 0 0 0 0 0 0 0 0 0 0 0 0 0 0 0 0 0 0 0 0 0 0 0 0 0 0 0 0 0 0 0 0 0 0 0 0 0 0 0 0 1]
]
78 79 6
[1 1 1 1 1 1 1 1 1 1 1 1 1 1 1 1 1 1 1 1 1 1 1 1 1 1 1 1 1 1 1 1 1 1 1 1 1 1 1 1 1 1 1 1 1 1 1 1 1 1 1 1 1 1 1 1 1 1 1 1 1 1 1 1 1 1 1 1 1 1 1 1 1 1 1 1 1 1 1]
