[[4522774543473553431305983810035227124224362754114902902100486147850254754403761388535450369546700505778131238473304904622326771991331751819813965031672292545035913574409142367464130140098344786934218563372514560382854999244346757132009 0 0 0 0 0 0 0 0 0 0 0 0 0 0 0 0 0 0 0 0 0 0 0 0 0 0 0 0 0 0 0 0 0 0 0 0 0 0 0 0 0 0 0 0 0 0 0 0 0 0 0 0 0 0 0 0 0 0 0 0 0 0 0 0 0 0 0 0 0 0 0 0 0 0 0 0 0]
[707037422651888404886520014172718377145786220050644029261011668259773056777551123528734450799645746404025004034318068194765064798975534287716749818493416427769214911789265083779864393738110958016603708254230735505714284751708187348147 1 0 0 0 0 0 0 0 0 0 0 0 0 0 0 0 0 0 0 0 0 0 0 0 0 0 0 0 0 0 0 0 0 0 0 0 0 0 0 0 0 0 0 0 0 0 0 0 0 0 0 0 0 0 0 0 0 0 0 0 0 0 0 0 0 0 0 0 0 0 0 0 0 0 0 0 0]
[3022355645958460301097811324284801887347212691079802427113963337975933833416626898593204114248427467183877154341019475016487320636000075116258736728536570887954560210397770984308045419013825722605464863002734994044333562954959259452513 0 1 0 0 0 0 0 0 0 0 0 0 0 0 0 0 0 0 0 0 0 0 0 0 0 0 0 0 0 0 0 0 0 0 0 0 0 0 0 0 0 0 0 0 0 0 0 0 0 0 0 0 0 0 0 0 0 0 0 0 0 0 0 0 0 0 0 0 0 0 0 0 0 0 0 0 0]
[1578220607670848370543186654230398387613712159272044905068483452540915103264270204277514001256702339162748650322054717634014405342196495191446060369930149735427599220688719415273037877078996543152788799857338396734458087087252185309443 0 0 1 0 0 0 0 0 0 0 0 0 0 0 0 0 0 0 0 0 0 0 0 0 0 0 0 0 0 0 0 0 0 0 0 0 0 0 0 0 0 0 0 0 0 0 0 0 0 0 0 0 0 0 0 0 0 0 0 0 0 0 0 0 0 0 0 0 0 0 0 0 0 0 0 0 0]
[2417972966930137114926887805141367953134223773730340873841580294392931325943693097866768342772237306854666178827147565403812041703587923542151019173477298579968615916135037330638369846841203950304787254656879424029440336131576111500179 0 0 0 1 0 0 0 0 0 0 0 0 0 0 0 0 0 0 0 0 0 0 0 0 0 0 0 0 0 0 0 0 0 0 0 0 0 0 0 0 0 0 0 0 0 0 0 0 0 0 0 0 0 0 0 0 0 0 0 0 0 0 0 0 0 0 0 0 0 0 0 0 0 0 0 0 0]
[696729492846691283520885453283882636846049058414469231725580472994037514573647606171474777659497235958233575140725097740639108238728222761253941142630498761554448471969648988756958246627234222634662698220915148725734044887584453466649 0 0 0 0 1 0 0 0 0 0 0 0 0 0 0 0 0 0 0 0 0 0 0 0 0 0 0 0 0 0 0 0 0 0 0 0 0 0 0 0 0 0 0 0 0 0 0 0 0 0 0 0 0 0 0 0 0 0 0 0 0 0 0 0 0 0 0 0 0 0 0 0 0 0 0 0 0]
[3658223447870316234152931903426691112601242082308525129195474023181055465198287177239101784197687707633564236991441006858485091215993358738960155324352017862544375373644343190552730176818950737234900267629549768866389671225514091393160 0 0 0 0 0 1 0 0 0 0 0 0 0 0 0 0 0 0 0 0 0 0 0 0 0 0 0 0 0 0 0 0 0 0 0 0 0 0 0 0 0 0 0 0 0 0 0 0 0 0 0 0 0 0 0 0 0 0 0 0 0 0 0 0 0 0 0 0 0 0 0 0 0 0 0 0 0]
[2815117703349585109677097094035980522609846499614936315573717689640692708407545855438557573225226260458804344485012991756438100567381336042418271533032847302648492589940038964954978966616416020354268649519631022678347918525700109090565 0 0 0 0 0 0 1 0 0 0 0 0 0 0 0 0 0 0 0 0 0 0 0 0 0 0 0 0 0 0 0 0 0 0 0 0 0 0 0 0 0 0 0 0 0 0 0 0 0 0 0 0 0 0 0 0 0 0 0 0 0 0 0 0 0 0 0 0 0 0 0 0 0 0 0 0 0]
[4018691331385167309054028228007772914596997184766384628057831835767862707649566474229939538992607939720224345624255225134140135713251203635771883674914633817672994790843112197211755466846896287301953030043551670749008350477788760737611 0 0 0 0 0 0 0 1 0 0 0 0 0 0 0 0 0 0 0 0 0 0 0 0 0 0 0 0 0 0 0 0 0 0 0 0 0 0 0 0 0 0 0 0 0 0 0 0 0 0 0 0 0 0 0 0 0 0 0 0 0 0 0 0 0 0 0 0 0 0 0 0 0 0 0 0 0]
[1969367678074148862018442098371221810805924146834221026100036826353974973459360448566380305869429945518028332839289805907401533207007425733304171591926303016840064884533397399357584799784093091591939743812301727413721461780100532269268 0 0 0 0 0 0 0 0 1 0 0 0 0 0 0 0 0 0 0 0 0 0 0 0 0 0 0 0 0 0 0 0 0 0 0 0 0 0 0 0 0 0 0 0 0 0 0 0 0 0 0 0 0 0 0 0 0 0 0 0 0 0 0 0 0 0 0 0 0 0 0 0 0 0 0 0 0]
[1263077676122618074748028128374919269894823635986238878089476982118864670427076493128119477715629030854872492115913184131943233177538236354858111983782861652504215398395100345236130471133821219109236640701381331871992498172340009700617 0 0 0 0 0 0 0 0 0 1 0 0 0 0 0 0 0 0 0 0 0 0 0 0 0 0 0 0 0 0 0 0 0 0 0 0 0 0 0 0 0 0 0 0 0 0 0 0 0 0 0 0 0 0 0 0 0 0 0 0 0 0 0 0 0 0 0 0 0 0 0 0 0 0 0 0 0]
[232168412037800267428726447041704915512134960302967542651875119144081591952058717852396298722940117174436079260353104807054953309901516738601600097268008132222411351848047165616464094923037979625492576611682362258807540243649622187638 0 0 0 0 0 0 0 0 0 0 1 0 0 0 0 0 0 0 0 0 0 0 0 0 0 0 0 0 0 0 0 0 0 0 0 0 0 0 0 0 0 0 0 0 0 0 0 0 0 0 0 0 0 0 0 0 0 0 0 0 0 0 0 0 0 0 0 0 0 0 0 0 0 0 0 0 0]
[1123197727929848944786568033156882418711001857505637088707973468518601806854573772968302121989756074217423386514037807320077042288214048730884698840657570081987795089326854814922921360271624854491430883625572829920588199209406839358710 0 0 0 0 0 0 0 0 0 0 0 1 0 0 0 0 0 0 0 0 0 0 0 0 0 0 0 0 0 0 0 0 0 0 0 0 0 0 0 0 0 0 0 0 0 0 0 0 0 0 0 0 0 0 0 0 0 0 0 0 0 0 0 0 0 0 0 0 0 0 0 0 0 0 0 0 0]
[3061599300289479542228687642970772757100226320764447120028984954029729194712260971814438305329619560417014400732253618998783215269440481827766354698554920580370265990714995780738828710150753755163572737980819057482289390610423244894451 0 0 0 0 0 0 0 0 0 0 0 0 1 0 0 0 0 0 0 0 0 0 0 0 0 0 0 0 0 0 0 0 0 0 0 0 0 0 0 0 0 0 0 0 0 0 0 0 0 0 0 0 0 0 0 0 0 0 0 0 0 0 0 0 0 0 0 0 0 0 0 0 0 0 0 0 0]
[2849891311774522435055665717109299561590669907163391431132303040491707186602017250656220984991272488514948745063582902403761900159430568545089350320787855597189002971632504751974303153961942406403048241818258392074245001201167032145328 0 0 0 0 0 0 0 0 0 0 0 0 0 1 0 0 0 0 0 0 0 0 0 0 0 0 0 0 0 0 0 0 0 0 0 0 0 0 0 0 0 0 0 0 0 0 0 0 0 0 0 0 0 0 0 0 0 0 0 0 0 0 0 0 0 0 0 0 0 0 0 0 0 0 0 0 0]
[2991733879640924584554853078612708586477983714914628460751209244782677171812642441330384688334030434878847244427588218207598958504822743426751987607908317416487213887709804420995832575657901448979660650947744495516969210650095682763612 0 0 0 0 0 0 0 0 0 0 0 0 0 0 1 0 0 0 0 0 0 0 0 0 0 0 0 0 0 0 0 0 0 0 0 0 0 0 0 0 0 0 0 0 0 0 0 0 0 0 0 0 0 0 0 0 0 0 0 0 0 0 0 0 0 0 0 0 0 0 0 0 0 0 0 0 0]
[800590378572268858888609029804760462841171205473039431699111308520242742588543884902449133911164347795563882862251046915407384594831975676229554306331008194629420570942918798737535482891117307770563979557529515605724914561654711048842 0 0 0 0 0 0 0 0 0 0 0 0 0 0 0 1 0 0 0 0 0 0 0 0 0 0 0 0 0 0 0 0 0 0 0 0 0 0 0 0 0 0 0 0 0 0 0 0 0 0 0 0 0 0 0 0 0 0 0 0 0 0 0 0 0 0 0 0 0 0 0 0 0 0 0 0 0]
[2011527546344552491997405735153898349290427882568048884770517140569595562549048679353569977234948232787685340461922224170438165147860967539603913362556465061932559836806458082629381468801245373304760401746857080410124130431401175596820 0 0 0 0 0 0 0 0 0 0 0 0 0 0 0 0 1 0 0 0 0 0 0 0 0 0 0 0 0 0 0 0 0 0 0 0 0 0 0 0 0 0 0 0 0 0 0 0 0 0 0 0 0 0 0 0 0 0 0 0 0 0 0 0 0 0 0 0 0 0 0 0 0 0 0 0 0]
[3317055219929276842499225010834048013883107346615298115038895781344818958054807886601347823203118465649247171993623204453081682764126893925062941111343580388791747040389500941488666419061363565628432713478983793883999847027348631939907 0 0 0 0 0 0 0 0 0 0 0 0 0 0 0 0 0 1 0 0 0 0 0 0 0 0 0 0 0 0 0 0 0 0 0 0 0 0 0 0 0 0 0 0 0 0 0 0 0 0 0 0 0 0 0 0 0 0 0 0 0 0 0 0 0 0 0 0 0 0 0 0 0 0 0 0 0]
[2221819630319614325255636873322912749535877900806171196800687148508708371458016502509125082971133285017966549611173489473445402640265498793448800954931073389694952074954384367759946848700300941001780534117573366329261410973329582753146 0 0 0 0 0 0 0 0 0 0 0 0 0 0 0 0 0 0 1 0 0 0 0 0 0 0 0 0 0 0 0 0 0 0 0 0 0 0 0 0 0 0 0 0 0 0 0 0 0 0 0 0 0 0 0 0 0 0 0 0 0 0 0 0 0 0 0 0 0 0 0 0 0 0 0 0 0]
[1678487352889733037645997237697984704841460001330634949215834721991475997909880661343075381583602639993757617336035868988711172299869886599291173324257309711924742858280903583861304880951615235804216865769378457155273103366630399047792 0 0 0 0 0 0 0 0 0 0 0 0 0 0 0 0 0 0 0 1 0 0 0 0 0 0 0 0 0 0 0 0 0 0 0 0 0 0 0 0 0 0 0 0 0 0 0 0 0 0 0 0 0 0 0 0 0 0 0 0 0 0 0 0 0 0 0 0 0 0 0 0 0 0 0 0 0]
[4136694114939347279196999302745759333859784790223323372545368899990171166002254575388424237429351368040340500463761985518041022782561822016490152840426701624080230361191968225512468218433856865369734596961412440569778393001621437673569 0 0 0 0 0 0 0 0 0 0 0 0 0 0 0 0 0 0 0 0 1 0 0 0 0 0 0 0 0 0 0 0 0 0 0 0 0 0 0 0 0 0 0 0 0 0 0 0 0 0 0 0 0 0 0 0 0 0 0 0 0 0 0 0 0 0 0 0 0 0 0 0 0 0 0 0 0]
[559533466056194067044603231107561921625278417876207986144639052540033055985561691832191465487588129707344693760607735312137778014112025146096716061023473233460237883724427471516014978068132698639157763382870086772529878809168661379777 0 0 0 0 0 0 0 0 0 0 0 0 0 0 0 0 0 0 0 0 0 1 0 0 0 0 0 0 0 0 0 0 0 0 0 0 0 0 0 0 0 0 0 0 0 0 0 0 0 0 0 0 0 0 0 0 0 0 0 0 0 0 0 0 0 0 0 0 0 0 0 0 0 0 0 0 0]
[552657767454867971451459021735694357450285846441343292894599309653127684101393481050587248779312882068307375670026756932633281765704722926519950779061033792970413454218406185824797587418855267981490479875452746807249940984916584222092 0 0 0 0 0 0 0 0 0 0 0 0 0 0 0 0 0 0 0 0 0 0 1 0 0 0 0 0 0 0 0 0 0 0 0 0 0 0 0 0 0 0 0 0 0 0 0 0 0 0 0 0 0 0 0 0 0 0 0 0 0 0 0 0 0 0 0 0 0 0 0 0 0 0 0 0 0]
[3692793112599832804114050754241843647188902558026762502816564756989178784917073106222277805593208342331490810839710199280843105745977976421088022756043813007673225335290110430167115790537184499883410154233240823565191081097087368751729 0 0 0 0 0 0 0 0 0 0 0 0 0 0 0 0 0 0 0 0 0 0 0 1 0 0 0 0 0 0 0 0 0 0 0 0 0 0 0 0 0 0 0 0 0 0 0 0 0 0 0 0 0 0 0 0 0 0 0 0 0 0 0 0 0 0 0 0 0 0 0 0 0 0 0 0 0]
[2960391175134860652157955828968631194400670213821382899122796366376662436903638493204880781525281598930577989328826996171839374141775466462892763884755924061141551324162803293912750665931628410525144569892870312350608909617472088584487 0 0 0 0 0 0 0 0 0 0 0 0 0 0 0 0 0 0 0 0 0 0 0 0 1 0 0 0 0 0 0 0 0 0 0 0 0 0 0 0 0 0 0 0 0 0 0 0 0 0 0 0 0 0 0 0 0 0 0 0 0 0 0 0 0 0 0 0 0 0 0 0 0 0 0 0 0]
[4088525888995769367865875540180431722714159835512742367509582020909969350852034456150691631801913469422400962833003911629015072042877494229571583297379976018573555215739281958483998798149122730628314758104161262750342826779552496258071 0 0 0 0 0 0 0 0 0 0 0 0 0 0 0 0 0 0 0 0 0 0 0 0 0 1 0 0 0 0 0 0 0 0 0 0 0 0 0 0 0 0 0 0 0 0 0 0 0 0 0 0 0 0 0 0 0 0 0 0 0 0 0 0 0 0 0 0 0 0 0 0 0 0 0 0 0]
[2274093652378707470877532551853072977697345700956547414147649858220970145741390076048066506821228055418299193079197441747470742809763381672504835984266062097816424306063752262914624948292564265943819928837624001227664380115861556118416 0 0 0 0 0 0 0 0 0 0 0 0 0 0 0 0 0 0 0 0 0 0 0 0 0 0 1 0 0 0 0 0 0 0 0 0 0 0 0 0 0 0 0 0 0 0 0 0 0 0 0 0 0 0 0 0 0 0 0 0 0 0 0 0 0 0 0 0 0 0 0 0 0 0 0 0 0]
[49630498307855791406744505325167747881476838205690151711019277526297538581049486074152974539754289449683931516362108397948982534664193443218995155316028574303436738195011288666513842472552421569198284660320052403259465085740548349722 0 0 0 0 0 0 0 0 0 0 0 0 0 0 0 0 0 0 0 0 0 0 0 0 0 0 0 1 0 0 0 0 0 0 0 0 0 0 0 0 0 0 0 0 0 0 0 0 0 0 0 0 0 0 0 0 0 0 0 0 0 0 0 0 0 0 0 0 0 0 0 0 0 0 0 0 0]
[1422391470923730901685043407142281515858130305788308544793033428881769012707061801183849813434804502401265164148067052504251993600232332938602859743643216180800948823779178966739123494050861032702256234914145509566958783765760662285879 0 0 0 0 0 0 0 0 0 0 0 0 0 0 0 0 0 0 0 0 0 0 0 0 0 0 0 0 1 0 0 0 0 0 0 0 0 0 0 0 0 0 0 0 0 0 0 0 0 0 0 0 0 0 0 0 0 0 0 0 0 0 0 0 0 0 0 0 0 0 0 0 0 0 0 0 0]
[1190828770369450045925782259366771647656794089602041456470480034284064640830505148656749762453485788615304170561153084445262991270338601211809589349287386950265258323570225116332406197534234053079660632253449475088474700022809180599992 0 0 0 0 0 0 0 0 0 0 0 0 0 0 0 0 0 0 0 0 0 0 0 0 0 0 0 0 0 1 0 0 0 0 0 0 0 0 0 0 0 0 0 0 0 0 0 0 0 0 0 0 0 0 0 0 0 0 0 0 0 0 0 0 0 0 0 0 0 0 0 0 0 0 0 0 0]
[4278797288664097865380550374500955059246891724843685717412522169509879693367019026067046370986516731125151882827570386775885580820144577355708632449246795095120212120344160694242714848097900754533335320676258004850754010739134949631201 0 0 0 0 0 0 0 0 0 0 0 0 0 0 0 0 0 0 0 0 0 0 0 0 0 0 0 0 0 0 1 0 0 0 0 0 0 0 0 0 0 0 0 0 0 0 0 0 0 0 0 0 0 0 0 0 0 0 0 0 0 0 0 0 0 0 0 0 0 0 0 0 0 0 0 0 0]
[1806417246815375393363721728229761905556414463390953430089592334869446372726949783268979136240806156733748769257245617442134669785359392764545976237245445231470862844844781243007122722332703453849623097708171373655015483764479431637065 0 0 0 0 0 0 0 0 0 0 0 0 0 0 0 0 0 0 0 0 0 0 0 0 0 0 0 0 0 0 0 1 0 0 0 0 0 0 0 0 0 0 0 0 0 0 0 0 0 0 0 0 0 0 0 0 0 0 0 0 0 0 0 0 0 0 0 0 0 0 0 0 0 0 0 0 0]
[650825126222402749708200914995326193288483134567280686052980459306624498979674794953700739817032926173907612764998207617036678545477890537404505650194477285727511273829744363881758317305510995526556343787953949497511625297821685904584 0 0 0 0 0 0 0 0 0 0 0 0 0 0 0 0 0 0 0 0 0 0 0 0 0 0 0 0 0 0 0 0 1 0 0 0 0 0 0 0 0 0 0 0 0 0 0 0 0 0 0 0 0 0 0 0 0 0 0 0 0 0 0 0 0 0 0 0 0 0 0 0 0 0 0 0 0]
[2505756563318804049530015105236881123938777602266236396828153271099589318578057342341613402699051520951245390391747193063459289018442720202234458743985375326163259966390802528812011186092476592591313853771929074853735245967580742836078 0 0 0 0 0 0 0 0 0 0 0 0 0 0 0 0 0 0 0 0 0 0 0 0 0 0 0 0 0 0 0 0 0 1 0 0 0 0 0 0 0 0 0 0 0 0 0 0 0 0 0 0 0 0 0 0 0 0 0 0 0 0 0 0 0 0 0 0 0 0 0 0 0 0 0 0 0]
[2585494147229327225646454236119194435310467903348982861973806733631576086237942479241603127260648389782893652581935642837890236211192689445994167604846761990656844925646026451869282137789303882532012875332564557492374667647698066077063 0 0 0 0 0 0 0 0 0 0 0 0 0 0 0 0 0 0 0 0 0 0 0 0 0 0 0 0 0 0 0 0 0 0 1 0 0 0 0 0 0 0 0 0 0 0 0 0 0 0 0 0 0 0 0 0 0 0 0 0 0 0 0 0 0 0 0 0 0 0 0 0 0 0 0 0 0]
[3796281624877589201105830197115742441947034940287453841598783189174434332966049531791493103668484314437093537822475527950255667505331492095870737413126388472792775089691188457169817981177847123383576975944105148225278864475806637651582 0 0 0 0 0 0 0 0 0 0 0 0 0 0 0 0 0 0 0 0 0 0 0 0 0 0 0 0 0 0 0 0 0 0 0 1 0 0 0 0 0 0 0 0 0 0 0 0 0 0 0 0 0 0 0 0 0 0 0 0 0 0 0 0 0 0 0 0 0 0 0 0 0 0 0 0 0]
[4236603397557071119891098928627702244870276953094170746490617952520268239591837789557855088076430219695471686245430767608745023069149543590734389095280251433048904432457452028594417478448278133845661659797396509125448665827178344540512 0 0 0 0 0 0 0 0 0 0 0 0 0 0 0 0 0 0 0 0 0 0 0 0 0 0 0 0 0 0 0 0 0 0 0 0 1 0 0 0 0 0 0 0 0 0 0 0 0 0 0 0 0 0 0 0 0 0 0 0 0 0 0 0 0 0 0 0 0 0 0 0 0 0 0 0 0]
[3286629392035076149083089434369053340698077847974739264670515274439971130178407130853929321577527368987373835653597894025675520288733318268488748246224229742099367916572519137601787196211834456562144108562461218839460271388947651513121 0 0 0 0 0 0 0 0 0 0 0 0 0 0 0 0 0 0 0 0 0 0 0 0 0 0 0 0 0 0 0 0 0 0 0 0 0 1 0 0 0 0 0 0 0 0 0 0 0 0 0 0 0 0 0 0 0 0 0 0 0 0 0 0 0 0 0 0 0 0 0 0 0 0 0 0 0]
[4418705899164718795111836232804611896292319095613434411398855455732129448843383858715539618381020412176797841238360177003034948183727744966680958229196676666039144898917224632138357110046225655905300617747708948294460526603252144620461 0 0 0 0 0 0 0 0 0 0 0 0 0 0 0 0 0 0 0 0 0 0 0 0 0 0 0 0 0 0 0 0 0 0 0 0 0 0 1 0 0 0 0 0 0 0 0 0 0 0 0 0 0 0 0 0 0 0 0 0 0 0 0 0 0 0 0 0 0 0 0 0 0 0 0 0 0]
[2517211374015596896823066810578522540750190824532746652120118183435392407512472215796078281396535521221634281523626794344906452938487713178052436100361668916353732049782726447183593134228831320577305085625064604821154923361609925734008 0 0 0 0 0 0 0 0 0 0 0 0 0 0 0 0 0 0 0 0 0 0 0 0 0 0 0 0 0 0 0 0 0 0 0 0 0 0 0 1 0 0 0 0 0 0 0 0 0 0 0 0 0 0 0 0 0 0 0 0 0 0 0 0 0 0 0 0 0 0 0 0 0 0 0 0 0]
[787942788467311910346668256598120234599899199606923630302032229567404069622069166351524625095935550711681645339837252243975370497647236959092997224051421062668440354005290418401606907078021585694379983333599550481152616543959548338464 0 0 0 0 0 0 0 0 0 0 0 0 0 0 0 0 0 0 0 0 0 0 0 0 0 0 0 0 0 0 0 0 0 0 0 0 0 0 0 0 1 0 0 0 0 0 0 0 0 0 0 0 0 0 0 0 0 0 0 0 0 0 0 0 0 0 0 0 0 0 0 0 0 0 0 0 0]
[4318450456573378029562863854880726659921707341131742385080577959112391150875844579809706202532858690233175405589474379101247378938009077776718922016428049319654518337708353280676867491674887357410085300912165718863915083707821406963996 0 0 0 0 0 0 0 0 0 0 0 0 0 0 0 0 0 0 0 0 0 0 0 0 0 0 0 0 0 0 0 0 0 0 0 0 0 0 0 0 0 1 0 0 0 0 0 0 0 0 0 0 0 0 0 0 0 0 0 0 0 0 0 0 0 0 0 0 0 0 0 0 0 0 0 0 0]
[30751660764270736174272553309082161907895575201465297827673268326991280678451030767773503674555395476100374157054895599780205400753104045183882995912173788473590942339560956563937915194822748130174835363968381539049654167938311758970 0 0 0 0 0 0 0 0 0 0 0 0 0 0 0 0 0 0 0 0 0 0 0 0 0 0 0 0 0 0 0 0 0 0 0 0 0 0 0 0 0 0 1 0 0 0 0 0 0 0 0 0 0 0 0 0 0 0 0 0 0 0 0 0 0 0 0 0 0 0 0 0 0 0 0 0 0]
[2715193586524794920771327350804337064675034627136930435839407614942812329181606177392804441663652352781441718873428202695584880773924485333177852332726482860041450686329642863176875004765475305678049446611047551716104617013224729650009 0 0 0 0 0 0 0 0 0 0 0 0 0 0 0 0 0 0 0 0 0 0 0 0 0 0 0 0 0 0 0 0 0 0 0 0 0 0 0 0 0 0 0 1 0 0 0 0 0 0 0 0 0 0 0 0 0 0 0 0 0 0 0 0 0 0 0 0 0 0 0 0 0 0 0 0 0]
[1483176490332075042025407674361516640887278349065991434177229461413920640079850065130111528521396017165273402451969058663267109446392103925910228889790185396197052209768919597029186130354339599514625041170103407596036313090106650356532 0 0 0 0 0 0 0 0 0 0 0 0 0 0 0 0 0 0 0 0 0 0 0 0 0 0 0 0 0 0 0 0 0 0 0 0 0 0 0 0 0 0 0 0 1 0 0 0 0 0 0 0 0 0 0 0 0 0 0 0 0 0 0 0 0 0 0 0 0 0 0 0 0 0 0 0 0]
[1925972452735332458440889196622259217871258175065716388161617993297527350083806972466969967135793972886786610422798252270526610534324956830767054806277808772287345913142728133694895279920883922343733189442627430048185735843868173861123 0 0 0 0 0 0 0 0 0 0 0 0 0 0 0 0 0 0 0 0 0 0 0 0 0 0 0 0 0 0 0 0 0 0 0 0 0 0 0 0 0 0 0 0 0 1 0 0 0 0 0 0 0 0 0 0 0 0 0 0 0 0 0 0 0 0 0 0 0 0 0 0 0 0 0 0 0]
[4251013685178954355235610096667141050503210243539990988471366312725472900211451965887371416593309134858108298839476688412614569751059295540348163246543529780144436210604482236519590943072328412463255304244805656045055162417846843848096 0 0 0 0 0 0 0 0 0 0 0 0 0 0 0 0 0 0 0 0 0 0 0 0 0 0 0 0 0 0 0 0 0 0 0 0 0 0 0 0 0 0 0 0 0 0 1 0 0 0 0 0 0 0 0 0 0 0 0 0 0 0 0 0 0 0 0 0 0 0 0 0 0 0 0 0 0]
[2522751963516281815648238993057278005558262520619986466795704914608493639790578965740204901541872803783697586406023540893050456303576319214967124817907452528953968267482352977074565121648504995196552421839898771185817729647220793726225 0 0 0 0 0 0 0 0 0 0 0 0 0 0 0 0 0 0 0 0 0 0 0 0 0 0 0 0 0 0 0 0 0 0 0 0 0 0 0 0 0 0 0 0 0 0 0 1 0 0 0 0 0 0 0 0 0 0 0 0 0 0 0 0 0 0 0 0 0 0 0 0 0 0 0 0 0]
[2906010392873730233471958685344585062606382872641749434361400167698356292440930411361337725867197613584407198980474752632174098516409787905325311034804410253202763821721012244580060630892589503006004931845971074880814300576324659719722 0 0 0 0 0 0 0 0 0 0 0 0 0 0 0 0 0 0 0 0 0 0 0 0 0 0 0 0 0 0 0 0 0 0 0 0 0 0 0 0 0 0 0 0 0 0 0 0 1 0 0 0 0 0 0 0 0 0 0 0 0 0 0 0 0 0 0 0 0 0 0 0 0 0 0 0 0]
[2566549783033485830599381326766177030841171789012065514905758303602489839412382613459842118829933742963097537817871455687899069023284109402116644072181506978901431357866601342229147933987743133361970433889908764256210673017712904083998 0 0 0 0 0 0 0 0 0 0 0 0 0 0 0 0 0 0 0 0 0 0 0 0 0 0 0 0 0 0 0 0 0 0 0 0 0 0 0 0 0 0 0 0 0 0 0 0 0 1 0 0 0 0 0 0 0 0 0 0 0 0 0 0 0 0 0 0 0 0 0 0 0 0 0 0 0]
[1805131148791102029075755069279668949589541890308410420090470478242006138013047047765622510667877853385979305898316019128368596512805429657427019400026629166073349925708387365212766758724971249386010380478062672957399654927736045332030 0 0 0 0 0 0 0 0 0 0 0 0 0 0 0 0 0 0 0 0 0 0 0 0 0 0 0 0 0 0 0 0 0 0 0 0 0 0 0 0 0 0 0 0 0 0 0 0 0 0 1 0 0 0 0 0 0 0 0 0 0 0 0 0 0 0 0 0 0 0 0 0 0 0 0 0 0]
[293191111111307773860492568545152865431280131325190264155474197089267462811312759741079583178141406494391479907124038987982163534556016078129704586864911130793201879463933759616205494740922329983119693397322684375173293333903132397544 0 0 0 0 0 0 0 0 0 0 0 0 0 0 0 0 0 0 0 0 0 0 0 0 0 0 0 0 0 0 0 0 0 0 0 0 0 0 0 0 0 0 0 0 0 0 0 0 0 0 0 1 0 0 0 0 0 0 0 0 0 0 0 0 0 0 0 0 0 0 0 0 0 0 0 0 0]
[2632082257056979248478640229264149334387937108593765031908561422569470078062592346340838810870516400593315715388497717553828900552196154013772651212949257876610916696562504911913782404915653603955252210863220297614755947781199136628483 0 0 0 0 0 0 0 0 0 0 0 0 0 0 0 0 0 0 0 0 0 0 0 0 0 0 0 0 0 0 0 0 0 0 0 0 0 0 0 0 0 0 0 0 0 0 0 0 0 0 0 0 1 0 0 0 0 0 0 0 0 0 0 0 0 0 0 0 0 0 0 0 0 0 0 0 0]
[2419725041468913351398241671057093949111902472914580543754234714507249370015266949767645591114316881233962059147990465664836201926289918889622041095189193580705876678164831025665443157316507103251230773595764363930025381580915435947516 0 0 0 0 0 0 0 0 0 0 0 0 0 0 0 0 0 0 0 0 0 0 0 0 0 0 0 0 0 0 0 0 0 0 0 0 0 0 0 0 0 0 0 0 0 0 0 0 0 0 0 0 0 1 0 0 0 0 0 0 0 0 0 0 0 0 0 0 0 0 0 0 0 0 0 0 0]
[761944321103856218721236700037623204639070002282094030792376118801448205983593429643654627572765382657123543336162808663067973155917104838190606940471754742777184222241352461367896459946735361240123855515636147145723656342872014034113 0 0 0 0 0 0 0 0 0 0 0 0 0 0 0 0 0 0 0 0 0 0 0 0 0 0 0 0 0 0 0 0 0 0 0 0 0 0 0 0 0 0 0 0 0 0 0 0 0 0 0 0 0 0 1 0 0 0 0 0 0 0 0 0 0 0 0 0 0 0 0 0 0 0 0 0 0]
[3615408509567905330046542159777692137357723191059294204845050050071447789281181031265645729844977794717309136297038126212121864447064003289626655204403345230841777399870373485891703010644942274888888156327112281422353282450556433551379 0 0 0 0 0 0 0 0 0 0 0 0 0 0 0 0 0 0 0 0 0 0 0 0 0 0 0 0 0 0 0 0 0 0 0 0 0 0 0 0 0 0 0 0 0 0 0 0 0 0 0 0 0 0 0 1 0 0 0 0 0 0 0 0 0 0 0 0 0 0 0 0 0 0 0 0 0]
[115430181224495031962416253366332498139847514302147065456626136486436654505700513791934443044033535230263899952241802583890194203372081717103847802825770813509437995110688502297987535812060570880040366061584653269741160192285630998367 0 0 0 0 0 0 0 0 0 0 0 0 0 0 0 0 0 0 0 0 0 0 0 0 0 0 0 0 0 0 0 0 0 0 0 0 0 0 0 0 0 0 0 0 0 0 0 0 0 0 0 0 0 0 0 0 1 0 0 0 0 0 0 0 0 0 0 0 0 0 0 0 0 0 0 0 0]
[2751044284170831102037975795436075639447953823355816200248707588151075751557712107612059615536543298083101826066897822523116949557838617495076284014362552224251630137200831474387456394748247978940656393902347164713432967886628869431461 0 0 0 0 0 0 0 0 0 0 0 0 0 0 0 0 0 0 0 0 0 0 0 0 0 0 0 0 0 0 0 0 0 0 0 0 0 0 0 0 0 0 0 0 0 0 0 0 0 0 0 0 0 0 0 0 0 1 0 0 0 0 0 0 0 0 0 0 0 0 0 0 0 0 0 0 0]
[4286512832567834966623590229669054897718560653881974831635859423363367467801856072176135555636722546111462053536107447075763938683108362163024388818631784935300058398093369959384846426318168829286451593814048879533843156193253796591371 0 0 0 0 0 0 0 0 0 0 0 0 0 0 0 0 0 0 0 0 0 0 0 0 0 0 0 0 0 0 0 0 0 0 0 0 0 0 0 0 0 0 0 0 0 0 0 0 0 0 0 0 0 0 0 0 0 0 1 0 0 0 0 0 0 0 0 0 0 0 0 0 0 0 0 0 0]
[3719768052323786807245643551871520283779626417521951886917042617986535950828476326991116125885716437715163975111626672752721790968983616435797745587427186246573810693917520088165082244256786931590371557918517889269258180000144802959891 0 0 0 0 0 0 0 0 0 0 0 0 0 0 0 0 0 0 0 0 0 0 0 0 0 0 0 0 0 0 0 0 0 0 0 0 0 0 0 0 0 0 0 0 0 0 0 0 0 0 0 0 0 0 0 0 0 0 0 1 0 0 0 0 0 0 0 0 0 0 0 0 0 0 0 0 0]
[184211401922033095677052906245340135512096135745124709881674161251538802595470144023932569568068851111698907709943373209681684616058975068171226152602032456370058347953285136528343355063456881937637637440588952398343846131999173166921 0 0 0 0 0 0 0 0 0 0 0 0 0 0 0 0 0 0 0 0 0 0 0 0 0 0 0 0 0 0 0 0 0 0 0 0 0 0 0 0 0 0 0 0 0 0 0 0 0 0 0 0 0 0 0 0 0 0 0 0 1 0 0 0 0 0 0 0 0 0 0 0 0 0 0 0 0]
[1207872550886930853612338099938780143458315011201651632022724536738344668621649041632128699553172235430371845551623267525903917173127423446672916980508600364103317504760563891880167049745412721316214877783898578430928104906966056983103 0 0 0 0 0 0 0 0 0 0 0 0 0 0 0 0 0 0 0 0 0 0 0 0 0 0 0 0 0 0 0 0 0 0 0 0 0 0 0 0 0 0 0 0 0 0 0 0 0 0 0 0 0 0 0 0 0 0 0 0 0 1 0 0 0 0 0 0 0 0 0 0 0 0 0 0 0]
[2528047806365237018694209674320397912309691481920364372522678221945932973963385069623747273959332954761270396036088091028281867829155121380116971179826797868484417697083122982358589367273699160275848396555129093002632913364076372036045 0 0 0 0 0 0 0 0 0 0 0 0 0 0 0 0 0 0 0 0 0 0 0 0 0 0 0 0 0 0 0 0 0 0 0 0 0 0 0 0 0 0 0 0 0 0 0 0 0 0 0 0 0 0 0 0 0 0 0 0 0 0 1 0 0 0 0 0 0 0 0 0 0 0 0 0 0]
[1373750255230123204654872671224929501350590348271243560357328924438666928568808870836873484316691024029358159618356274307620008968654329045491762397786480902954847468379637485208484428569477719749119684155430751885290584919818580055223 0 0 0 0 0 0 0 0 0 0 0 0 0 0 0 0 0 0 0 0 0 0 0 0 0 0 0 0 0 0 0 0 0 0 0 0 0 0 0 0 0 0 0 0 0 0 0 0 0 0 0 0 0 0 0 0 0 0 0 0 0 0 0 1 0 0 0 0 0 0 0 0 0 0 0 0 0]
[2960063422247762860807889610784048608091281331079767851422398944481288082268540221735076202910485173227489127039076955045066652481957383765056424472756983949522392362963958233276204156990269406232508922362491698700038928782120815084279 0 0 0 0 0 0 0 0 0 0 0 0 0 0 0 0 0 0 0 0 0 0 0 0 0 0 0 0 0 0 0 0 0 0 0 0 0 0 0 0 0 0 0 0 0 0 0 0 0 0 0 0 0 0 0 0 0 0 0 0 0 0 0 0 1 0 0 0 0 0 0 0 0 0 0 0 0]
[4006981521438512396649968290106259314035754291286785995772757883171679135654902692735040175889071474100887653210861241170397878742352503740409014621340802516487969582569349946452621097153402726456545729735154320176422837132768618854815 0 0 0 0 0 0 0 0 0 0 0 0 0 0 0 0 0 0 0 0 0 0 0 0 0 0 0 0 0 0 0 0 0 0 0 0 0 0 0 0 0 0 0 0 0 0 0 0 0 0 0 0 0 0 0 0 0 0 0 0 0 0 0 0 0 1 0 0 0 0 0 0 0 0 0 0 0]
[819481609637200974115700883488684504300778094118104774833472125695306755408956433921456725218761795848409724870720074953146980582518860725571487616488825741478003438880407176942880594487469467160974146864314493911354441784345403253253 0 0 0 0 0 0 0 0 0 0 0 0 0 0 0 0 0 0 0 0 0 0 0 0 0 0 0 0 0 0 0 0 0 0 0 0 0 0 0 0 0 0 0 0 0 0 0 0 0 0 0 0 0 0 0 0 0 0 0 0 0 0 0 0 0 0 1 0 0 0 0 0 0 0 0 0 0]
[2508422687841428345562997487086497066511041537420603959194499832112897239270064082060310662229681405154789321360503121356820714488952694985902258107584546593279734517704629528618219351777414859264284676844105232974116084368295077081674 0 0 0 0 0 0 0 0 0 0 0 0 0 0 0 0 0 0 0 0 0 0 0 0 0 0 0 0 0 0 0 0 0 0 0 0 0 0 0 0 0 0 0 0 0 0 0 0 0 0 0 0 0 0 0 0 0 0 0 0 0 0 0 0 0 0 0 1 0 0 0 0 0 0 0 0 0]
[1025880317596286090435295357845133819165079780325411427859211900038029861126277973637091657990147117897285862487828366676373233056241938032401230724725479693881315583138030969087322994575828417827130249490718392741496919009492213132320 0 0 0 0 0 0 0 0 0 0 0 0 0 0 0 0 0 0 0 0 0 0 0 0 0 0 0 0 0 0 0 0 0 0 0 0 0 0 0 0 0 0 0 0 0 0 0 0 0 0 0 0 0 0 0 0 0 0 0 0 0 0 0 0 0 0 0 0 1 0 0 0 0 0 0 0 0]
[3756188623155719924466475599286068313056051944595416284176406615796202673422958042053171687054214871253301208683591451069616730715827995377103559871578380635885642970497590421983692518530854565041331812793231979147204467910866191474387 0 0 0 0 0 0 0 0 0 0 0 0 0 0 0 0 0 0 0 0 0 0 0 0 0 0 0 0 0 0 0 0 0 0 0 0 0 0 0 0 0 0 0 0 0 0 0 0 0 0 0 0 0 0 0 0 0 0 0 0 0 0 0 0 0 0 0 0 0 1 0 0 0 0 0 0 0]
[3245723365242337809282152426771500584238634119954214138693184911304642303938446012928603346286661032494674993953895377533787973629470449157816378683850505035016481216389491849108481242731470650127562795394256710989974957130011615029391 0 0 0 0 0 0 0 0 0 0 0 0 0 0 0 0 0 0 0 0 0 0 0 0 0 0 0 0 0 0 0 0 0 0 0 0 0 0 0 0 0 0 0 0 0 0 0 0 0 0 0 0 0 0 0 0 0 0 0 0 0 0 0 0 0 0 0 0 0 0 1 0 0 0 0 0 0]
[2627464790431309199832922737966739938707693005706770211011484417256702743977017150516609925013184215603896865967916972934371211327492430836638403713785661258681984848846273845326914110315590314996604110128818727450581067858512834780724 0 0 0 0 0 0 0 0 0 0 0 0 0 0 0 0 0 0 0 0 0 0 0 0 0 0 0 0 0 0 0 0 0 0 0 0 0 0 0 0 0 0 0 0 0 0 0 0 0 0 0 0 0 0 0 0 0 0 0 0 0 0 0 0 0 0 0 0 0 0 0 1 0 0 0 0 0]
[2330561601172112594864996628671740542750393728357073719659854057549738067986201987280101910078948296498672874553062129677983036570869329895130943915052826237650035708951588877379314264571911914315329925742779433304594060536116076152241 0 0 0 0 0 0 0 0 0 0 0 0 0 0 0 0 0 0 0 0 0 0 0 0 0 0 0 0 0 0 0 0 0 0 0 0 0 0 0 0 0 0 0 0 0 0 0 0 0 0 0 0 0 0 0 0 0 0 0 0 0 0 0 0 0 0 0 0 0 0 0 0 1 0 0 0 0]
[2269463328625263217534124445280116647424364943589925332324008911389446605982100397261599481907610822920301004501690689684298336838783470338681531473538568023525411650811898794315721336004580171969017987502092824868030264201977211380503 0 0 0 0 0 0 0 0 0 0 0 0 0 0 0 0 0 0 0 0 0 0 0 0 0 0 0 0 0 0 0 0 0 0 0 0 0 0 0 0 0 0 0 0 0 0 0 0 0 0 0 0 0 0 0 0 0 0 0 0 0 0 0 0 0 0 0 0 0 0 0 0 0 1 0 0 0]
[1875387241526713138241626086510076438425340181182914541832830506561484759728792851533980820946729536944085125965716868962611618139330857277441154562168367334295532222480915103987307407229527202502872813928497361258095649756296823437040 0 0 0 0 0 0 0 0 0 0 0 0 0 0 0 0 0 0 0 0 0 0 0 0 0 0 0 0 0 0 0 0 0 0 0 0 0 0 0 0 0 0 0 0 0 0 0 0 0 0 0 0 0 0 0 0 0 0 0 0 0 0 0 0 0 0 0 0 0 0 0 0 0 0 1 0 0]
[2338621589906509124164084112912449095002801522319314492189261003904490333718681846585664450154232440384753545848803674380313503967215526143683797671151558902744147666672736366362488168510884393139777504456556131970004819772412982691575 0 0 0 0 0 0 0 0 0 0 0 0 0 0 0 0 0 0 0 0 0 0 0 0 0 0 0 0 0 0 0 0 0 0 0 0 0 0 0 0 0 0 0 0 0 0 0 0 0 0 0 0 0 0 0 0 0 0 0 0 0 0 0 0 0 0 0 0 0 0 0 0 0 0 0 1 0]
[1947023126472312017976339895148530753383248232730801773013663983666177478720030801663184894215312465144750604246243997296792128340156647180608816041338347757380519847101819670487362392320598014266723396075888011502428884677487574707622 0 0 0 0 0 0 0 0 0 0 0 0 0 0 0 0 0 0 0 0 0 0 0 0 0 0 0 0 0 0 0 0 0 0 0 0 0 0 0 0 0 0 0 0 0 0 0 0 0 0 0 0 0 0 0 0 0 0 0 0 0 0 0 0 0 0 0 0 0 0 0 0 0 0 0 0 1]
]
78 79 3
[1 1 1 1 1 1 1 1 1 1 1 1 1 1 1 1 1 1 1 1 1 1 1 1 1 1 1 1 1 1 1 1 1 1 1 1 1 1 1 1 1 1 1 1 1 1 1 1 1 1 1 1 1 1 1 1 1 1 1 1 1 1 1 1 1 1 1 1 1 1 1 1 1 1 1 1 1 1 1]
