[[3516223984759417634614374075240306433044602821444981555373426308095248322192592035777386767133269758118093919270240221206021804164461951081186663080527906292416572488560149230645539022797750153057566258032131854037307087298375152439283 0 0 0 0 0 0 0 0 0 0 0 0 0 0 0 0 0 0 0 0 0 0 0 0 0 0 0 0 0 0 0 0 0 0 0 0 0 0 0 0 0 0 0 0 0 0 0 0 0 0 0 0 0 0 0 0 0 0 0 0 0 0 0 0 0 0 0 0 0 0 0 0 0 0 0 0 0]
[2900099567230817318446163118713480942842363793497728469712812985862430026393906876047591915367787413072720939344907378207484390280225371077683073424032742943152117600187991945831036242970164416968785743347801424078633916388177899175171 1 0 0 0 0 0 0 0 0 0 0 0 0 0 0 0 0 0 0 0 0 0 0 0 0 0 0 0 0 0 0 0 0 0 0 0 0 0 0 0 0 0 0 0 0 0 0 0 0 0 0 0 0 0 0 0 0 0 0 0 0 0 0 0 0 0 0 0 0 0 0 0 0 0 0 0 0]
[210488872763464640928626588114876538610420792260366674685011053309808068240654038437349347172879688149047227257392094408885850102879680414174472009578021071787903459017852970236921019599074711066107567090376653977861045893071083354836 0 1 0 0 0 0 0 0 0 0 0 0 0 0 0 0 0 0 0 0 0 0 0 0 0 0 0 0 0 0 0 0 0 0 0 0 0 0 0 0 0 0 0 0 0 0 0 0 0 0 0 0 0 0 0 0 0 0 0 0 0 0 0 0 0 0 0 0 0 0 0 0 0 0 0 0 0]
[131472738780771440673292550961615719494730959899801699893647780816678658670983386698352911352165015139729148494673812530116654045339489228213665774133330269905543726140602196961042807201748181991949455170635779131642543261533239279244 0 0 1 0 0 0 0 0 0 0 0 0 0 0 0 0 0 0 0 0 0 0 0 0 0 0 0 0 0 0 0 0 0 0 0 0 0 0 0 0 0 0 0 0 0 0 0 0 0 0 0 0 0 0 0 0 0 0 0 0 0 0 0 0 0 0 0 0 0 0 0 0 0 0 0 0 0]
[1063079308874023148583086063010372347191428515759892313862560829279699904352184067606857123028026308487668629420025146645015236273651314288443051885299956943177783745563380948896183010101498218385484386921318033617262296287901227254599 0 0 0 1 0 0 0 0 0 0 0 0 0 0 0 0 0 0 0 0 0 0 0 0 0 0 0 0 0 0 0 0 0 0 0 0 0 0 0 0 0 0 0 0 0 0 0 0 0 0 0 0 0 0 0 0 0 0 0 0 0 0 0 0 0 0 0 0 0 0 0 0 0 0 0 0 0]
[2517610123579957150038356613153541867597426544361739001461490772075446715100275979617290775387070622328482663651746866970580632894790171244186129564057612700249109419089938691796146249735567653011371451120375345561148828115924356286703 0 0 0 0 1 0 0 0 0 0 0 0 0 0 0 0 0 0 0 0 0 0 0 0 0 0 0 0 0 0 0 0 0 0 0 0 0 0 0 0 0 0 0 0 0 0 0 0 0 0 0 0 0 0 0 0 0 0 0 0 0 0 0 0 0 0 0 0 0 0 0 0 0 0 0 0 0]
[2409925737789897379389915289976947904321258381135957322629221303887566776385651435973364483781304593834396056177279904715514087420228565865474829532744815846769536579282044161927383368467818976276368914840485502925464570531088674988718 0 0 0 0 0 1 0 0 0 0 0 0 0 0 0 0 0 0 0 0 0 0 0 0 0 0 0 0 0 0 0 0 0 0 0 0 0 0 0 0 0 0 0 0 0 0 0 0 0 0 0 0 0 0 0 0 0 0 0 0 0 0 0 0 0 0 0 0 0 0 0 0 0 0 0 0 0]
[2483484219773580058246514962972176359174710351632511617374787998070731380509322400806312197053742149360772565975055720020076810167740900761089915144202386402719684681076619430322548130230803229880343833373501506876192170718398842985255 0 0 0 0 0 0 1 0 0 0 0 0 0 0 0 0 0 0 0 0 0 0 0 0 0 0 0 0 0 0 0 0 0 0 0 0 0 0 0 0 0 0 0 0 0 0 0 0 0 0 0 0 0 0 0 0 0 0 0 0 0 0 0 0 0 0 0 0 0 0 0 0 0 0 0 0 0]
[2243660733940465658206781035723632199203081974219421534058975460095102314082604202761971721384396417486515242212971227469805540531569402700039948251982846326622003938704347549593895820078308430728954718228348930562949550693877811141495 0 0 0 0 0 0 0 1 0 0 0 0 0 0 0 0 0 0 0 0 0 0 0 0 0 0 0 0 0 0 0 0 0 0 0 0 0 0 0 0 0 0 0 0 0 0 0 0 0 0 0 0 0 0 0 0 0 0 0 0 0 0 0 0 0 0 0 0 0 0 0 0 0 0 0 0 0]
[2304829007915928825520243726274736009987514493581595353451617653495232797733526367004949198231260687997088606921403677622910154954169350790879745510678027682618478667342230946881637199573557257397266960456770408570786499900496287003879 0 0 0 0 0 0 0 0 1 0 0 0 0 0 0 0 0 0 0 0 0 0 0 0 0 0 0 0 0 0 0 0 0 0 0 0 0 0 0 0 0 0 0 0 0 0 0 0 0 0 0 0 0 0 0 0 0 0 0 0 0 0 0 0 0 0 0 0 0 0 0 0 0 0 0 0 0]
[675430500022077741152002278665826408823029541609156535087381102656928538130346547029575737988056209440590582013451150089031506221601054585362960944171916739279955273198605001796367279566103805671576013445054227017995243978512955150124 0 0 0 0 0 0 0 0 0 1 0 0 0 0 0 0 0 0 0 0 0 0 0 0 0 0 0 0 0 0 0 0 0 0 0 0 0 0 0 0 0 0 0 0 0 0 0 0 0 0 0 0 0 0 0 0 0 0 0 0 0 0 0 0 0 0 0 0 0 0 0 0 0 0 0 0 0]
[1128428018853410146255309956497505468451738230845479908379279082692885121792894082529005883630311588081794963928654088417703906908121013870056933968497821731407657844951396991820711355005467468535760990952572401726346868008116455040258 0 0 0 0 0 0 0 0 0 0 1 0 0 0 0 0 0 0 0 0 0 0 0 0 0 0 0 0 0 0 0 0 0 0 0 0 0 0 0 0 0 0 0 0 0 0 0 0 0 0 0 0 0 0 0 0 0 0 0 0 0 0 0 0 0 0 0 0 0 0 0 0 0 0 0 0 0]
[1459945472658995011307221914840968434264452102048859468711784200815710961165526416558531408323575016149287713495900746850205326059925884459612922491941166891372948744027376018851195567084831343378777539910247866074625109832976741325274 0 0 0 0 0 0 0 0 0 0 0 1 0 0 0 0 0 0 0 0 0 0 0 0 0 0 0 0 0 0 0 0 0 0 0 0 0 0 0 0 0 0 0 0 0 0 0 0 0 0 0 0 0 0 0 0 0 0 0 0 0 0 0 0 0 0 0 0 0 0 0 0 0 0 0 0 0]
[666653461328577818293448946197827315955012129608997456674452255595623059532364780929727007281984417869847796854687238148039456051913149894073234890926057301526805304757040354330115417860276603515173314764927485064696400514572352764249 0 0 0 0 0 0 0 0 0 0 0 0 1 0 0 0 0 0 0 0 0 0 0 0 0 0 0 0 0 0 0 0 0 0 0 0 0 0 0 0 0 0 0 0 0 0 0 0 0 0 0 0 0 0 0 0 0 0 0 0 0 0 0 0 0 0 0 0 0 0 0 0 0 0 0 0 0]
[1149359708845708914398542556294912670151517061055056944331139025806341993402399646918857180627634869702652067243628039552934810181306978553865912085702272718618358722939665758738577242579335348739610243144293777047293362472273535189197 0 0 0 0 0 0 0 0 0 0 0 0 0 1 0 0 0 0 0 0 0 0 0 0 0 0 0 0 0 0 0 0 0 0 0 0 0 0 0 0 0 0 0 0 0 0 0 0 0 0 0 0 0 0 0 0 0 0 0 0 0 0 0 0 0 0 0 0 0 0 0 0 0 0 0 0 0]
[1844039024666068790388516709646186035178532705133963782119235391164007929548028372553120593762816128944121859789225577119288390852531435009356062034412058349721775716523279761258228084580156657515047874720333322603157867803726826181652 0 0 0 0 0 0 0 0 0 0 0 0 0 0 1 0 0 0 0 0 0 0 0 0 0 0 0 0 0 0 0 0 0 0 0 0 0 0 0 0 0 0 0 0 0 0 0 0 0 0 0 0 0 0 0 0 0 0 0 0 0 0 0 0 0 0 0 0 0 0 0 0 0 0 0 0 0]
[1087363218191771113314791830339814789901665732832613651012801729201919535526975091080032359033379186975916605547595423294217430247443219634390991525872767182958711216066131870394397947096897274799823400916352299060828743333240534901742 0 0 0 0 0 0 0 0 0 0 0 0 0 0 0 1 0 0 0 0 0 0 0 0 0 0 0 0 0 0 0 0 0 0 0 0 0 0 0 0 0 0 0 0 0 0 0 0 0 0 0 0 0 0 0 0 0 0 0 0 0 0 0 0 0 0 0 0 0 0 0 0 0 0 0 0 0]
[1392327688369348380639198853090378229131345353768325244584782233133944059638283818259173569946115817025408516552092024065382782884428772602108921644844770153302190078540143661538705825336427970667373852548797643154595297905462985448781 0 0 0 0 0 0 0 0 0 0 0 0 0 0 0 0 1 0 0 0 0 0 0 0 0 0 0 0 0 0 0 0 0 0 0 0 0 0 0 0 0 0 0 0 0 0 0 0 0 0 0 0 0 0 0 0 0 0 0 0 0 0 0 0 0 0 0 0 0 0 0 0 0 0 0 0 0]
[396146019529580265570123800503311988899033801588869929682640393437139093077485721709701342306632838071808267810428983600767395909866200833286062271707139884042926084844465310869349832733507219875206640463389134540524343756178420073537 0 0 0 0 0 0 0 0 0 0 0 0 0 0 0 0 0 1 0 0 0 0 0 0 0 0 0 0 0 0 0 0 0 0 0 0 0 0 0 0 0 0 0 0 0 0 0 0 0 0 0 0 0 0 0 0 0 0 0 0 0 0 0 0 0 0 0 0 0 0 0 0 0 0 0 0 0]
[1535636250453261942511396065566254641334101094542535067832534775535877974250157926681628069889132366472722731769127995478586041439930160453708120410963157441482175016081255040999240973061405543143982452938151473000182754600858831031662 0 0 0 0 0 0 0 0 0 0 0 0 0 0 0 0 0 0 1 0 0 0 0 0 0 0 0 0 0 0 0 0 0 0 0 0 0 0 0 0 0 0 0 0 0 0 0 0 0 0 0 0 0 0 0 0 0 0 0 0 0 0 0 0 0 0 0 0 0 0 0 0 0 0 0 0 0]
[1955979525792888927077410975322286348894711950245380062292552659259201951581278131773080670041370243482213218580447740151696153664885347478661398630921600887344374349387132508310235238794844256076163695041446293475754669215617351140739 0 0 0 0 0 0 0 0 0 0 0 0 0 0 0 0 0 0 0 1 0 0 0 0 0 0 0 0 0 0 0 0 0 0 0 0 0 0 0 0 0 0 0 0 0 0 0 0 0 0 0 0 0 0 0 0 0 0 0 0 0 0 0 0 0 0 0 0 0 0 0 0 0 0 0 0 0]
[1219864168785107105131825748082741453404742688471134117407827288616529943925292881492199836355703568789961229640057986386251801287058724842327433202779057028051096734378867575907381080703178920911291855964185910637522894080654396506681 0 0 0 0 0 0 0 0 0 0 0 0 0 0 0 0 0 0 0 0 1 0 0 0 0 0 0 0 0 0 0 0 0 0 0 0 0 0 0 0 0 0 0 0 0 0 0 0 0 0 0 0 0 0 0 0 0 0 0 0 0 0 0 0 0 0 0 0 0 0 0 0 0 0 0 0 0]
[2269567741501262593882306743063683392714481368917790597103093281744749683347233583679480834193908206115758914020911593977237228116230077425502293424848140749453365305447227909987699110648289643053652891891308913225346575744570922802796 0 0 0 0 0 0 0 0 0 0 0 0 0 0 0 0 0 0 0 0 0 1 0 0 0 0 0 0 0 0 0 0 0 0 0 0 0 0 0 0 0 0 0 0 0 0 0 0 0 0 0 0 0 0 0 0 0 0 0 0 0 0 0 0 0 0 0 0 0 0 0 0 0 0 0 0 0]
[3145558134464278324071645386623855233293408708055259592101658869519263587120094743796504867992472901255810837943236905217259137053780039509860183242798279150453461440813602228499173702479454164077626980792883679389662244466134926034038 0 0 0 0 0 0 0 0 0 0 0 0 0 0 0 0 0 0 0 0 0 0 1 0 0 0 0 0 0 0 0 0 0 0 0 0 0 0 0 0 0 0 0 0 0 0 0 0 0 0 0 0 0 0 0 0 0 0 0 0 0 0 0 0 0 0 0 0 0 0 0 0 0 0 0 0 0]
[776567227415644553208327702793188855904467177616751995546923392624580978653785470803136826990109424784584322271225177914228451051448413502415488158915493647357642119191314268367261278126559027032181258173678028091301736187598365707910 0 0 0 0 0 0 0 0 0 0 0 0 0 0 0 0 0 0 0 0 0 0 0 1 0 0 0 0 0 0 0 0 0 0 0 0 0 0 0 0 0 0 0 0 0 0 0 0 0 0 0 0 0 0 0 0 0 0 0 0 0 0 0 0 0 0 0 0 0 0 0 0 0 0 0 0 0]
[3097521709863428026796690549849423901722377065000683770653351071424166356525855442688739120223003954543827056333048583295742356359431401883173858096917192180894370446390021369341492993839133140679613824254394320317774034372239418061273 0 0 0 0 0 0 0 0 0 0 0 0 0 0 0 0 0 0 0 0 0 0 0 0 1 0 0 0 0 0 0 0 0 0 0 0 0 0 0 0 0 0 0 0 0 0 0 0 0 0 0 0 0 0 0 0 0 0 0 0 0 0 0 0 0 0 0 0 0 0 0 0 0 0 0 0 0]
[1978326743736532525452664928303388895172273316455247268547136954401172634350695183922648798187037939918256839809973154536734022560670243440069608725532791094789885038547150649157532223829124699581985892094816612633065802317074870259640 0 0 0 0 0 0 0 0 0 0 0 0 0 0 0 0 0 0 0 0 0 0 0 0 0 1 0 0 0 0 0 0 0 0 0 0 0 0 0 0 0 0 0 0 0 0 0 0 0 0 0 0 0 0 0 0 0 0 0 0 0 0 0 0 0 0 0 0 0 0 0 0 0 0 0 0 0]
[2231949424662682932143434558891482825555363007394872069630651195885009702336817834961316221194070924483127135498957723624370642371069035807235440073361225782778770648845758561184451308256548859717293600225319895736901537746764062571368 0 0 0 0 0 0 0 0 0 0 0 0 0 0 0 0 0 0 0 0 0 0 0 0 0 0 1 0 0 0 0 0 0 0 0 0 0 0 0 0 0 0 0 0 0 0 0 0 0 0 0 0 0 0 0 0 0 0 0 0 0 0 0 0 0 0 0 0 0 0 0 0 0 0 0 0 0]
[2379853117495956036453909816927804782176194643625097131670466383000472010589119904273679457317389721699848608364459383116191551351167002992210123145605835082857819462365917787735172250717017765657453848921747350530319540618149053807271 0 0 0 0 0 0 0 0 0 0 0 0 0 0 0 0 0 0 0 0 0 0 0 0 0 0 0 1 0 0 0 0 0 0 0 0 0 0 0 0 0 0 0 0 0 0 0 0 0 0 0 0 0 0 0 0 0 0 0 0 0 0 0 0 0 0 0 0 0 0 0 0 0 0 0 0 0]
[1092779985770096901426011396240117984826172198035209007195682157511738268623415763759627134449553112411459124191519091587141014142640668154944205628907043416600761801325504955162058557264863696646835079193269404343757253442682132046928 0 0 0 0 0 0 0 0 0 0 0 0 0 0 0 0 0 0 0 0 0 0 0 0 0 0 0 0 1 0 0 0 0 0 0 0 0 0 0 0 0 0 0 0 0 0 0 0 0 0 0 0 0 0 0 0 0 0 0 0 0 0 0 0 0 0 0 0 0 0 0 0 0 0 0 0 0]
[305979470995882716363271459010578223442671403760801462028492517206199514328353152112975234602165752585307262157861172470115200837143322430920016243291599462580090997096194641060189986400546100900457674838841405407081648902937045986942 0 0 0 0 0 0 0 0 0 0 0 0 0 0 0 0 0 0 0 0 0 0 0 0 0 0 0 0 0 1 0 0 0 0 0 0 0 0 0 0 0 0 0 0 0 0 0 0 0 0 0 0 0 0 0 0 0 0 0 0 0 0 0 0 0 0 0 0 0 0 0 0 0 0 0 0 0]
[2429124076074411612479019394367995888083670236462115590710552605756429644056789992041705787118438845496130408779377341869588227809770319188393381890372363784101656582399849975785947784950500698542279662850199796799443757331104962085882 0 0 0 0 0 0 0 0 0 0 0 0 0 0 0 0 0 0 0 0 0 0 0 0 0 0 0 0 0 0 1 0 0 0 0 0 0 0 0 0 0 0 0 0 0 0 0 0 0 0 0 0 0 0 0 0 0 0 0 0 0 0 0 0 0 0 0 0 0 0 0 0 0 0 0 0 0]
[802139777462355922487059500846546546321351718624825840611492247819937159268649835517621227644721484038727466649327314838273048815861465005226508436347577496368422436366124111688449191662311093692756229068057190060533386704670727301646 0 0 0 0 0 0 0 0 0 0 0 0 0 0 0 0 0 0 0 0 0 0 0 0 0 0 0 0 0 0 0 1 0 0 0 0 0 0 0 0 0 0 0 0 0 0 0 0 0 0 0 0 0 0 0 0 0 0 0 0 0 0 0 0 0 0 0 0 0 0 0 0 0 0 0 0 0]
[1420467846716003247678058299691202884693091291049675624624427439425174756540983447665313088896494338143461271655951242770868946529690453121072204627000080708312541322457358671054242523955298795610155855544633227740899575986454133069617 0 0 0 0 0 0 0 0 0 0 0 0 0 0 0 0 0 0 0 0 0 0 0 0 0 0 0 0 0 0 0 0 1 0 0 0 0 0 0 0 0 0 0 0 0 0 0 0 0 0 0 0 0 0 0 0 0 0 0 0 0 0 0 0 0 0 0 0 0 0 0 0 0 0 0 0 0]
[1996243239518490359194549419226747280492572372683258243700853314304966723683335524935080780443766801896936011258182193411061631811169280365338109439304526859593456894744503550392868695092696490271408319011828707898969573407346214537605 0 0 0 0 0 0 0 0 0 0 0 0 0 0 0 0 0 0 0 0 0 0 0 0 0 0 0 0 0 0 0 0 0 1 0 0 0 0 0 0 0 0 0 0 0 0 0 0 0 0 0 0 0 0 0 0 0 0 0 0 0 0 0 0 0 0 0 0 0 0 0 0 0 0 0 0 0]
[379390210689633987105010183788083985693843320655678822120246474409470825881090089614522639067277923918774329238232451481318255950332354592269141305716290199961931675312068187692370050484717433144960967703965946841304055981502798265144 0 0 0 0 0 0 0 0 0 0 0 0 0 0 0 0 0 0 0 0 0 0 0 0 0 0 0 0 0 0 0 0 0 0 1 0 0 0 0 0 0 0 0 0 0 0 0 0 0 0 0 0 0 0 0 0 0 0 0 0 0 0 0 0 0 0 0 0 0 0 0 0 0 0 0 0 0]
[172388742684956109117735126176711920040144727003772732834582672926585576714779214204107908048472797618050620255849899326932157271087096138764663218274910921390931013057795347388350325396530992252313766416508188612580914293733425506051 0 0 0 0 0 0 0 0 0 0 0 0 0 0 0 0 0 0 0 0 0 0 0 0 0 0 0 0 0 0 0 0 0 0 0 1 0 0 0 0 0 0 0 0 0 0 0 0 0 0 0 0 0 0 0 0 0 0 0 0 0 0 0 0 0 0 0 0 0 0 0 0 0 0 0 0 0]
[825951611476998449660378922101616818787157710891142433625150573547519643494256184890424164198152290511742451288933269253793302051522754054325071651799804275628290501736487826869332192478435064247758666207036464688582324938328667383214 0 0 0 0 0 0 0 0 0 0 0 0 0 0 0 0 0 0 0 0 0 0 0 0 0 0 0 0 0 0 0 0 0 0 0 0 1 0 0 0 0 0 0 0 0 0 0 0 0 0 0 0 0 0 0 0 0 0 0 0 0 0 0 0 0 0 0 0 0 0 0 0 0 0 0 0 0]
[2495595349077472040706655319413440486439520972331573912709068652076081925217338336888918241731865032886785038336706087754023009955439338464240951310046367702007062653852230449536866796539560064487526277962261809049473148789687977828784 0 0 0 0 0 0 0 0 0 0 0 0 0 0 0 0 0 0 0 0 0 0 0 0 0 0 0 0 0 0 0 0 0 0 0 0 0 1 0 0 0 0 0 0 0 0 0 0 0 0 0 0 0 0 0 0 0 0 0 0 0 0 0 0 0 0 0 0 0 0 0 0 0 0 0 0 0]
[1204351427654116073679438299160217523371942901975139284938597587815833900250816687362844996214691548622234837887563684407614182212627192634464278761440613551497021741724272546422793317941809841775189539603012542225698174604285248800618 0 0 0 0 0 0 0 0 0 0 0 0 0 0 0 0 0 0 0 0 0 0 0 0 0 0 0 0 0 0 0 0 0 0 0 0 0 0 1 0 0 0 0 0 0 0 0 0 0 0 0 0 0 0 0 0 0 0 0 0 0 0 0 0 0 0 0 0 0 0 0 0 0 0 0 0 0]
[3409084364846974082308663715064650601668133774845176366014902845612246804401677441151187411920586083144582016821696906310723735420744886831231577985575266356952474207577082642924483128559167969458263169654406770142898652438015665278666 0 0 0 0 0 0 0 0 0 0 0 0 0 0 0 0 0 0 0 0 0 0 0 0 0 0 0 0 0 0 0 0 0 0 0 0 0 0 0 1 0 0 0 0 0 0 0 0 0 0 0 0 0 0 0 0 0 0 0 0 0 0 0 0 0 0 0 0 0 0 0 0 0 0 0 0 0]
[3306155326792886401236394445668084125218066244542833323935834948001628587792529396355606662060970360384513872021591651586738933211389651309328220929635242323971572584725088520660077978906068656464733488424001981408521739053511739593947 0 0 0 0 0 0 0 0 0 0 0 0 0 0 0 0 0 0 0 0 0 0 0 0 0 0 0 0 0 0 0 0 0 0 0 0 0 0 0 0 1 0 0 0 0 0 0 0 0 0 0 0 0 0 0 0 0 0 0 0 0 0 0 0 0 0 0 0 0 0 0 0 0 0 0 0 0]
[1336732250669562706680589332680039064851918522530329735154881440361613640130024093937118392040576350697063120978574366443695806858144670932423334918337888772162329001066567498341849720042025948833567092437998940383818177929610456188865 0 0 0 0 0 0 0 0 0 0 0 0 0 0 0 0 0 0 0 0 0 0 0 0 0 0 0 0 0 0 0 0 0 0 0 0 0 0 0 0 0 1 0 0 0 0 0 0 0 0 0 0 0 0 0 0 0 0 0 0 0 0 0 0 0 0 0 0 0 0 0 0 0 0 0 0 0]
[66465410723328926114847233304664785184237525822111001122293033724292739760597129202799250593094704701999895287239928306861237469617556628992922603339585735150157886827095477319258293182527860868959302385536055181926605411954574669109 0 0 0 0 0 0 0 0 0 0 0 0 0 0 0 0 0 0 0 0 0 0 0 0 0 0 0 0 0 0 0 0 0 0 0 0 0 0 0 0 0 0 1 0 0 0 0 0 0 0 0 0 0 0 0 0 0 0 0 0 0 0 0 0 0 0 0 0 0 0 0 0 0 0 0 0 0]
[1492120657881977583135957020442251737416115757713150879783889953355932335040929047803134010266354005072486462417659488018124422477588098344091747641199243234698021811537168946569858697647244306746047827342916125895429558186499571972295 0 0 0 0 0 0 0 0 0 0 0 0 0 0 0 0 0 0 0 0 0 0 0 0 0 0 0 0 0 0 0 0 0 0 0 0 0 0 0 0 0 0 0 1 0 0 0 0 0 0 0 0 0 0 0 0 0 0 0 0 0 0 0 0 0 0 0 0 0 0 0 0 0 0 0 0 0]
[2055113295422869960024200139259785167859861707254441212895183856327385005580561487599989286224671095438282654523854438200452914256002551360056854009917342185283532771388526558932128319916149333352819770503572067610846586256657374173887 0 0 0 0 0 0 0 0 0 0 0 0 0 0 0 0 0 0 0 0 0 0 0 0 0 0 0 0 0 0 0 0 0 0 0 0 0 0 0 0 0 0 0 0 1 0 0 0 0 0 0 0 0 0 0 0 0 0 0 0 0 0 0 0 0 0 0 0 0 0 0 0 0 0 0 0 0]
[565271451565087523887931636422073874691762941429962460449852757038891260678903252122288128535398921850140463940261004178245635553671172885535599109095126279263578472271056981868458429996035238906047596485885505480235332208165149669169 0 0 0 0 0 0 0 0 0 0 0 0 0 0 0 0 0 0 0 0 0 0 0 0 0 0 0 0 0 0 0 0 0 0 0 0 0 0 0 0 0 0 0 0 0 1 0 0 0 0 0 0 0 0 0 0 0 0 0 0 0 0 0 0 0 0 0 0 0 0 0 0 0 0 0 0 0]
[1647667741044385772037377098795231581773986841550512477907246263521286110980506039432905463869804493201461231920264815536255818501693442104924751387771726965215932833247795882296228583534810342263622208005071663693243820802283422833468 0 0 0 0 0 0 0 0 0 0 0 0 0 0 0 0 0 0 0 0 0 0 0 0 0 0 0 0 0 0 0 0 0 0 0 0 0 0 0 0 0 0 0 0 0 0 1 0 0 0 0 0 0 0 0 0 0 0 0 0 0 0 0 0 0 0 0 0 0 0 0 0 0 0 0 0 0]
[1916392071336957871983893405936117269832313199578220276166617880011235702554167390246604675543105450985193200366740954504011296552706702398342600780695739342102854421738023930512055081797026908360979081218430281744129657314102353469708 0 0 0 0 0 0 0 0 0 0 0 0 0 0 0 0 0 0 0 0 0 0 0 0 0 0 0 0 0 0 0 0 0 0 0 0 0 0 0 0 0 0 0 0 0 0 0 1 0 0 0 0 0 0 0 0 0 0 0 0 0 0 0 0 0 0 0 0 0 0 0 0 0 0 0 0 0]
[2935752761732074268414301885243040742989159959647849736912528223575710183168322027218968172822970098945061501632956800271398654784602550689611045250993849278353483629504948945662570289469516390645252232847286935383531375429053104848322 0 0 0 0 0 0 0 0 0 0 0 0 0 0 0 0 0 0 0 0 0 0 0 0 0 0 0 0 0 0 0 0 0 0 0 0 0 0 0 0 0 0 0 0 0 0 0 0 1 0 0 0 0 0 0 0 0 0 0 0 0 0 0 0 0 0 0 0 0 0 0 0 0 0 0 0 0]
[372794865018320442556506681377590382587521579872707549807560341349997865036693214448616303480489137413892074501718790549922925968853056441087347452713570451115032019166981282876360124062959119272571137940846324442354468599892400782962 0 0 0 0 0 0 0 0 0 0 0 0 0 0 0 0 0 0 0 0 0 0 0 0 0 0 0 0 0 0 0 0 0 0 0 0 0 0 0 0 0 0 0 0 0 0 0 0 0 1 0 0 0 0 0 0 0 0 0 0 0 0 0 0 0 0 0 0 0 0 0 0 0 0 0 0 0]
[1476960298215756000434938625598437651542090703802192683177219550629585624190866411446143236883175345445362838793712683020772824539239234684526260419936689658560386659370140422857680996286202663263977619814588651277774697454531233948560 0 0 0 0 0 0 0 0 0 0 0 0 0 0 0 0 0 0 0 0 0 0 0 0 0 0 0 0 0 0 0 0 0 0 0 0 0 0 0 0 0 0 0 0 0 0 0 0 0 0 1 0 0 0 0 0 0 0 0 0 0 0 0 0 0 0 0 0 0 0 0 0 0 0 0 0 0]
[1919673172473231462605623483848434414853408955140595081213931266949957036429659009139412940686170404121737210629168868793235276283884339222494608168156345769622143356332686933010893700233919641580437576915948198659282486609735316437717 0 0 0 0 0 0 0 0 0 0 0 0 0 0 0 0 0 0 0 0 0 0 0 0 0 0 0 0 0 0 0 0 0 0 0 0 0 0 0 0 0 0 0 0 0 0 0 0 0 0 0 1 0 0 0 0 0 0 0 0 0 0 0 0 0 0 0 0 0 0 0 0 0 0 0 0 0]
[1680195707513660348804744464275496683274121488094260196391071809767125450011502771832545809899741854203011760670840499756328950303295572035869459206977620288489786701766571117542141887981023698943882170022179877870941965025530302282582 0 0 0 0 0 0 0 0 0 0 0 0 0 0 0 0 0 0 0 0 0 0 0 0 0 0 0 0 0 0 0 0 0 0 0 0 0 0 0 0 0 0 0 0 0 0 0 0 0 0 0 0 1 0 0 0 0 0 0 0 0 0 0 0 0 0 0 0 0 0 0 0 0 0 0 0 0]
[1281281185012999887078207063959134282752215769489317515432428578033559730009681338973688377546251218681781698860888801780581911938159987574836991089348264923494398953059075113735788028373020924793463346199037352786403794615466702862535 0 0 0 0 0 0 0 0 0 0 0 0 0 0 0 0 0 0 0 0 0 0 0 0 0 0 0 0 0 0 0 0 0 0 0 0 0 0 0 0 0 0 0 0 0 0 0 0 0 0 0 0 0 1 0 0 0 0 0 0 0 0 0 0 0 0 0 0 0 0 0 0 0 0 0 0 0]
[2397423184917310381133777886310767659597037685368733964303129345560854098618878251453674602359731602962082337013240482513845765227934523470591131209103655686804414297044499624571393063615725341402699784482199530757104983623722962569677 0 0 0 0 0 0 0 0 0 0 0 0 0 0 0 0 0 0 0 0 0 0 0 0 0 0 0 0 0 0 0 0 0 0 0 0 0 0 0 0 0 0 0 0 0 0 0 0 0 0 0 0 0 0 1 0 0 0 0 0 0 0 0 0 0 0 0 0 0 0 0 0 0 0 0 0 0]
[2412052261839969435408916771067810788825689952525753843470991611620630260860087417237733504696016367713351790780457646013151051543233123594324933947095811942937225879775361805194934355975891861616376601015212992479335968642413885416908 0 0 0 0 0 0 0 0 0 0 0 0 0 0 0 0 0 0 0 0 0 0 0 0 0 0 0 0 0 0 0 0 0 0 0 0 0 0 0 0 0 0 0 0 0 0 0 0 0 0 0 0 0 0 0 1 0 0 0 0 0 0 0 0 0 0 0 0 0 0 0 0 0 0 0 0 0]
[1191316284499869268883294640770659101483102071724953562314153930065904520550085558781013729453336555141657629122611031589043348836596086471600431684228784447955424787746855102771799112504977865903838328849934235034090709614127542794056 0 0 0 0 0 0 0 0 0 0 0 0 0 0 0 0 0 0 0 0 0 0 0 0 0 0 0 0 0 0 0 0 0 0 0 0 0 0 0 0 0 0 0 0 0 0 0 0 0 0 0 0 0 0 0 0 1 0 0 0 0 0 0 0 0 0 0 0 0 0 0 0 0 0 0 0 0]
[2022281070660376584622703294401869265282574202065546006420883231899841400879703810191913857933372617239609425933789491846239578966272286500362284268674194907574777030950387432592158766237541540397314705690058017125069751664260000186512 0 0 0 0 0 0 0 0 0 0 0 0 0 0 0 0 0 0 0 0 0 0 0 0 0 0 0 0 0 0 0 0 0 0 0 0 0 0 0 0 0 0 0 0 0 0 0 0 0 0 0 0 0 0 0 0 0 1 0 0 0 0 0 0 0 0 0 0 0 0 0 0 0 0 0 0 0]
[2860260776287681236064356749005735898032271392537057122125479332014390970289453433746008662663707919684754950186366362521679937338077868527579652894631651551896408896561856793636431901176504968641529324458811808815014530677925992076958 0 0 0 0 0 0 0 0 0 0 0 0 0 0 0 0 0 0 0 0 0 0 0 0 0 0 0 0 0 0 0 0 0 0 0 0 0 0 0 0 0 0 0 0 0 0 0 0 0 0 0 0 0 0 0 0 0 0 1 0 0 0 0 0 0 0 0 0 0 0 0 0 0 0 0 0 0]
[1473928168112127058709685734413053655157436382981917049971491907479433973315120840569893834481043659465201939221922408789273336656013223241820095753131784728470750502601328018061282965561463059041855061623395624680385801683251557913150 0 0 0 0 0 0 0 0 0 0 0 0 0 0 0 0 0 0 0 0 0 0 0 0 0 0 0 0 0 0 0 0 0 0 0 0 0 0 0 0 0 0 0 0 0 0 0 0 0 0 0 0 0 0 0 0 0 0 0 1 0 0 0 0 0 0 0 0 0 0 0 0 0 0 0 0 0]
[3145667124921872230782645737740512861465381074986978350600725614326020543712098101888623105838480739160218632813268105536317058375021081308803883060545686064100180396936773691599241660108933105290109142382075149183006774393106627982737 0 0 0 0 0 0 0 0 0 0 0 0 0 0 0 0 0 0 0 0 0 0 0 0 0 0 0 0 0 0 0 0 0 0 0 0 0 0 0 0 0 0 0 0 0 0 0 0 0 0 0 0 0 0 0 0 0 0 0 0 1 0 0 0 0 0 0 0 0 0 0 0 0 0 0 0 0]
[899403817167768356516027764359263156503717154225607347106023317151397888938292541540499971467965039835333463262456178696700357042976722915472440909513328213618951884260819051417065915301941242971849576026793426171832235815018791773306 0 0 0 0 0 0 0 0 0 0 0 0 0 0 0 0 0 0 0 0 0 0 0 0 0 0 0 0 0 0 0 0 0 0 0 0 0 0 0 0 0 0 0 0 0 0 0 0 0 0 0 0 0 0 0 0 0 0 0 0 0 1 0 0 0 0 0 0 0 0 0 0 0 0 0 0 0]
[2289320240913355745773672308097915293756783029779555036735288024993876972852833376440123061071206146162142283346364788012672786691805625308338017425238480288640157981023513776950142255563807948660989471659430520886901685914506196556600 0 0 0 0 0 0 0 0 0 0 0 0 0 0 0 0 0 0 0 0 0 0 0 0 0 0 0 0 0 0 0 0 0 0 0 0 0 0 0 0 0 0 0 0 0 0 0 0 0 0 0 0 0 0 0 0 0 0 0 0 0 0 1 0 0 0 0 0 0 0 0 0 0 0 0 0 0]
[2197353078831596590481914862509144865358604031633909548957910223512807924911205384208670503242383124741215206558207322693477282264026002645862639849402006702137196720562343530368742252094879668174858402997755438274473837221961186529941 0 0 0 0 0 0 0 0 0 0 0 0 0 0 0 0 0 0 0 0 0 0 0 0 0 0 0 0 0 0 0 0 0 0 0 0 0 0 0 0 0 0 0 0 0 0 0 0 0 0 0 0 0 0 0 0 0 0 0 0 0 0 0 1 0 0 0 0 0 0 0 0 0 0 0 0 0]
[1373621144599946347771745458103302727154201188631605388762026297788211306850118874632626393571825861418627139461883200711143222648867514065467106614532275081319107469226089516222745779996752370285183860324091844616661501948991683377059 0 0 0 0 0 0 0 0 0 0 0 0 0 0 0 0 0 0 0 0 0 0 0 0 0 0 0 0 0 0 0 0 0 0 0 0 0 0 0 0 0 0 0 0 0 0 0 0 0 0 0 0 0 0 0 0 0 0 0 0 0 0 0 0 1 0 0 0 0 0 0 0 0 0 0 0 0]
[1808555356069140463020067388243314800222762283070954878260237418661463849091736145893832602872585914718725435042668252201432731673317336208754459981837787581797023408337746116663647030814360126225702894310510694365853425097115918148974 0 0 0 0 0 0 0 0 0 0 0 0 0 0 0 0 0 0 0 0 0 0 0 0 0 0 0 0 0 0 0 0 0 0 0 0 0 0 0 0 0 0 0 0 0 0 0 0 0 0 0 0 0 0 0 0 0 0 0 0 0 0 0 0 0 1 0 0 0 0 0 0 0 0 0 0 0]
[1188712117107396202909960910391787983484097729084571059059525038917308450691044345231917371465797043476423141415878812923022687075427946401367505191048825658860070079589849099837168697837155650913151761165543337896499803873781896799789 0 0 0 0 0 0 0 0 0 0 0 0 0 0 0 0 0 0 0 0 0 0 0 0 0 0 0 0 0 0 0 0 0 0 0 0 0 0 0 0 0 0 0 0 0 0 0 0 0 0 0 0 0 0 0 0 0 0 0 0 0 0 0 0 0 0 1 0 0 0 0 0 0 0 0 0 0]
[1330944766636388170268409773851316928770461742846877713973993507602948364998285577463389819304901167680000006803934276031147932521518347136365295197997166686953215156119837160452511575885089754518273254691775564886822940956942075833192 0 0 0 0 0 0 0 0 0 0 0 0 0 0 0 0 0 0 0 0 0 0 0 0 0 0 0 0 0 0 0 0 0 0 0 0 0 0 0 0 0 0 0 0 0 0 0 0 0 0 0 0 0 0 0 0 0 0 0 0 0 0 0 0 0 0 0 1 0 0 0 0 0 0 0 0 0]
[3408449425917707507666885156404721924611056419056619951461473864818217102512556639449911081150366636321898036687969818154031371316135700985133825980594276431155084581826625158852658724444599868481410059900618094287946096353066254744275 0 0 0 0 0 0 0 0 0 0 0 0 0 0 0 0 0 0 0 0 0 0 0 0 0 0 0 0 0 0 0 0 0 0 0 0 0 0 0 0 0 0 0 0 0 0 0 0 0 0 0 0 0 0 0 0 0 0 0 0 0 0 0 0 0 0 0 0 1 0 0 0 0 0 0 0 0]
[223804054292190487040203093426926596749414865260500795842839025284572994939983308129478235754120743604983165135128021688676900432699839666054561051907595423265100558728261878089072132722723134222923719970401434891010651482874463318329 0 0 0 0 0 0 0 0 0 0 0 0 0 0 0 0 0 0 0 0 0 0 0 0 0 0 0 0 0 0 0 0 0 0 0 0 0 0 0 0 0 0 0 0 0 0 0 0 0 0 0 0 0 0 0 0 0 0 0 0 0 0 0 0 0 0 0 0 0 1 0 0 0 0 0 0 0]
[461635937194376132616994847391082714149090596624860919319491019661686768739834229299157331556931384804561878713320976385494256760963486625375921260029785738570255225756687690303878578544200094613968748119678286915788416339417541050813 0 0 0 0 0 0 0 0 0 0 0 0 0 0 0 0 0 0 0 0 0 0 0 0 0 0 0 0 0 0 0 0 0 0 0 0 0 0 0 0 0 0 0 0 0 0 0 0 0 0 0 0 0 0 0 0 0 0 0 0 0 0 0 0 0 0 0 0 0 0 1 0 0 0 0 0 0]
[1697520197992890425549508065762486411778873491699094230358637946750062190501789495596940049838809306933125807421206557543895921230465685757410506743250163116074681577857884055123575053912161331554779698978634343843123296261261560554221 0 0 0 0 0 0 0 0 0 0 0 0 0 0 0 0 0 0 0 0 0 0 0 0 0 0 0 0 0 0 0 0 0 0 0 0 0 0 0 0 0 0 0 0 0 0 0 0 0 0 0 0 0 0 0 0 0 0 0 0 0 0 0 0 0 0 0 0 0 0 0 1 0 0 0 0 0]
[1432273217721135677996119776518089963113896090827112783687754394775323162099462284007725630939252637283361183965201477362095140312539905451095301217547802090305168564178658067657793298432915681848883103332070346041028587592895315632020 0 0 0 0 0 0 0 0 0 0 0 0 0 0 0 0 0 0 0 0 0 0 0 0 0 0 0 0 0 0 0 0 0 0 0 0 0 0 0 0 0 0 0 0 0 0 0 0 0 0 0 0 0 0 0 0 0 0 0 0 0 0 0 0 0 0 0 0 0 0 0 0 1 0 0 0 0]
[2706331428722676035050055044493178008145376229260791729179903340588325410220818501079039609162301751274626695655308855744331474043659979790016807188936299040278148811347436126348477577915891243163940440854879517931518723038840132630518 0 0 0 0 0 0 0 0 0 0 0 0 0 0 0 0 0 0 0 0 0 0 0 0 0 0 0 0 0 0 0 0 0 0 0 0 0 0 0 0 0 0 0 0 0 0 0 0 0 0 0 0 0 0 0 0 0 0 0 0 0 0 0 0 0 0 0 0 0 0 0 0 0 1 0 0 0]
[1381148675000535830224233104286170329953707334184208890484803069093432399512650484746632734071134699990888166447991563791032429230097078841743604509598444001451537993464431125940556594524048856191275838352518227830032273223337178225324 0 0 0 0 0 0 0 0 0 0 0 0 0 0 0 0 0 0 0 0 0 0 0 0 0 0 0 0 0 0 0 0 0 0 0 0 0 0 0 0 0 0 0 0 0 0 0 0 0 0 0 0 0 0 0 0 0 0 0 0 0 0 0 0 0 0 0 0 0 0 0 0 0 0 1 0 0]
[1160145681182206107974897089049973875841672132646402507447048209367522820605665679839283829604533432299880666209861858063994874620397316009264431486968492963682665578133748883504327362012161676336488793025592216376435795957373837758626 0 0 0 0 0 0 0 0 0 0 0 0 0 0 0 0 0 0 0 0 0 0 0 0 0 0 0 0 0 0 0 0 0 0 0 0 0 0 0 0 0 0 0 0 0 0 0 0 0 0 0 0 0 0 0 0 0 0 0 0 0 0 0 0 0 0 0 0 0 0 0 0 0 0 0 1 0]
[1330418802581685673187296734477273489433569368290326672864692343771633658681540936024608712657971752725001052403363678987613692672104297583659838486684344158621320485544554957252132075926440552599025708868630862846530198846767537733956 0 0 0 0 0 0 0 0 0 0 0 0 0 0 0 0 0 0 0 0 0 0 0 0 0 0 0 0 0 0 0 0 0 0 0 0 0 0 0 0 0 0 0 0 0 0 0 0 0 0 0 0 0 0 0 0 0 0 0 0 0 0 0 0 0 0 0 0 0 0 0 0 0 0 0 0 1]
]
78 79 8
[1 1 1 1 1 1 1 1 1 1 1 1 1 1 1 1 1 1 1 1 1 1 1 1 1 1 1 1 1 1 1 1 1 1 1 1 1 1 1 1 1 1 1 1 1 1 1 1 1 1 1 1 1 1 1 1 1 1 1 1 1 1 1 1 1 1 1 1 1 1 1 1 1 1 1 1 1 1 1]
