[[4350748173586270386947337894832530147439929255882812227931655549984552167462097338533599925989397490272184178647846604353245576551807330461697645811125523089835349438972228615295678137916251156436909212688707258504246064300279081545779 0 0 0 0 0 0 0 0 0 0 0 0 0 0 0 0 0 0 0 0 0 0 0 0 0 0 0 0 0 0 0 0 0 0 0 0 0 0 0 0 0 0 0 0 0 0 0 0 0 0 0 0 0 0 0 0 0 0 0 0 0 0 0 0 0 0 0 0 0 0 0 0 0 0 0 0 0]
[1428216616158872652392805081524191127058127773814317548211485859960863444401080208131737806322308022473921675536522278222840602134867469510014450346777217390757624719994010122050198442148062947127466857131519606866958047395505729039684 1 0 0 0 0 0 0 0 0 0 0 0 0 0 0 0 0 0 0 0 0 0 0 0 0 0 0 0 0 0 0 0 0 0 0 0 0 0 0 0 0 0 0 0 0 0 0 0 0 0 0 0 0 0 0 0 0 0 0 0 0 0 0 0 0 0 0 0 0 0 0 0 0 0 0 0 0]
[3479539293838231112795208938385644237594736743633241585576125591692509628319354212946932799451375601399684690909054512691484205142374961163476996372800874937452889203105916499854208695322735698616671677392590573519520498983216510132792 0 1 0 0 0 0 0 0 0 0 0 0 0 0 0 0 0 0 0 0 0 0 0 0 0 0 0 0 0 0 0 0 0 0 0 0 0 0 0 0 0 0 0 0 0 0 0 0 0 0 0 0 0 0 0 0 0 0 0 0 0 0 0 0 0 0 0 0 0 0 0 0 0 0 0 0 0]
[1227916646644408991165615569228824104626132315880388612588094148308892791362475150609603795335463062362703368490740870719460300610384190516555278976356314392652696147662944210679676932064855429090880604932209333714775763317870601948961 0 0 1 0 0 0 0 0 0 0 0 0 0 0 0 0 0 0 0 0 0 0 0 0 0 0 0 0 0 0 0 0 0 0 0 0 0 0 0 0 0 0 0 0 0 0 0 0 0 0 0 0 0 0 0 0 0 0 0 0 0 0 0 0 0 0 0 0 0 0 0 0 0 0 0 0 0]
[2813670333451434014231559699385023212423392983863274017271626719603979385735396192011504146174840344334810579880126542695199703126953456241146158185334309316561697192907643146673017925670804582868619732615858342582332968779255583428612 0 0 0 1 0 0 0 0 0 0 0 0 0 0 0 0 0 0 0 0 0 0 0 0 0 0 0 0 0 0 0 0 0 0 0 0 0 0 0 0 0 0 0 0 0 0 0 0 0 0 0 0 0 0 0 0 0 0 0 0 0 0 0 0 0 0 0 0 0 0 0 0 0 0 0 0 0]
[3986150585900201861875657926049114821867951233619553818108982792988464083332078198573904552244246859564062289064650902613057462905541896210959029241494741576340667142624287547815825812571539797099107037928731507771007805488547742309944 0 0 0 0 1 0 0 0 0 0 0 0 0 0 0 0 0 0 0 0 0 0 0 0 0 0 0 0 0 0 0 0 0 0 0 0 0 0 0 0 0 0 0 0 0 0 0 0 0 0 0 0 0 0 0 0 0 0 0 0 0 0 0 0 0 0 0 0 0 0 0 0 0 0 0 0 0]
[2831783333329173441461312875087639701358141713761264656532014775886070160409083797177115900244789280690571410502645178467188731626192319091381254455064818102969086363661452560865108227467606745491757015922994953373541054455166115128648 0 0 0 0 0 1 0 0 0 0 0 0 0 0 0 0 0 0 0 0 0 0 0 0 0 0 0 0 0 0 0 0 0 0 0 0 0 0 0 0 0 0 0 0 0 0 0 0 0 0 0 0 0 0 0 0 0 0 0 0 0 0 0 0 0 0 0 0 0 0 0 0 0 0 0 0 0]
[2677339369030097776798113206215529916449006746716403072939086016752878154311067630905335220620265420710892433939526165440892650991853908301107775321930905494675411283817072201254922138800388000186663398844600904940059496437298247709976 0 0 0 0 0 0 1 0 0 0 0 0 0 0 0 0 0 0 0 0 0 0 0 0 0 0 0 0 0 0 0 0 0 0 0 0 0 0 0 0 0 0 0 0 0 0 0 0 0 0 0 0 0 0 0 0 0 0 0 0 0 0 0 0 0 0 0 0 0 0 0 0 0 0 0 0 0]
[3907848436411116317539463648963560765820444599170164282036456037558882423977673876230752862824109440845197977791492266019333716805781305137286198534583040833047403876593066084352872557894477740505182979582078903119124704562034164197564 0 0 0 0 0 0 0 1 0 0 0 0 0 0 0 0 0 0 0 0 0 0 0 0 0 0 0 0 0 0 0 0 0 0 0 0 0 0 0 0 0 0 0 0 0 0 0 0 0 0 0 0 0 0 0 0 0 0 0 0 0 0 0 0 0 0 0 0 0 0 0 0 0 0 0 0 0]
[2976612702329738090988536958931964759142941669218662991746994949882320619192644381019451938751906021435467352670370983804631937039211308668932105025094883933964172019424506930799222368847450603195017575748046286646798240530025651111535 0 0 0 0 0 0 0 0 1 0 0 0 0 0 0 0 0 0 0 0 0 0 0 0 0 0 0 0 0 0 0 0 0 0 0 0 0 0 0 0 0 0 0 0 0 0 0 0 0 0 0 0 0 0 0 0 0 0 0 0 0 0 0 0 0 0 0 0 0 0 0 0 0 0 0 0 0]
[398372086495220529322968510160389265378980666846946093277863447514492361527588917658425466846071254495267358324634870668107234006850494267969792183781063092770403006189264768666366626869375091727295445511755139253239149389315946290967 0 0 0 0 0 0 0 0 0 1 0 0 0 0 0 0 0 0 0 0 0 0 0 0 0 0 0 0 0 0 0 0 0 0 0 0 0 0 0 0 0 0 0 0 0 0 0 0 0 0 0 0 0 0 0 0 0 0 0 0 0 0 0 0 0 0 0 0 0 0 0 0 0 0 0 0 0]
[365557187506818325446503420256360796261589139219023843908567920071021496362970922560313389709229311969482271576945230871438400201506006769589507143690570829542759837383247025936925941750866658611650864301838915609102750144851333290074 0 0 0 0 0 0 0 0 0 0 1 0 0 0 0 0 0 0 0 0 0 0 0 0 0 0 0 0 0 0 0 0 0 0 0 0 0 0 0 0 0 0 0 0 0 0 0 0 0 0 0 0 0 0 0 0 0 0 0 0 0 0 0 0 0 0 0 0 0 0 0 0 0 0 0 0 0]
[822545303192578793075228376270069595381317015645570314926463993884257836017451773321185797337957429663681102810648387492579931915118669497592781150154342347901863078215865395478198846399823872022872918603712622737831278622273238420435 0 0 0 0 0 0 0 0 0 0 0 1 0 0 0 0 0 0 0 0 0 0 0 0 0 0 0 0 0 0 0 0 0 0 0 0 0 0 0 0 0 0 0 0 0 0 0 0 0 0 0 0 0 0 0 0 0 0 0 0 0 0 0 0 0 0 0 0 0 0 0 0 0 0 0 0 0]
[4004933383115250404231101048695013379787469791560704992467193662373316876309998383565923217200381816772548267656066978533504893523809513319309324033467347827978736047830838988647619317614033492324944837721935322702448669084396011878694 0 0 0 0 0 0 0 0 0 0 0 0 1 0 0 0 0 0 0 0 0 0 0 0 0 0 0 0 0 0 0 0 0 0 0 0 0 0 0 0 0 0 0 0 0 0 0 0 0 0 0 0 0 0 0 0 0 0 0 0 0 0 0 0 0 0 0 0 0 0 0 0 0 0 0 0 0]
[3799793654642093263284042813181364680178568140972882608081497072900437605076785834511617100207636121730695723370536444318507711312378259117811125412025686440559494512044437892709100904129995689768931216520428829107227891356483732508300 0 0 0 0 0 0 0 0 0 0 0 0 0 1 0 0 0 0 0 0 0 0 0 0 0 0 0 0 0 0 0 0 0 0 0 0 0 0 0 0 0 0 0 0 0 0 0 0 0 0 0 0 0 0 0 0 0 0 0 0 0 0 0 0 0 0 0 0 0 0 0 0 0 0 0 0 0]
[1080260013557653006839508727780776564992037161499547881257440430224607957050816532335897059603719097553078217993080156431756003909278631824231547811908541194065769793006510940917293523124350086342813549931397285628449470418511376095252 0 0 0 0 0 0 0 0 0 0 0 0 0 0 1 0 0 0 0 0 0 0 0 0 0 0 0 0 0 0 0 0 0 0 0 0 0 0 0 0 0 0 0 0 0 0 0 0 0 0 0 0 0 0 0 0 0 0 0 0 0 0 0 0 0 0 0 0 0 0 0 0 0 0 0 0 0]
[716103728431927378800337464390822175775924097038702254906698419527070175667546444274530954153816632540707364927977770031128753149817372783154662731861317671113900399907336200131907941990101631591453882738691016506639211566619540793896 0 0 0 0 0 0 0 0 0 0 0 0 0 0 0 1 0 0 0 0 0 0 0 0 0 0 0 0 0 0 0 0 0 0 0 0 0 0 0 0 0 0 0 0 0 0 0 0 0 0 0 0 0 0 0 0 0 0 0 0 0 0 0 0 0 0 0 0 0 0 0 0 0 0 0 0 0]
[2591959883212902340236210071837715823174773874271404176127919489024068652440520737831820109674395090109167667313538987813573520900127169089425251714960133195902807296839238452645518316672275030513817002704916716058297589069806234178120 0 0 0 0 0 0 0 0 0 0 0 0 0 0 0 0 1 0 0 0 0 0 0 0 0 0 0 0 0 0 0 0 0 0 0 0 0 0 0 0 0 0 0 0 0 0 0 0 0 0 0 0 0 0 0 0 0 0 0 0 0 0 0 0 0 0 0 0 0 0 0 0 0 0 0 0 0]
[1821005472991059288723020249563138562724685194878048553510841736852832320059289483353934582469753813300896054941929918423453777699890963609197200765771084472374825541675191268581228156231518745827799880567208081900435037908316002353217 0 0 0 0 0 0 0 0 0 0 0 0 0 0 0 0 0 1 0 0 0 0 0 0 0 0 0 0 0 0 0 0 0 0 0 0 0 0 0 0 0 0 0 0 0 0 0 0 0 0 0 0 0 0 0 0 0 0 0 0 0 0 0 0 0 0 0 0 0 0 0 0 0 0 0 0 0]
[2480348695673159894198562171557986592049074301088960303252689936350557235630488323262374800469178066018984526709753252276563823806408231042099644190309372457632534790323670816144301120453246867773303114700524910129109154698149929101680 0 0 0 0 0 0 0 0 0 0 0 0 0 0 0 0 0 0 1 0 0 0 0 0 0 0 0 0 0 0 0 0 0 0 0 0 0 0 0 0 0 0 0 0 0 0 0 0 0 0 0 0 0 0 0 0 0 0 0 0 0 0 0 0 0 0 0 0 0 0 0 0 0 0 0 0 0]
[921597203377605539028235116029614840317479155520212446464391188428041182444269828912738300182135982784988126323100471532113304411631018765541632437451276349110166244221636247544160098430558001944058188983813094298169204403745207324856 0 0 0 0 0 0 0 0 0 0 0 0 0 0 0 0 0 0 0 1 0 0 0 0 0 0 0 0 0 0 0 0 0 0 0 0 0 0 0 0 0 0 0 0 0 0 0 0 0 0 0 0 0 0 0 0 0 0 0 0 0 0 0 0 0 0 0 0 0 0 0 0 0 0 0 0 0]
[1274976805858605781053052084666598921966399323818910221954117394990271003621514371169642842115803031919439217156185217826342200588854580307991519820579182303433107753469061914073049894470833815182940147187809646940713098445240830502569 0 0 0 0 0 0 0 0 0 0 0 0 0 0 0 0 0 0 0 0 1 0 0 0 0 0 0 0 0 0 0 0 0 0 0 0 0 0 0 0 0 0 0 0 0 0 0 0 0 0 0 0 0 0 0 0 0 0 0 0 0 0 0 0 0 0 0 0 0 0 0 0 0 0 0 0 0]
[1602968821396385712226008960751437444018104394911302970713064232008836031533633777816102144258131592525255892056825061726778536825455209506367925482316364922161185626639367295269785350792902383851099791037310756148902079280527696786888 0 0 0 0 0 0 0 0 0 0 0 0 0 0 0 0 0 0 0 0 0 1 0 0 0 0 0 0 0 0 0 0 0 0 0 0 0 0 0 0 0 0 0 0 0 0 0 0 0 0 0 0 0 0 0 0 0 0 0 0 0 0 0 0 0 0 0 0 0 0 0 0 0 0 0 0 0]
[3936185705344170795277706243519144817188181227896689700070567836340089554455050077108505934797143260998879472355278321168682884703983334341239931847925116307889336066433840564720274951594775068113913908839587670155417523713016061881573 0 0 0 0 0 0 0 0 0 0 0 0 0 0 0 0 0 0 0 0 0 0 1 0 0 0 0 0 0 0 0 0 0 0 0 0 0 0 0 0 0 0 0 0 0 0 0 0 0 0 0 0 0 0 0 0 0 0 0 0 0 0 0 0 0 0 0 0 0 0 0 0 0 0 0 0 0]
[3471739457485586339312119769005107407669889514401612521239524861551623912138170419577274678738960262911533383802182317562481489955776277572438020038866848320899413697619158296831580328251399118804056327156119151696766154729352940655774 0 0 0 0 0 0 0 0 0 0 0 0 0 0 0 0 0 0 0 0 0 0 0 1 0 0 0 0 0 0 0 0 0 0 0 0 0 0 0 0 0 0 0 0 0 0 0 0 0 0 0 0 0 0 0 0 0 0 0 0 0 0 0 0 0 0 0 0 0 0 0 0 0 0 0 0 0]
[4218584612151249343629710099416689593362888382457401195059555449235497748294652202379105108778308274485177175727388657661874111436235754227544922542193978141768559623220687734944092009205392876881491180616656034692346374228599835280720 0 0 0 0 0 0 0 0 0 0 0 0 0 0 0 0 0 0 0 0 0 0 0 0 1 0 0 0 0 0 0 0 0 0 0 0 0 0 0 0 0 0 0 0 0 0 0 0 0 0 0 0 0 0 0 0 0 0 0 0 0 0 0 0 0 0 0 0 0 0 0 0 0 0 0 0 0]
[4087021961278015500646665209339484361566847402394824263283718437444504174498106764792175558841633353780995935019724242268349101641331624955420107379390597927125017976916086384674443507526612150593418142634250888752410146424626681550813 0 0 0 0 0 0 0 0 0 0 0 0 0 0 0 0 0 0 0 0 0 0 0 0 0 1 0 0 0 0 0 0 0 0 0 0 0 0 0 0 0 0 0 0 0 0 0 0 0 0 0 0 0 0 0 0 0 0 0 0 0 0 0 0 0 0 0 0 0 0 0 0 0 0 0 0 0]
[314147955503396967445668176172516570617380135522944038933231607565410127507020070851704147245286409652461706450404205540844206678894604795575779621727469923614385622126114899039168063506414816372754765231849575823736828383530384865851 0 0 0 0 0 0 0 0 0 0 0 0 0 0 0 0 0 0 0 0 0 0 0 0 0 0 1 0 0 0 0 0 0 0 0 0 0 0 0 0 0 0 0 0 0 0 0 0 0 0 0 0 0 0 0 0 0 0 0 0 0 0 0 0 0 0 0 0 0 0 0 0 0 0 0 0 0]
[1896173376653909169426510406605138048169716184596255818285841376298893418042563158681547855043042371097842933862158636543769640487839795745642053435627474660353419780216847206967467284709824413298132225337920096151128890316345670857557 0 0 0 0 0 0 0 0 0 0 0 0 0 0 0 0 0 0 0 0 0 0 0 0 0 0 0 1 0 0 0 0 0 0 0 0 0 0 0 0 0 0 0 0 0 0 0 0 0 0 0 0 0 0 0 0 0 0 0 0 0 0 0 0 0 0 0 0 0 0 0 0 0 0 0 0 0]
[1215715453321062450249865726774307647573016799121437024372781771392946754779388156683079406753944085293706492154256384956200607743407588055418588723729771181320440135635692609950017489903489904816111095642313922502671979004566734447201 0 0 0 0 0 0 0 0 0 0 0 0 0 0 0 0 0 0 0 0 0 0 0 0 0 0 0 0 1 0 0 0 0 0 0 0 0 0 0 0 0 0 0 0 0 0 0 0 0 0 0 0 0 0 0 0 0 0 0 0 0 0 0 0 0 0 0 0 0 0 0 0 0 0 0 0 0]
[2743555162033850137357828005286969719095734180937453579769877132269752245417501155765562161286872472220200517464065288837914294903571483821203129719772745098776057682128656684094214708487921236836075868486663669730454129051659962725765 0 0 0 0 0 0 0 0 0 0 0 0 0 0 0 0 0 0 0 0 0 0 0 0 0 0 0 0 0 1 0 0 0 0 0 0 0 0 0 0 0 0 0 0 0 0 0 0 0 0 0 0 0 0 0 0 0 0 0 0 0 0 0 0 0 0 0 0 0 0 0 0 0 0 0 0 0]
[2561201112562478722698828252671152086968726428531178544683612830474599382343979844079648966095135926364985137858688486786083300849782919850980876946038767357950082160220448147041760261083790228134496872030971928390475543073719199288424 0 0 0 0 0 0 0 0 0 0 0 0 0 0 0 0 0 0 0 0 0 0 0 0 0 0 0 0 0 0 1 0 0 0 0 0 0 0 0 0 0 0 0 0 0 0 0 0 0 0 0 0 0 0 0 0 0 0 0 0 0 0 0 0 0 0 0 0 0 0 0 0 0 0 0 0 0]
[3251250279181972722632406478827081881892934974063966602563931605045348007597003542832674750283174144968882366683496117283931052413266409130283255265893009967732459489378057971657981803870408497350090465664220501298788095864756988093104 0 0 0 0 0 0 0 0 0 0 0 0 0 0 0 0 0 0 0 0 0 0 0 0 0 0 0 0 0 0 0 1 0 0 0 0 0 0 0 0 0 0 0 0 0 0 0 0 0 0 0 0 0 0 0 0 0 0 0 0 0 0 0 0 0 0 0 0 0 0 0 0 0 0 0 0 0]
[2459219732922550733189964586741805551308053163810929220385156159439412696338086974280385647650917897347353039455715840123970909005718706771026982139877219797037966615266134778176119187237885033128524958164544169651797180203953828919211 0 0 0 0 0 0 0 0 0 0 0 0 0 0 0 0 0 0 0 0 0 0 0 0 0 0 0 0 0 0 0 0 1 0 0 0 0 0 0 0 0 0 0 0 0 0 0 0 0 0 0 0 0 0 0 0 0 0 0 0 0 0 0 0 0 0 0 0 0 0 0 0 0 0 0 0 0]
[524770314106758062415493039343605219125383866265753328479770761071618807340175273196470020598395075835953246508147937024731320667041923698250194322960701622661576537732269941004743572411199268109854194916109355007925444244147103306173 0 0 0 0 0 0 0 0 0 0 0 0 0 0 0 0 0 0 0 0 0 0 0 0 0 0 0 0 0 0 0 0 0 1 0 0 0 0 0 0 0 0 0 0 0 0 0 0 0 0 0 0 0 0 0 0 0 0 0 0 0 0 0 0 0 0 0 0 0 0 0 0 0 0 0 0 0]
[376506778315048958115508645119682573326514944997277958082679923711735308364678919551240840035651711077146338274540068077910853256603789103567586313960782590261419283182929083198892501763722126250135696440479446155133238892202784584582 0 0 0 0 0 0 0 0 0 0 0 0 0 0 0 0 0 0 0 0 0 0 0 0 0 0 0 0 0 0 0 0 0 0 1 0 0 0 0 0 0 0 0 0 0 0 0 0 0 0 0 0 0 0 0 0 0 0 0 0 0 0 0 0 0 0 0 0 0 0 0 0 0 0 0 0 0]
[287155150230011116269263667673777425013891037007636963864449673166462030882530276639563134875268696973986874012605532975423745345662593985271256288000312531524356916767786754122383586689097245485527088812491154812037102772837540089888 0 0 0 0 0 0 0 0 0 0 0 0 0 0 0 0 0 0 0 0 0 0 0 0 0 0 0 0 0 0 0 0 0 0 0 1 0 0 0 0 0 0 0 0 0 0 0 0 0 0 0 0 0 0 0 0 0 0 0 0 0 0 0 0 0 0 0 0 0 0 0 0 0 0 0 0 0]
[1304908176292858560820489506140833128702083258809002840852648368544124422001026152249466039642489574652111798481037153413716736385053899647223506203771469866309547909282062553487358391986885753913383952094606047042263938728821519626741 0 0 0 0 0 0 0 0 0 0 0 0 0 0 0 0 0 0 0 0 0 0 0 0 0 0 0 0 0 0 0 0 0 0 0 0 1 0 0 0 0 0 0 0 0 0 0 0 0 0 0 0 0 0 0 0 0 0 0 0 0 0 0 0 0 0 0 0 0 0 0 0 0 0 0 0 0]
[3426809581836914292114343542031545515137796415235661523516433703085773072583606958700016409446971031179973568056324075510246409418234110447459011421891848510221588550245470178838253004331428842955201562621484052303421462788925834694825 0 0 0 0 0 0 0 0 0 0 0 0 0 0 0 0 0 0 0 0 0 0 0 0 0 0 0 0 0 0 0 0 0 0 0 0 0 1 0 0 0 0 0 0 0 0 0 0 0 0 0 0 0 0 0 0 0 0 0 0 0 0 0 0 0 0 0 0 0 0 0 0 0 0 0 0 0]
[2938801207454907378246463461875797709795343188010880806011186419049529063449277482718612219763594061923315044786864640793200016448813505948360411564157149754854168534168562103617617588950995261657342414897662745847892371525996477473141 0 0 0 0 0 0 0 0 0 0 0 0 0 0 0 0 0 0 0 0 0 0 0 0 0 0 0 0 0 0 0 0 0 0 0 0 0 0 1 0 0 0 0 0 0 0 0 0 0 0 0 0 0 0 0 0 0 0 0 0 0 0 0 0 0 0 0 0 0 0 0 0 0 0 0 0 0]
[364970312414398037681753222709319547301909107484647401130239048687116468820164995598328502605786094680415628932458146312334925350847044805038375402582287485672870618323621347552916256735658316714603208402356833356846655566271856742598 0 0 0 0 0 0 0 0 0 0 0 0 0 0 0 0 0 0 0 0 0 0 0 0 0 0 0 0 0 0 0 0 0 0 0 0 0 0 0 1 0 0 0 0 0 0 0 0 0 0 0 0 0 0 0 0 0 0 0 0 0 0 0 0 0 0 0 0 0 0 0 0 0 0 0 0 0]
[189521598678229627927886358139158448102365734915295914503531490195935614853947909867953627699382189497966642233220697547894170956964509147937980759581711112310317544429935012523070587400322344836002999436932285290776389536448925908516 0 0 0 0 0 0 0 0 0 0 0 0 0 0 0 0 0 0 0 0 0 0 0 0 0 0 0 0 0 0 0 0 0 0 0 0 0 0 0 0 1 0 0 0 0 0 0 0 0 0 0 0 0 0 0 0 0 0 0 0 0 0 0 0 0 0 0 0 0 0 0 0 0 0 0 0 0]
[3632972293739627831247289781037589236399064747521220115649777608821385576802957597430646686391510449747626483281894477817652315412509782247585132067745480926205384216188539599221829905282798116282406330841055059340056452169580367639840 0 0 0 0 0 0 0 0 0 0 0 0 0 0 0 0 0 0 0 0 0 0 0 0 0 0 0 0 0 0 0 0 0 0 0 0 0 0 0 0 0 1 0 0 0 0 0 0 0 0 0 0 0 0 0 0 0 0 0 0 0 0 0 0 0 0 0 0 0 0 0 0 0 0 0 0 0]
[758592034435584168512409808263811979197677420048755782107872221603991341373451404010308394711507043304026121381948152643019450872960923452612454793580326222632677325549937517475758595551012386397160237841706632239608187422210574088378 0 0 0 0 0 0 0 0 0 0 0 0 0 0 0 0 0 0 0 0 0 0 0 0 0 0 0 0 0 0 0 0 0 0 0 0 0 0 0 0 0 0 1 0 0 0 0 0 0 0 0 0 0 0 0 0 0 0 0 0 0 0 0 0 0 0 0 0 0 0 0 0 0 0 0 0 0]
[4289447648925023004163035357568227888391021721044783005574437125888542276733540934802001670190246578975455965811645632544034726444812960245247759040105228244942001043508757030587806185336294938861422568645413924253962201614989819461125 0 0 0 0 0 0 0 0 0 0 0 0 0 0 0 0 0 0 0 0 0 0 0 0 0 0 0 0 0 0 0 0 0 0 0 0 0 0 0 0 0 0 0 1 0 0 0 0 0 0 0 0 0 0 0 0 0 0 0 0 0 0 0 0 0 0 0 0 0 0 0 0 0 0 0 0 0]
[740191048414605836946145846144443239773156061483322092726008748527175470688382612525758282630326992629945783312658902640561363182803917075585030051525271089485399894526589232049023009093522639494376143143113594646453653128076952459998 0 0 0 0 0 0 0 0 0 0 0 0 0 0 0 0 0 0 0 0 0 0 0 0 0 0 0 0 0 0 0 0 0 0 0 0 0 0 0 0 0 0 0 0 1 0 0 0 0 0 0 0 0 0 0 0 0 0 0 0 0 0 0 0 0 0 0 0 0 0 0 0 0 0 0 0 0]
[1134933860808873553707611272229852923055092260255438026805598944104943120691372699263811766591102308827459927920404919056733425710842522702992974132512626612445927820484986016206217377610671499184150449226292589563076439864668852236991 0 0 0 0 0 0 0 0 0 0 0 0 0 0 0 0 0 0 0 0 0 0 0 0 0 0 0 0 0 0 0 0 0 0 0 0 0 0 0 0 0 0 0 0 0 1 0 0 0 0 0 0 0 0 0 0 0 0 0 0 0 0 0 0 0 0 0 0 0 0 0 0 0 0 0 0 0]
[598511504687192540869209744950339712845340883525762426113204204836710529139964249198592455485033582485474913038007688059634953732333590885487034509006823082494385327015710009202930194630712970366597794215982852761125743784276121529361 0 0 0 0 0 0 0 0 0 0 0 0 0 0 0 0 0 0 0 0 0 0 0 0 0 0 0 0 0 0 0 0 0 0 0 0 0 0 0 0 0 0 0 0 0 0 1 0 0 0 0 0 0 0 0 0 0 0 0 0 0 0 0 0 0 0 0 0 0 0 0 0 0 0 0 0 0]
[1964708342453479603145846666742218754144674932978302492024593130002881585290110348908036710658828585143763746871715154033920355251481992056550887978539810756169242480139078656917748430783137585983206637116068224396966384825436799844640 0 0 0 0 0 0 0 0 0 0 0 0 0 0 0 0 0 0 0 0 0 0 0 0 0 0 0 0 0 0 0 0 0 0 0 0 0 0 0 0 0 0 0 0 0 0 0 1 0 0 0 0 0 0 0 0 0 0 0 0 0 0 0 0 0 0 0 0 0 0 0 0 0 0 0 0 0]
[4199117888986565656105442995084952802455565839536991370802121344760027805308908270663704565748312690214412912149835700686028167472506653335318764591970218085886509103448490778479568057588807294580176599777299885446568437322777143919986 0 0 0 0 0 0 0 0 0 0 0 0 0 0 0 0 0 0 0 0 0 0 0 0 0 0 0 0 0 0 0 0 0 0 0 0 0 0 0 0 0 0 0 0 0 0 0 0 1 0 0 0 0 0 0 0 0 0 0 0 0 0 0 0 0 0 0 0 0 0 0 0 0 0 0 0 0]
[4115935384810402978802772515276788293003568021576312835120224228788331214763021875493020723308512219877981025339710583618346676674311594276188161662205800406001260832078792786109816211597465007911379995118879103444698466488188274890073 0 0 0 0 0 0 0 0 0 0 0 0 0 0 0 0 0 0 0 0 0 0 0 0 0 0 0 0 0 0 0 0 0 0 0 0 0 0 0 0 0 0 0 0 0 0 0 0 0 1 0 0 0 0 0 0 0 0 0 0 0 0 0 0 0 0 0 0 0 0 0 0 0 0 0 0 0]
[4118306685583838555403745575578239631307854766170238148581324568431123592165392868649493631908361317787504511318947875065677398606753631828761134115718616471031253338894597980539783176616931115450914955339522779625096464138212028637087 0 0 0 0 0 0 0 0 0 0 0 0 0 0 0 0 0 0 0 0 0 0 0 0 0 0 0 0 0 0 0 0 0 0 0 0 0 0 0 0 0 0 0 0 0 0 0 0 0 0 1 0 0 0 0 0 0 0 0 0 0 0 0 0 0 0 0 0 0 0 0 0 0 0 0 0 0]
[3096316857365390204238294986592154264330439482567326539906890455910355258187056472065920696180570440881599481685650997447615126969948034471088322417962513164457761846930077873564007820163530620713569514200877506319424726372223646179786 0 0 0 0 0 0 0 0 0 0 0 0 0 0 0 0 0 0 0 0 0 0 0 0 0 0 0 0 0 0 0 0 0 0 0 0 0 0 0 0 0 0 0 0 0 0 0 0 0 0 0 1 0 0 0 0 0 0 0 0 0 0 0 0 0 0 0 0 0 0 0 0 0 0 0 0 0]
[3166687996152313965877101303327758261575457917574368178749337301499549316056445420794472424809895576711102597819721416485090282603055591721103427223107983573159910057450284338545988171081611984424545037747538687679472213484534841916019 0 0 0 0 0 0 0 0 0 0 0 0 0 0 0 0 0 0 0 0 0 0 0 0 0 0 0 0 0 0 0 0 0 0 0 0 0 0 0 0 0 0 0 0 0 0 0 0 0 0 0 0 1 0 0 0 0 0 0 0 0 0 0 0 0 0 0 0 0 0 0 0 0 0 0 0 0]
[1194476762459384678260415599439119351051532065878252613080135657488830308980402782263227910729902947612673859753361996099995383884260677650161905070161061696221819314421781599173938134682087149826585494155737622087862573220129007543971 0 0 0 0 0 0 0 0 0 0 0 0 0 0 0 0 0 0 0 0 0 0 0 0 0 0 0 0 0 0 0 0 0 0 0 0 0 0 0 0 0 0 0 0 0 0 0 0 0 0 0 0 0 1 0 0 0 0 0 0 0 0 0 0 0 0 0 0 0 0 0 0 0 0 0 0 0]
[954454003062614219933680757396099158191339957029432543304030975686801758865093465828048021183563254226142945076810832155031628011606653599526645727518788601605309331884748669628956388347454569415030853195846122685008054407959891775860 0 0 0 0 0 0 0 0 0 0 0 0 0 0 0 0 0 0 0 0 0 0 0 0 0 0 0 0 0 0 0 0 0 0 0 0 0 0 0 0 0 0 0 0 0 0 0 0 0 0 0 0 0 0 1 0 0 0 0 0 0 0 0 0 0 0 0 0 0 0 0 0 0 0 0 0 0]
[3413963937413301196965719793034881819654712113403917866030139207617384815113034113676489830375250270876418856894502169250806834303742582547121212753840193788815776734523441200770088635925589359692514048384152382663747777353903949126690 0 0 0 0 0 0 0 0 0 0 0 0 0 0 0 0 0 0 0 0 0 0 0 0 0 0 0 0 0 0 0 0 0 0 0 0 0 0 0 0 0 0 0 0 0 0 0 0 0 0 0 0 0 0 0 1 0 0 0 0 0 0 0 0 0 0 0 0 0 0 0 0 0 0 0 0 0]
[2581143458635499492069806994647418763369819734228569334744030829834326804738480751658231336527304507037720041695873526623932065318970083285005357465996745123234164034068310867197884413547479943010146274305758007706187097311780495554736 0 0 0 0 0 0 0 0 0 0 0 0 0 0 0 0 0 0 0 0 0 0 0 0 0 0 0 0 0 0 0 0 0 0 0 0 0 0 0 0 0 0 0 0 0 0 0 0 0 0 0 0 0 0 0 0 1 0 0 0 0 0 0 0 0 0 0 0 0 0 0 0 0 0 0 0 0]
[1700036748403452416433771160009639128740997211317613729652846251496973789281289622696588025693412154995981022272740623672838347521804215799644705457026568217041476546069244588558627843418692482409105805539455081919632728591724002165430 0 0 0 0 0 0 0 0 0 0 0 0 0 0 0 0 0 0 0 0 0 0 0 0 0 0 0 0 0 0 0 0 0 0 0 0 0 0 0 0 0 0 0 0 0 0 0 0 0 0 0 0 0 0 0 0 0 1 0 0 0 0 0 0 0 0 0 0 0 0 0 0 0 0 0 0 0]
[3404425678551883475215144098753847473406430365084509712942491622051272970712452721790361242684471397161944148905805170719923870040690035500684454292377390827697707187233472631685054450930492401923446091309679243031119878926334921448291 0 0 0 0 0 0 0 0 0 0 0 0 0 0 0 0 0 0 0 0 0 0 0 0 0 0 0 0 0 0 0 0 0 0 0 0 0 0 0 0 0 0 0 0 0 0 0 0 0 0 0 0 0 0 0 0 0 0 1 0 0 0 0 0 0 0 0 0 0 0 0 0 0 0 0 0 0]
[2869834536283482389457304583045265279355393527584469787574566101600036603659264321614980560279982340753704704182665825043623110201737893472429437397581688049074442316432540376145086351569169956836050419836864661934361672276237395303611 0 0 0 0 0 0 0 0 0 0 0 0 0 0 0 0 0 0 0 0 0 0 0 0 0 0 0 0 0 0 0 0 0 0 0 0 0 0 0 0 0 0 0 0 0 0 0 0 0 0 0 0 0 0 0 0 0 0 0 1 0 0 0 0 0 0 0 0 0 0 0 0 0 0 0 0 0]
[1259309208227128439509723966742226830588812257698039154318674878696257809763979711160190011832265227497732913974847948176022939041929480423734100499913260303652637906795281810958531804866805260607860453913299693942306147496926717053658 0 0 0 0 0 0 0 0 0 0 0 0 0 0 0 0 0 0 0 0 0 0 0 0 0 0 0 0 0 0 0 0 0 0 0 0 0 0 0 0 0 0 0 0 0 0 0 0 0 0 0 0 0 0 0 0 0 0 0 0 1 0 0 0 0 0 0 0 0 0 0 0 0 0 0 0 0]
[651457304812613139311250148062017807392700270177907652927683766461745981262527325225208700663574817857672238588677233162854267708177915783125945123749711060720065217907429678828957531133843943936102845034814715904964304151181279819358 0 0 0 0 0 0 0 0 0 0 0 0 0 0 0 0 0 0 0 0 0 0 0 0 0 0 0 0 0 0 0 0 0 0 0 0 0 0 0 0 0 0 0 0 0 0 0 0 0 0 0 0 0 0 0 0 0 0 0 0 0 1 0 0 0 0 0 0 0 0 0 0 0 0 0 0 0]
[1821604918592946659985611596143132896982712855470640924932440312102619048646261537743301220296217091025620341848020968420900365655325815915084868787460699843304684986652618562372237998096649087511898980980246831571119530139626992771324 0 0 0 0 0 0 0 0 0 0 0 0 0 0 0 0 0 0 0 0 0 0 0 0 0 0 0 0 0 0 0 0 0 0 0 0 0 0 0 0 0 0 0 0 0 0 0 0 0 0 0 0 0 0 0 0 0 0 0 0 0 0 1 0 0 0 0 0 0 0 0 0 0 0 0 0 0]
[2443161708190927462819192173442000532311657021327628701595424027747746077156123568719016485300549926883177508511043324567637220859007328764630984798952191012558376794046728084327755142039892168063093853422401708828704315635497097176335 0 0 0 0 0 0 0 0 0 0 0 0 0 0 0 0 0 0 0 0 0 0 0 0 0 0 0 0 0 0 0 0 0 0 0 0 0 0 0 0 0 0 0 0 0 0 0 0 0 0 0 0 0 0 0 0 0 0 0 0 0 0 0 1 0 0 0 0 0 0 0 0 0 0 0 0 0]
[353523089244714444356023349982147842376560805851343745045526981520927470458951143348839569213210693945380632583498208633579381127999376104001715239611136848594008246483558111077042339723552150990244633101020624713964505272630732320642 0 0 0 0 0 0 0 0 0 0 0 0 0 0 0 0 0 0 0 0 0 0 0 0 0 0 0 0 0 0 0 0 0 0 0 0 0 0 0 0 0 0 0 0 0 0 0 0 0 0 0 0 0 0 0 0 0 0 0 0 0 0 0 0 1 0 0 0 0 0 0 0 0 0 0 0 0]
[308243471497871450317903642543991539819372447140217793893514750709972823799610852418151073765268265397042748269994600655520463034745305338716424517567320665289581182466479315048025049093981224426296764481779467132131007531370649943855 0 0 0 0 0 0 0 0 0 0 0 0 0 0 0 0 0 0 0 0 0 0 0 0 0 0 0 0 0 0 0 0 0 0 0 0 0 0 0 0 0 0 0 0 0 0 0 0 0 0 0 0 0 0 0 0 0 0 0 0 0 0 0 0 0 1 0 0 0 0 0 0 0 0 0 0 0]
[3667149653577914356952341906693135968767156220860705771327738764369499933196488386888987361579516824510852278534744360050347889704340805414730669616537254741518590466151838240825148201153906168785651218757615492928079096258465979303368 0 0 0 0 0 0 0 0 0 0 0 0 0 0 0 0 0 0 0 0 0 0 0 0 0 0 0 0 0 0 0 0 0 0 0 0 0 0 0 0 0 0 0 0 0 0 0 0 0 0 0 0 0 0 0 0 0 0 0 0 0 0 0 0 0 0 1 0 0 0 0 0 0 0 0 0 0]
[2981361988543905322720507853627400507267837165047865879915543802366091763147317267849432952472622824151872697497915961763059252133565824019879882048944929972194161427687880516812904424457755754006675528450252664626145315224247413271394 0 0 0 0 0 0 0 0 0 0 0 0 0 0 0 0 0 0 0 0 0 0 0 0 0 0 0 0 0 0 0 0 0 0 0 0 0 0 0 0 0 0 0 0 0 0 0 0 0 0 0 0 0 0 0 0 0 0 0 0 0 0 0 0 0 0 0 1 0 0 0 0 0 0 0 0 0]
[2825296733489026415532678290534469673007779967284065269611791076220517385885532441664999648205477549733610355972063885559362660450983971108951812828328522567047282580433387613753968636249290887683237745186633841028160962534671002172678 0 0 0 0 0 0 0 0 0 0 0 0 0 0 0 0 0 0 0 0 0 0 0 0 0 0 0 0 0 0 0 0 0 0 0 0 0 0 0 0 0 0 0 0 0 0 0 0 0 0 0 0 0 0 0 0 0 0 0 0 0 0 0 0 0 0 0 0 1 0 0 0 0 0 0 0 0]
[748019251243116221758665183896448987275573501834121460472656164536609801720530942941607655475190935612532190553469783016650666174865854381054776280998820337589732806469099343585508802587517473402050698514467240344168869924663000616673 0 0 0 0 0 0 0 0 0 0 0 0 0 0 0 0 0 0 0 0 0 0 0 0 0 0 0 0 0 0 0 0 0 0 0 0 0 0 0 0 0 0 0 0 0 0 0 0 0 0 0 0 0 0 0 0 0 0 0 0 0 0 0 0 0 0 0 0 0 1 0 0 0 0 0 0 0]
[3708534735227160024318272598128020335189179214884369857029189139557608837508540861770516822243557810929217778538535702104743001783565434058207490394109290212289772673072509476950376766802740024808249251490455135656171247402621639598010 0 0 0 0 0 0 0 0 0 0 0 0 0 0 0 0 0 0 0 0 0 0 0 0 0 0 0 0 0 0 0 0 0 0 0 0 0 0 0 0 0 0 0 0 0 0 0 0 0 0 0 0 0 0 0 0 0 0 0 0 0 0 0 0 0 0 0 0 0 0 1 0 0 0 0 0 0]
[1550905737894526216669725666129856231033339953452422847900126166661953100356892100643004431423674245674530212131680823745822014020757826879873410572733652816884125809705864799726180930286733145103239389534582318993182523933131499237515 0 0 0 0 0 0 0 0 0 0 0 0 0 0 0 0 0 0 0 0 0 0 0 0 0 0 0 0 0 0 0 0 0 0 0 0 0 0 0 0 0 0 0 0 0 0 0 0 0 0 0 0 0 0 0 0 0 0 0 0 0 0 0 0 0 0 0 0 0 0 0 1 0 0 0 0 0]
[1121676212831851352023704974934103068832715992404250244713878101594830491049596417436765601071536377868567540051125242736474588247097803675339173368136321207349776216504204699704253721690813192148208460641617348726593260019911275298691 0 0 0 0 0 0 0 0 0 0 0 0 0 0 0 0 0 0 0 0 0 0 0 0 0 0 0 0 0 0 0 0 0 0 0 0 0 0 0 0 0 0 0 0 0 0 0 0 0 0 0 0 0 0 0 0 0 0 0 0 0 0 0 0 0 0 0 0 0 0 0 0 1 0 0 0 0]
[4228648738296062943450008966275981831049688143584397450343947059905908352466662979199763696310298848559283739850231578410094891616301203228128558552548119192191869769343431466512678854060556145028124731851914521773169413820819868220398 0 0 0 0 0 0 0 0 0 0 0 0 0 0 0 0 0 0 0 0 0 0 0 0 0 0 0 0 0 0 0 0 0 0 0 0 0 0 0 0 0 0 0 0 0 0 0 0 0 0 0 0 0 0 0 0 0 0 0 0 0 0 0 0 0 0 0 0 0 0 0 0 0 1 0 0 0]
[3067875708891308849701617754484098799188549466810431265303060321079406256023037256086744695285628986514754380209732894313401782566334388329241601488761983544314947206162580583828154861672976753324541024030256756495321408858558272132301 0 0 0 0 0 0 0 0 0 0 0 0 0 0 0 0 0 0 0 0 0 0 0 0 0 0 0 0 0 0 0 0 0 0 0 0 0 0 0 0 0 0 0 0 0 0 0 0 0 0 0 0 0 0 0 0 0 0 0 0 0 0 0 0 0 0 0 0 0 0 0 0 0 0 1 0 0]
[4138230040250017405737807278234229374202456560149734978796735073150197240306142088749640510405974906308373212187705158589916225171075984622365302809027189056968647069783555151064164808453820261850099852208657599529682480134595487687910 0 0 0 0 0 0 0 0 0 0 0 0 0 0 0 0 0 0 0 0 0 0 0 0 0 0 0 0 0 0 0 0 0 0 0 0 0 0 0 0 0 0 0 0 0 0 0 0 0 0 0 0 0 0 0 0 0 0 0 0 0 0 0 0 0 0 0 0 0 0 0 0 0 0 0 1 0]
[2484087625282236754730522423709006058943493359494932738139095150726517105116169462536428379119269543588411703850621243474209058485063979501348438518421473577287536086905221045708803042837946114029665704118567722121164832036563225977757 0 0 0 0 0 0 0 0 0 0 0 0 0 0 0 0 0 0 0 0 0 0 0 0 0 0 0 0 0 0 0 0 0 0 0 0 0 0 0 0 0 0 0 0 0 0 0 0 0 0 0 0 0 0 0 0 0 0 0 0 0 0 0 0 0 0 0 0 0 0 0 0 0 0 0 0 1]
]
78 79 7
[1 1 1 1 1 1 1 1 1 1 1 1 1 1 1 1 1 1 1 1 1 1 1 1 1 1 1 1 1 1 1 1 1 1 1 1 1 1 1 1 1 1 1 1 1 1 1 1 1 1 1 1 1 1 1 1 1 1 1 1 1 1 1 1 1 1 1 1 1 1 1 1 1 1 1 1 1 1 1]
