[[4154561851866906809491801012321453002942012448603224582088408803831003064967671512051676682258541997084062213102805625953562746017250012814792845572101946570699717159979613261966127835121168688446050155847549989888502414679059479798493 0 0 0 0 0 0 0 0 0 0 0 0 0 0 0 0 0 0 0 0 0 0 0 0 0 0 0 0 0 0 0 0 0 0 0 0 0 0 0 0 0 0 0 0 0 0 0 0 0 0 0 0 0 0 0 0 0 0 0 0 0 0 0 0 0 0 0 0 0 0 0 0 0 0 0 0 0]
[1993333674297029783605002160960399678875221010240588447022860341248994954105091995559956661079682763029984624988686801547748070022611744977628344187770154409909054345129208052315642627642375695647477919470134549560775539815231111742813 1 0 0 0 0 0 0 0 0 0 0 0 0 0 0 0 0 0 0 0 0 0 0 0 0 0 0 0 0 0 0 0 0 0 0 0 0 0 0 0 0 0 0 0 0 0 0 0 0 0 0 0 0 0 0 0 0 0 0 0 0 0 0 0 0 0 0 0 0 0 0 0 0 0 0 0 0]
[1504518058554051339492867893496184702460487011412354758153780541101217070625370916875753937299014314561176543570213415038646986238624044805685516586911591412276141412395861614509041022381144828762339319719542438265523047015559843671179 0 1 0 0 0 0 0 0 0 0 0 0 0 0 0 0 0 0 0 0 0 0 0 0 0 0 0 0 0 0 0 0 0 0 0 0 0 0 0 0 0 0 0 0 0 0 0 0 0 0 0 0 0 0 0 0 0 0 0 0 0 0 0 0 0 0 0 0 0 0 0 0 0 0 0 0 0]
[2840319919217963971134332007936214417244357862463595244974807686329701746834465498721974479560246586718093720274771298744725204465141267605921428096914438429712832944472259762771979285246830970191847224105659142793985303633488176516644 0 0 1 0 0 0 0 0 0 0 0 0 0 0 0 0 0 0 0 0 0 0 0 0 0 0 0 0 0 0 0 0 0 0 0 0 0 0 0 0 0 0 0 0 0 0 0 0 0 0 0 0 0 0 0 0 0 0 0 0 0 0 0 0 0 0 0 0 0 0 0 0 0 0 0 0 0]
[1462999638748188044817273709141514818817242892673193638197240898623995619355639044986299985583035217672378863238720891497992379632740073089001955023184555514712823401045013734060109991656026275731778273875164593944874904376495711054024 0 0 0 1 0 0 0 0 0 0 0 0 0 0 0 0 0 0 0 0 0 0 0 0 0 0 0 0 0 0 0 0 0 0 0 0 0 0 0 0 0 0 0 0 0 0 0 0 0 0 0 0 0 0 0 0 0 0 0 0 0 0 0 0 0 0 0 0 0 0 0 0 0 0 0 0 0]
[3903905116311973586604611045579242361223717932838011564498661198612730609201151205610906950935035193212951232902177377846814612272234169322631772664990754494676337908131576090214259425464615216658878988586506495749199646186903353283161 0 0 0 0 1 0 0 0 0 0 0 0 0 0 0 0 0 0 0 0 0 0 0 0 0 0 0 0 0 0 0 0 0 0 0 0 0 0 0 0 0 0 0 0 0 0 0 0 0 0 0 0 0 0 0 0 0 0 0 0 0 0 0 0 0 0 0 0 0 0 0 0 0 0 0 0 0]
[2608564457379409798377945459903798769857119504970777281331499692364502718534539307813499448052045521639011174891098970313285591207741331892141544570275432235760892009129064697143683168599207049279257001235024124732458693647743734924526 0 0 0 0 0 1 0 0 0 0 0 0 0 0 0 0 0 0 0 0 0 0 0 0 0 0 0 0 0 0 0 0 0 0 0 0 0 0 0 0 0 0 0 0 0 0 0 0 0 0 0 0 0 0 0 0 0 0 0 0 0 0 0 0 0 0 0 0 0 0 0 0 0 0 0 0 0]
[341716721100276804326144074138464323998087946892498839319416420248493068210625711412957797796984532618513023221384777458631864931546870460406523560426707118063871764852003798499128893915344023305058276531762762019694232638471675416342 0 0 0 0 0 0 1 0 0 0 0 0 0 0 0 0 0 0 0 0 0 0 0 0 0 0 0 0 0 0 0 0 0 0 0 0 0 0 0 0 0 0 0 0 0 0 0 0 0 0 0 0 0 0 0 0 0 0 0 0 0 0 0 0 0 0 0 0 0 0 0 0 0 0 0 0 0]
[1801451834387396711731140459679448016013945604003237261090282490048980863300474471063487936727851931256649107697561531821192413033465464971442124133208107037423045581926973894041393607390473011851097582876949566964108761417377489448342 0 0 0 0 0 0 0 1 0 0 0 0 0 0 0 0 0 0 0 0 0 0 0 0 0 0 0 0 0 0 0 0 0 0 0 0 0 0 0 0 0 0 0 0 0 0 0 0 0 0 0 0 0 0 0 0 0 0 0 0 0 0 0 0 0 0 0 0 0 0 0 0 0 0 0 0 0]
[447200748877722625569100614191984423554446944434896554747689136602177982355436852936543055311117168206525837091310317723976966290166967768586510786766174129546817692251498626758676620464958831948204899457563343714118011963296530058411 0 0 0 0 0 0 0 0 1 0 0 0 0 0 0 0 0 0 0 0 0 0 0 0 0 0 0 0 0 0 0 0 0 0 0 0 0 0 0 0 0 0 0 0 0 0 0 0 0 0 0 0 0 0 0 0 0 0 0 0 0 0 0 0 0 0 0 0 0 0 0 0 0 0 0 0 0]
[3370102685358316626533178267687494159225584732346281554558525408038014806314459009907349895987616024735277496528717905685657965854047112613366748933909473696778917969293136669452867736672710280729194781508937177098462275088738688968545 0 0 0 0 0 0 0 0 0 1 0 0 0 0 0 0 0 0 0 0 0 0 0 0 0 0 0 0 0 0 0 0 0 0 0 0 0 0 0 0 0 0 0 0 0 0 0 0 0 0 0 0 0 0 0 0 0 0 0 0 0 0 0 0 0 0 0 0 0 0 0 0 0 0 0 0 0]
[3319989944779017587163961728309032389281275005122816878597911101308905193924290864588321370171519464146587886225610398027130572123995846976036041051691135497338649277696427176025860603075024977151964747636734945729910786887831944568659 0 0 0 0 0 0 0 0 0 0 1 0 0 0 0 0 0 0 0 0 0 0 0 0 0 0 0 0 0 0 0 0 0 0 0 0 0 0 0 0 0 0 0 0 0 0 0 0 0 0 0 0 0 0 0 0 0 0 0 0 0 0 0 0 0 0 0 0 0 0 0 0 0 0 0 0 0]
[3741222269556711177385968356785238576089634509703565987891487647052230102034259540274549969074902372937814967406213135039218827221836352411919920632108972613993643970524063679389930804704804045034980766634287001469734492041428644725065 0 0 0 0 0 0 0 0 0 0 0 1 0 0 0 0 0 0 0 0 0 0 0 0 0 0 0 0 0 0 0 0 0 0 0 0 0 0 0 0 0 0 0 0 0 0 0 0 0 0 0 0 0 0 0 0 0 0 0 0 0 0 0 0 0 0 0 0 0 0 0 0 0 0 0 0 0]
[3311542489128193234297701731063375883648026623296798785817975697888305220626956722115675828547450862710747564922373081762219917441622123188915821306680865005786570725564957631913169653775723351713703275774173616349387267829727282250710 0 0 0 0 0 0 0 0 0 0 0 0 1 0 0 0 0 0 0 0 0 0 0 0 0 0 0 0 0 0 0 0 0 0 0 0 0 0 0 0 0 0 0 0 0 0 0 0 0 0 0 0 0 0 0 0 0 0 0 0 0 0 0 0 0 0 0 0 0 0 0 0 0 0 0 0 0]
[2483483770129865165338706259389695662913011405657400116384077762378399577389840616024673856058241161665519166132635043590476154775593135861703491996025791979392683095604543684161481017058923054061482668800844137738182493960067322730316 0 0 0 0 0 0 0 0 0 0 0 0 0 1 0 0 0 0 0 0 0 0 0 0 0 0 0 0 0 0 0 0 0 0 0 0 0 0 0 0 0 0 0 0 0 0 0 0 0 0 0 0 0 0 0 0 0 0 0 0 0 0 0 0 0 0 0 0 0 0 0 0 0 0 0 0 0]
[1382388132296321199053550820869892838072843739354336233937894229784339285256256987256269747442123902602622290297066653878337084105094841517523918024471955573394214845082146875834006955551797594559899613649456900746829915442344108188420 0 0 0 0 0 0 0 0 0 0 0 0 0 0 1 0 0 0 0 0 0 0 0 0 0 0 0 0 0 0 0 0 0 0 0 0 0 0 0 0 0 0 0 0 0 0 0 0 0 0 0 0 0 0 0 0 0 0 0 0 0 0 0 0 0 0 0 0 0 0 0 0 0 0 0 0 0]
[711794363063398190791686547696844513031129574456679151991754889733277264887927576973621708934955652663671341163408959188862961827481812257343045110312337088624806957085457448991977169230007370531149615069944073585152478473144489134018 0 0 0 0 0 0 0 0 0 0 0 0 0 0 0 1 0 0 0 0 0 0 0 0 0 0 0 0 0 0 0 0 0 0 0 0 0 0 0 0 0 0 0 0 0 0 0 0 0 0 0 0 0 0 0 0 0 0 0 0 0 0 0 0 0 0 0 0 0 0 0 0 0 0 0 0 0]
[2522870626973599955679263362069440490432099350691022979037244000745874861476946210544006082492544616236341797169226841635169732261808893651091740172582988798823689434804374682254591053353889946734653883037411022475042317974159186717013 0 0 0 0 0 0 0 0 0 0 0 0 0 0 0 0 1 0 0 0 0 0 0 0 0 0 0 0 0 0 0 0 0 0 0 0 0 0 0 0 0 0 0 0 0 0 0 0 0 0 0 0 0 0 0 0 0 0 0 0 0 0 0 0 0 0 0 0 0 0 0 0 0 0 0 0 0]
[1347174311490393759493694756483942242219981261122407318852761710471506998465063292856687635656765683052027002097094206340797767250401419819744969407003602900101247838351488940367136035470621972917712740802557369336202930154487229633277 0 0 0 0 0 0 0 0 0 0 0 0 0 0 0 0 0 1 0 0 0 0 0 0 0 0 0 0 0 0 0 0 0 0 0 0 0 0 0 0 0 0 0 0 0 0 0 0 0 0 0 0 0 0 0 0 0 0 0 0 0 0 0 0 0 0 0 0 0 0 0 0 0 0 0 0 0]
[3696329696294068166729295524727144827465010418119951534496466386255363048923562638577112873143371522504558142266598106511754393384814284490032787849157423420917529543626755503575304545191418895709911080429554743298403448004182343377307 0 0 0 0 0 0 0 0 0 0 0 0 0 0 0 0 0 0 1 0 0 0 0 0 0 0 0 0 0 0 0 0 0 0 0 0 0 0 0 0 0 0 0 0 0 0 0 0 0 0 0 0 0 0 0 0 0 0 0 0 0 0 0 0 0 0 0 0 0 0 0 0 0 0 0 0 0]
[78703071311840625843725942671270649786738349611546079766677392480461256094973901797528363881809692147455424392207164393430605388877715781252623660444034788657770350567186294787700124489322397501270694277737026545274141036141160100916 0 0 0 0 0 0 0 0 0 0 0 0 0 0 0 0 0 0 0 1 0 0 0 0 0 0 0 0 0 0 0 0 0 0 0 0 0 0 0 0 0 0 0 0 0 0 0 0 0 0 0 0 0 0 0 0 0 0 0 0 0 0 0 0 0 0 0 0 0 0 0 0 0 0 0 0 0]
[2154157939464516974502885203925107988597883146149667246966751444085995379258156643274317782677623118225024347909139722419902571223558034107355593205034888645927315354614530396342754920697321120186838873463315077354186656446728650189486 0 0 0 0 0 0 0 0 0 0 0 0 0 0 0 0 0 0 0 0 1 0 0 0 0 0 0 0 0 0 0 0 0 0 0 0 0 0 0 0 0 0 0 0 0 0 0 0 0 0 0 0 0 0 0 0 0 0 0 0 0 0 0 0 0 0 0 0 0 0 0 0 0 0 0 0 0]
[1108581433048572984132378151980233255709792482000096076784040873490036242692829231777861789260770381475896963377714697365296207551572469827837132284858157911051013244608208732657212428911901644485152200067410548087017534937491996129444 0 0 0 0 0 0 0 0 0 0 0 0 0 0 0 0 0 0 0 0 0 1 0 0 0 0 0 0 0 0 0 0 0 0 0 0 0 0 0 0 0 0 0 0 0 0 0 0 0 0 0 0 0 0 0 0 0 0 0 0 0 0 0 0 0 0 0 0 0 0 0 0 0 0 0 0 0]
[2669020699716545022306564577552172371526825442237503370405176781954863074605599666700365297195626135113422381076959382098211894210756122844430867321392372263367531953556994475925999594072249678177488885322379354378855272728024249151314 0 0 0 0 0 0 0 0 0 0 0 0 0 0 0 0 0 0 0 0 0 0 1 0 0 0 0 0 0 0 0 0 0 0 0 0 0 0 0 0 0 0 0 0 0 0 0 0 0 0 0 0 0 0 0 0 0 0 0 0 0 0 0 0 0 0 0 0 0 0 0 0 0 0 0 0 0]
[1818998406209802961321483855002123469985285038776570348505016914596141430380741197366154057988323479725573449517561278002860645586960138180023667176547304775848497647942279784340682949596193288287724375170218533826123561827705898899921 0 0 0 0 0 0 0 0 0 0 0 0 0 0 0 0 0 0 0 0 0 0 0 1 0 0 0 0 0 0 0 0 0 0 0 0 0 0 0 0 0 0 0 0 0 0 0 0 0 0 0 0 0 0 0 0 0 0 0 0 0 0 0 0 0 0 0 0 0 0 0 0 0 0 0 0 0]
[3430972368011160665982117993300992936612856269050762780436527675382736990953393934267688602118893169696917447334979518366143674847618712502790727214777461107163627138681193370926386048394767801296127465165328287571089265499766463460545 0 0 0 0 0 0 0 0 0 0 0 0 0 0 0 0 0 0 0 0 0 0 0 0 1 0 0 0 0 0 0 0 0 0 0 0 0 0 0 0 0 0 0 0 0 0 0 0 0 0 0 0 0 0 0 0 0 0 0 0 0 0 0 0 0 0 0 0 0 0 0 0 0 0 0 0 0]
[1544009103565472863704057175212138623016686800518916927572653965888854543090520338433317889711429468622294405758817067559323448613544689483494409732523727647017824452475532056401308595976127572635265822198808831293882669718539049824091 0 0 0 0 0 0 0 0 0 0 0 0 0 0 0 0 0 0 0 0 0 0 0 0 0 1 0 0 0 0 0 0 0 0 0 0 0 0 0 0 0 0 0 0 0 0 0 0 0 0 0 0 0 0 0 0 0 0 0 0 0 0 0 0 0 0 0 0 0 0 0 0 0 0 0 0 0]
[18960262371573991937115363106516657508805513698545904366189223996010467872314891448971867335984313206794542223881065059540436877758912573650644572915502088160553217799885254087801296943339770518239809694314705423347412050094882615820 0 0 0 0 0 0 0 0 0 0 0 0 0 0 0 0 0 0 0 0 0 0 0 0 0 0 1 0 0 0 0 0 0 0 0 0 0 0 0 0 0 0 0 0 0 0 0 0 0 0 0 0 0 0 0 0 0 0 0 0 0 0 0 0 0 0 0 0 0 0 0 0 0 0 0 0 0]
[1805452523116294140808661189476917408817209723384978901464477935583983653731833742654857787155006747589446033861991686989999579652376506142680304785475873750283917729667593242428707586405834624564638218994059925010360503670374917363788 0 0 0 0 0 0 0 0 0 0 0 0 0 0 0 0 0 0 0 0 0 0 0 0 0 0 0 1 0 0 0 0 0 0 0 0 0 0 0 0 0 0 0 0 0 0 0 0 0 0 0 0 0 0 0 0 0 0 0 0 0 0 0 0 0 0 0 0 0 0 0 0 0 0 0 0 0]
[1073781470969452537854713978820346706511130509167333083789258952255262030768376479527315851574137127596297495368146364562435138538202089539797954366503732601699137185215905067827402208820668937576798201140111274316706094414688542561639 0 0 0 0 0 0 0 0 0 0 0 0 0 0 0 0 0 0 0 0 0 0 0 0 0 0 0 0 1 0 0 0 0 0 0 0 0 0 0 0 0 0 0 0 0 0 0 0 0 0 0 0 0 0 0 0 0 0 0 0 0 0 0 0 0 0 0 0 0 0 0 0 0 0 0 0 0]
[672027842915376654224085029799601895238231760750437011893193013929530738332979606515576123673719688022540075934592751510341929339570735475399895994419528924021755955352093911130302421655546593516244522886051113911718669209792873587985 0 0 0 0 0 0 0 0 0 0 0 0 0 0 0 0 0 0 0 0 0 0 0 0 0 0 0 0 0 1 0 0 0 0 0 0 0 0 0 0 0 0 0 0 0 0 0 0 0 0 0 0 0 0 0 0 0 0 0 0 0 0 0 0 0 0 0 0 0 0 0 0 0 0 0 0 0]
[2441520537911845983604593213307011987210723875104212684317056334094072382757534855728288910861255464030749844510734621064290670393062895210191743552878937804185381898865625504710941151989695270450265807378290281623994729615149106376962 0 0 0 0 0 0 0 0 0 0 0 0 0 0 0 0 0 0 0 0 0 0 0 0 0 0 0 0 0 0 1 0 0 0 0 0 0 0 0 0 0 0 0 0 0 0 0 0 0 0 0 0 0 0 0 0 0 0 0 0 0 0 0 0 0 0 0 0 0 0 0 0 0 0 0 0 0]
[2975239424344142815946638549560296385444898333785321739632726207237058348260532108829355262448229808803029536770367978354075455484006275591275541675367255011828451739764153296190136331709020432859244110772292876310223970743710059320272 0 0 0 0 0 0 0 0 0 0 0 0 0 0 0 0 0 0 0 0 0 0 0 0 0 0 0 0 0 0 0 1 0 0 0 0 0 0 0 0 0 0 0 0 0 0 0 0 0 0 0 0 0 0 0 0 0 0 0 0 0 0 0 0 0 0 0 0 0 0 0 0 0 0 0 0 0]
[2655799997133046687456847516364468004613525737823143862184580328190327206225201046220497776700143026332796006771683818630865958332889217849583670457407123972847020008215176187075922436415524814466831289126061348882304261297658621816191 0 0 0 0 0 0 0 0 0 0 0 0 0 0 0 0 0 0 0 0 0 0 0 0 0 0 0 0 0 0 0 0 1 0 0 0 0 0 0 0 0 0 0 0 0 0 0 0 0 0 0 0 0 0 0 0 0 0 0 0 0 0 0 0 0 0 0 0 0 0 0 0 0 0 0 0 0]
[1619890975414097769953283759614202563494937960276051586603664214636684720686791170452615252895541079693405972736132387784135260712479119420359246688979749805829480984648350781417186969037430507366483962862997735103597660320095947438945 0 0 0 0 0 0 0 0 0 0 0 0 0 0 0 0 0 0 0 0 0 0 0 0 0 0 0 0 0 0 0 0 0 1 0 0 0 0 0 0 0 0 0 0 0 0 0 0 0 0 0 0 0 0 0 0 0 0 0 0 0 0 0 0 0 0 0 0 0 0 0 0 0 0 0 0 0]
[2459520205326512585661309885593182449582726128685809052275505119916292510430669676094259325437866790370651806998894352144237622653775743020045250005871044597890913177633488460791742762531463891010301274156904777633783002819572157825800 0 0 0 0 0 0 0 0 0 0 0 0 0 0 0 0 0 0 0 0 0 0 0 0 0 0 0 0 0 0 0 0 0 0 1 0 0 0 0 0 0 0 0 0 0 0 0 0 0 0 0 0 0 0 0 0 0 0 0 0 0 0 0 0 0 0 0 0 0 0 0 0 0 0 0 0 0]
[1616490277201392242130061081982785037050769048363864828147724234495239553288604662143814390856412405929825345959281123208495246500214177773223394402093386926486927893529202450818100887021131855741042030028438510837143110799334973736705 0 0 0 0 0 0 0 0 0 0 0 0 0 0 0 0 0 0 0 0 0 0 0 0 0 0 0 0 0 0 0 0 0 0 0 1 0 0 0 0 0 0 0 0 0 0 0 0 0 0 0 0 0 0 0 0 0 0 0 0 0 0 0 0 0 0 0 0 0 0 0 0 0 0 0 0 0]
[182768801319954208312254848022967331359210924745953449626004822329012803396275989242734947200365202341873153936334421939197052030562158608198822878961643950530109753831459380170647388490569701317189376913323022180812476924991567328923 0 0 0 0 0 0 0 0 0 0 0 0 0 0 0 0 0 0 0 0 0 0 0 0 0 0 0 0 0 0 0 0 0 0 0 0 1 0 0 0 0 0 0 0 0 0 0 0 0 0 0 0 0 0 0 0 0 0 0 0 0 0 0 0 0 0 0 0 0 0 0 0 0 0 0 0 0]
[435771965720034684339934948363578923455134781466091077354525067496344965589909652311211575622087951312146964819979026744600278114591600868604343770024975414042897851402710150718443501920633332540657960911770880820564044997724621015870 0 0 0 0 0 0 0 0 0 0 0 0 0 0 0 0 0 0 0 0 0 0 0 0 0 0 0 0 0 0 0 0 0 0 0 0 0 1 0 0 0 0 0 0 0 0 0 0 0 0 0 0 0 0 0 0 0 0 0 0 0 0 0 0 0 0 0 0 0 0 0 0 0 0 0 0 0]
[1435130377565268969274256484533118854451330467264376237837191416592996542907399196661937204274582262183536386785046308936359461589710743852632757027655798542222748549574628829054723021302009001488551879097932067323097513167958247150273 0 0 0 0 0 0 0 0 0 0 0 0 0 0 0 0 0 0 0 0 0 0 0 0 0 0 0 0 0 0 0 0 0 0 0 0 0 0 1 0 0 0 0 0 0 0 0 0 0 0 0 0 0 0 0 0 0 0 0 0 0 0 0 0 0 0 0 0 0 0 0 0 0 0 0 0 0]
[2331216955956650058461314724000289141238458099761211772120682323484673586507540396227744967303350987161012283005382335906799860874095586544521347142440093126238948033520913318735539125755935113027295234162077949606089903542674682096310 0 0 0 0 0 0 0 0 0 0 0 0 0 0 0 0 0 0 0 0 0 0 0 0 0 0 0 0 0 0 0 0 0 0 0 0 0 0 0 1 0 0 0 0 0 0 0 0 0 0 0 0 0 0 0 0 0 0 0 0 0 0 0 0 0 0 0 0 0 0 0 0 0 0 0 0 0]
[836387454087583173787981655753099205052980088002230588186780201044995559341949307860650977212016702708784564253980570126390270371256263238461205873467466563984706499160650758102299764494649900121583442225336950282295052708240932923779 0 0 0 0 0 0 0 0 0 0 0 0 0 0 0 0 0 0 0 0 0 0 0 0 0 0 0 0 0 0 0 0 0 0 0 0 0 0 0 0 1 0 0 0 0 0 0 0 0 0 0 0 0 0 0 0 0 0 0 0 0 0 0 0 0 0 0 0 0 0 0 0 0 0 0 0 0]
[1142312219911462537939972869496131011558892967160004177287008468082643785726314542783469969039030461162030461319995675104163101963875441525007631663167969668389623859587305697725513003559471193876809564776021586310950692275421726993818 0 0 0 0 0 0 0 0 0 0 0 0 0 0 0 0 0 0 0 0 0 0 0 0 0 0 0 0 0 0 0 0 0 0 0 0 0 0 0 0 0 1 0 0 0 0 0 0 0 0 0 0 0 0 0 0 0 0 0 0 0 0 0 0 0 0 0 0 0 0 0 0 0 0 0 0 0]
[263319648713119960664422096577137366403243659778455717274236503385446303942544194365745552953938076642428519585504309246505300830248917415857211162250825984312905178214499596728076386603663585063048465965829442310589220493045107788984 0 0 0 0 0 0 0 0 0 0 0 0 0 0 0 0 0 0 0 0 0 0 0 0 0 0 0 0 0 0 0 0 0 0 0 0 0 0 0 0 0 0 1 0 0 0 0 0 0 0 0 0 0 0 0 0 0 0 0 0 0 0 0 0 0 0 0 0 0 0 0 0 0 0 0 0 0]
[2835187965150401528858248364234151213037212671319650628956474278927948221585111078712288159550116459203877918444778644277804312571773491628345262864735954226837451745783812339871751780453434466957803308784650770208163346875698586320283 0 0 0 0 0 0 0 0 0 0 0 0 0 0 0 0 0 0 0 0 0 0 0 0 0 0 0 0 0 0 0 0 0 0 0 0 0 0 0 0 0 0 0 1 0 0 0 0 0 0 0 0 0 0 0 0 0 0 0 0 0 0 0 0 0 0 0 0 0 0 0 0 0 0 0 0 0]
[546198729442753406061923079885518157306078882730874348663945213280091902590973517208609640293444198830521203688438996957582894319432650962947372405112334109923483924038836506962631329933968452726784325676054786844890862176300872117881 0 0 0 0 0 0 0 0 0 0 0 0 0 0 0 0 0 0 0 0 0 0 0 0 0 0 0 0 0 0 0 0 0 0 0 0 0 0 0 0 0 0 0 0 1 0 0 0 0 0 0 0 0 0 0 0 0 0 0 0 0 0 0 0 0 0 0 0 0 0 0 0 0 0 0 0 0]
[3578644957777503326278633215673781155630380803942351070984564576697828915675107761644135872523343207774065706255489708665854293778201929042336339211515099498143303688956332190620785670526340492765038969660835008937590044298156969306834 0 0 0 0 0 0 0 0 0 0 0 0 0 0 0 0 0 0 0 0 0 0 0 0 0 0 0 0 0 0 0 0 0 0 0 0 0 0 0 0 0 0 0 0 0 1 0 0 0 0 0 0 0 0 0 0 0 0 0 0 0 0 0 0 0 0 0 0 0 0 0 0 0 0 0 0 0]
[3364373777052044344258358007825273068406784244672557987291643410095483642349500258001022206165538878825832544016837806189181909553140654992412160622312491727425147612347496808105347338680317003309075110624512453036584450173725010305623 0 0 0 0 0 0 0 0 0 0 0 0 0 0 0 0 0 0 0 0 0 0 0 0 0 0 0 0 0 0 0 0 0 0 0 0 0 0 0 0 0 0 0 0 0 0 1 0 0 0 0 0 0 0 0 0 0 0 0 0 0 0 0 0 0 0 0 0 0 0 0 0 0 0 0 0 0]
[875555280248972278790167087590920295905594866395702683162810916196460634782938854549324876308432439591423973237666222894989798604534630749084404863513307815873248904484092387844100378650127139328235318412083836869094307321099288104001 0 0 0 0 0 0 0 0 0 0 0 0 0 0 0 0 0 0 0 0 0 0 0 0 0 0 0 0 0 0 0 0 0 0 0 0 0 0 0 0 0 0 0 0 0 0 0 1 0 0 0 0 0 0 0 0 0 0 0 0 0 0 0 0 0 0 0 0 0 0 0 0 0 0 0 0 0]
[1467947791901083303393270746148171116073839564668616238908003562291860297031250199644065783947603627590447404569836200629414458389613390153647655185065743735793009327870636819219842383863660613574432620074716237082840115211953308169431 0 0 0 0 0 0 0 0 0 0 0 0 0 0 0 0 0 0 0 0 0 0 0 0 0 0 0 0 0 0 0 0 0 0 0 0 0 0 0 0 0 0 0 0 0 0 0 0 1 0 0 0 0 0 0 0 0 0 0 0 0 0 0 0 0 0 0 0 0 0 0 0 0 0 0 0 0]
[3776634128771871139486482982602596373870313994505908529591736740124677848042333739810203503616018177954974611749178634540616837886737439329148500360671151524930290756969202181135079776164373981345318406743189762574685145122993342109057 0 0 0 0 0 0 0 0 0 0 0 0 0 0 0 0 0 0 0 0 0 0 0 0 0 0 0 0 0 0 0 0 0 0 0 0 0 0 0 0 0 0 0 0 0 0 0 0 0 1 0 0 0 0 0 0 0 0 0 0 0 0 0 0 0 0 0 0 0 0 0 0 0 0 0 0 0]
[301572564145906074151462059855383519564114083809939332176081723268284753201262694827435866952387284474902615916190182839574476830097272216786887067205283848752224040123323484816079982677913749443406235528588641513299698545967392943519 0 0 0 0 0 0 0 0 0 0 0 0 0 0 0 0 0 0 0 0 0 0 0 0 0 0 0 0 0 0 0 0 0 0 0 0 0 0 0 0 0 0 0 0 0 0 0 0 0 0 1 0 0 0 0 0 0 0 0 0 0 0 0 0 0 0 0 0 0 0 0 0 0 0 0 0 0]
[180814264758494790360418937248851113786094397673886658408517349569311914725790341636112133105124659379970009866765107273210723212233007846501423526163170542422364426795419880498911505399336262954005324940082541015281069123256160940148 0 0 0 0 0 0 0 0 0 0 0 0 0 0 0 0 0 0 0 0 0 0 0 0 0 0 0 0 0 0 0 0 0 0 0 0 0 0 0 0 0 0 0 0 0 0 0 0 0 0 0 1 0 0 0 0 0 0 0 0 0 0 0 0 0 0 0 0 0 0 0 0 0 0 0 0 0]
[2566493754390682702642747657925665450027694878904614307913597410073902274582022728901614922605513224813168749733767082559566156917137400192291483733940702065860282226143368367236083398455211627573366030673599931764028647431776470440249 0 0 0 0 0 0 0 0 0 0 0 0 0 0 0 0 0 0 0 0 0 0 0 0 0 0 0 0 0 0 0 0 0 0 0 0 0 0 0 0 0 0 0 0 0 0 0 0 0 0 0 0 1 0 0 0 0 0 0 0 0 0 0 0 0 0 0 0 0 0 0 0 0 0 0 0 0]
[3551370297465571577092713084039738797333416703759536568472225513620377868997243729287113990887912055056668316856682442082959438582279790549562626579259018166157131021361516019614884417536052044627900610785822012904754293766488057534563 0 0 0 0 0 0 0 0 0 0 0 0 0 0 0 0 0 0 0 0 0 0 0 0 0 0 0 0 0 0 0 0 0 0 0 0 0 0 0 0 0 0 0 0 0 0 0 0 0 0 0 0 0 1 0 0 0 0 0 0 0 0 0 0 0 0 0 0 0 0 0 0 0 0 0 0 0]
[3043635808448324459523107020718305523219878586287967277807672300921626205146969785530783244707946719720420489742064192033334809811290166378726286181928697761280431855491150809712552107340786440027073995851887011936900472825700079178562 0 0 0 0 0 0 0 0 0 0 0 0 0 0 0 0 0 0 0 0 0 0 0 0 0 0 0 0 0 0 0 0 0 0 0 0 0 0 0 0 0 0 0 0 0 0 0 0 0 0 0 0 0 0 1 0 0 0 0 0 0 0 0 0 0 0 0 0 0 0 0 0 0 0 0 0 0]
[2313887123454679703795475308095357592164940480244874507346800969485040057489628704563719552286449432132255647088420238853462760845298807733388946315577752783956116100261749872795531583208100213017273702919126255419420990076646255413193 0 0 0 0 0 0 0 0 0 0 0 0 0 0 0 0 0 0 0 0 0 0 0 0 0 0 0 0 0 0 0 0 0 0 0 0 0 0 0 0 0 0 0 0 0 0 0 0 0 0 0 0 0 0 0 1 0 0 0 0 0 0 0 0 0 0 0 0 0 0 0 0 0 0 0 0 0]
[775621737405062822996930019883467441369490742632378608367166318838500924293601259899714724884080694479428772071707214167539142170725958743128256820511116560336777654129194815029341378401555222710277575439915695369977120311994907091989 0 0 0 0 0 0 0 0 0 0 0 0 0 0 0 0 0 0 0 0 0 0 0 0 0 0 0 0 0 0 0 0 0 0 0 0 0 0 0 0 0 0 0 0 0 0 0 0 0 0 0 0 0 0 0 0 1 0 0 0 0 0 0 0 0 0 0 0 0 0 0 0 0 0 0 0 0]
[2468746451841663286158799534869058874401356047885013730714015545066725683991126931167485847387930721963530209967602004890417302939542610514758511639636802746251080846151355075358157745350739486877864148893485859079648639478812752141706 0 0 0 0 0 0 0 0 0 0 0 0 0 0 0 0 0 0 0 0 0 0 0 0 0 0 0 0 0 0 0 0 0 0 0 0 0 0 0 0 0 0 0 0 0 0 0 0 0 0 0 0 0 0 0 0 0 1 0 0 0 0 0 0 0 0 0 0 0 0 0 0 0 0 0 0 0]
[666122165602556878497772256425143856582954294093046105261868642186343944612803067710557167297989350161598769011026230715022953708904001059431765029446652569992881429147877008790256718998235684094147579129037693542266718921121188467754 0 0 0 0 0 0 0 0 0 0 0 0 0 0 0 0 0 0 0 0 0 0 0 0 0 0 0 0 0 0 0 0 0 0 0 0 0 0 0 0 0 0 0 0 0 0 0 0 0 0 0 0 0 0 0 0 0 0 1 0 0 0 0 0 0 0 0 0 0 0 0 0 0 0 0 0 0]
[2381096236558121276500504680670766958351719868852728883271376552187877545891073290340182722204967456530567800775131456924435685473790400510529691528456405633683603504726975849425519482072866509811409145043775989671104481893811622488786 0 0 0 0 0 0 0 0 0 0 0 0 0 0 0 0 0 0 0 0 0 0 0 0 0 0 0 0 0 0 0 0 0 0 0 0 0 0 0 0 0 0 0 0 0 0 0 0 0 0 0 0 0 0 0 0 0 0 0 1 0 0 0 0 0 0 0 0 0 0 0 0 0 0 0 0 0]
[440897876855057689429348903206897593930052678316406327021974693023626655813103386169011196309999224131497293004149864078823765315088265381794037831554579332819378035535182646643740484377402719140758830662257660657406971093650562979212 0 0 0 0 0 0 0 0 0 0 0 0 0 0 0 0 0 0 0 0 0 0 0 0 0 0 0 0 0 0 0 0 0 0 0 0 0 0 0 0 0 0 0 0 0 0 0 0 0 0 0 0 0 0 0 0 0 0 0 0 1 0 0 0 0 0 0 0 0 0 0 0 0 0 0 0 0]
[3112736621419668265738749395703393122233951369938542207402432899169602084894140405563800328437225802560513989232993693050394041889981649272508446362994859629287408248970505122869095563967516940147664342493279302820900984041678844522848 0 0 0 0 0 0 0 0 0 0 0 0 0 0 0 0 0 0 0 0 0 0 0 0 0 0 0 0 0 0 0 0 0 0 0 0 0 0 0 0 0 0 0 0 0 0 0 0 0 0 0 0 0 0 0 0 0 0 0 0 0 1 0 0 0 0 0 0 0 0 0 0 0 0 0 0 0]
[1113529183138769305649656270143672183830638349596584506158960211898093572669913384711596484784351636840372930465392320441894085590514516943410176128628855640724140394561597710003064730109110456280043450888042376156898560778913005495648 0 0 0 0 0 0 0 0 0 0 0 0 0 0 0 0 0 0 0 0 0 0 0 0 0 0 0 0 0 0 0 0 0 0 0 0 0 0 0 0 0 0 0 0 0 0 0 0 0 0 0 0 0 0 0 0 0 0 0 0 0 0 1 0 0 0 0 0 0 0 0 0 0 0 0 0 0]
[250985345150829573482274786613420285009259114220117702560480821390051089025002324663436534856848561535485662901000998975092045996248143097868047718570431549191483818753339713655248371484549677688351816941391109608814150199566110525077 0 0 0 0 0 0 0 0 0 0 0 0 0 0 0 0 0 0 0 0 0 0 0 0 0 0 0 0 0 0 0 0 0 0 0 0 0 0 0 0 0 0 0 0 0 0 0 0 0 0 0 0 0 0 0 0 0 0 0 0 0 0 0 1 0 0 0 0 0 0 0 0 0 0 0 0 0]
[199629807341292859466325253177757940051021859368355584289753769264038410882435133153903397080258126181818040392230953113571814195401546610782827121932846458406392819926256641558077308211051540487328354894826239752820541323978707464953 0 0 0 0 0 0 0 0 0 0 0 0 0 0 0 0 0 0 0 0 0 0 0 0 0 0 0 0 0 0 0 0 0 0 0 0 0 0 0 0 0 0 0 0 0 0 0 0 0 0 0 0 0 0 0 0 0 0 0 0 0 0 0 0 1 0 0 0 0 0 0 0 0 0 0 0 0]
[1084667923750170616540732069008174588848859739422373885226582656471833609687908596446096897654785127543549874358072867206459893694189345579821133550815915098269129375614695100410720902486498640578513793435805526779502963475910130482009 0 0 0 0 0 0 0 0 0 0 0 0 0 0 0 0 0 0 0 0 0 0 0 0 0 0 0 0 0 0 0 0 0 0 0 0 0 0 0 0 0 0 0 0 0 0 0 0 0 0 0 0 0 0 0 0 0 0 0 0 0 0 0 0 0 1 0 0 0 0 0 0 0 0 0 0 0]
[147745158883781301667077720211411858696420591591318747075104920226609339468471963376709029824359770028919715449193003023613472569619702661536644103309082016766106963493098817669128499380468775001924093586614096840724254981524656687979 0 0 0 0 0 0 0 0 0 0 0 0 0 0 0 0 0 0 0 0 0 0 0 0 0 0 0 0 0 0 0 0 0 0 0 0 0 0 0 0 0 0 0 0 0 0 0 0 0 0 0 0 0 0 0 0 0 0 0 0 0 0 0 0 0 0 1 0 0 0 0 0 0 0 0 0 0]
[4151914608317803205097994888404112066928715824739573797702619252497395282829053519548898343809923698472535934792949844464959711173382140453331434257736412883678097331373774111745764403342314282795166322425164091081451582281865126600213 0 0 0 0 0 0 0 0 0 0 0 0 0 0 0 0 0 0 0 0 0 0 0 0 0 0 0 0 0 0 0 0 0 0 0 0 0 0 0 0 0 0 0 0 0 0 0 0 0 0 0 0 0 0 0 0 0 0 0 0 0 0 0 0 0 0 0 1 0 0 0 0 0 0 0 0 0]
[2738987901313902646578365105656288348869114869638897553407700751500427522882956830454230931389859261902735796855857976989931000084985102391271284910446800551083336004486390729529261584352688736918545359683242869224045512614515291223851 0 0 0 0 0 0 0 0 0 0 0 0 0 0 0 0 0 0 0 0 0 0 0 0 0 0 0 0 0 0 0 0 0 0 0 0 0 0 0 0 0 0 0 0 0 0 0 0 0 0 0 0 0 0 0 0 0 0 0 0 0 0 0 0 0 0 0 0 1 0 0 0 0 0 0 0 0]
[1280914251230930347745808396261438124563490959359640580780176927296934466883042288797277728626523839959441784520716896554049092431822894867585815829034336081281251369932416787936299725235033837813800280908919497600165012786027812578727 0 0 0 0 0 0 0 0 0 0 0 0 0 0 0 0 0 0 0 0 0 0 0 0 0 0 0 0 0 0 0 0 0 0 0 0 0 0 0 0 0 0 0 0 0 0 0 0 0 0 0 0 0 0 0 0 0 0 0 0 0 0 0 0 0 0 0 0 0 1 0 0 0 0 0 0 0]
[1178563984540285535862823086212033982113657145937883643241012740451956497769798518249492348057939122006833197061700719531650191835442016228177690784855888955173674861105360133502569819667852968905067078355750110620294007090604939587701 0 0 0 0 0 0 0 0 0 0 0 0 0 0 0 0 0 0 0 0 0 0 0 0 0 0 0 0 0 0 0 0 0 0 0 0 0 0 0 0 0 0 0 0 0 0 0 0 0 0 0 0 0 0 0 0 0 0 0 0 0 0 0 0 0 0 0 0 0 0 1 0 0 0 0 0 0]
[2482040605079109112317673316531450616092958585251214408097127000187253193837347393224049146704627356935192536713116533612127338352833677804779899851707414299314000081580745854506041467285798089933397561910946283895971736554678506894528 0 0 0 0 0 0 0 0 0 0 0 0 0 0 0 0 0 0 0 0 0 0 0 0 0 0 0 0 0 0 0 0 0 0 0 0 0 0 0 0 0 0 0 0 0 0 0 0 0 0 0 0 0 0 0 0 0 0 0 0 0 0 0 0 0 0 0 0 0 0 0 1 0 0 0 0 0]
[525889679757998956176308026723194772218539329712823258330626674351511148291225870458170987097843741056268988098686366501491032217104470820898360520336158469350106954268118935965290717542635238274727048310718187815606647413857228326907 0 0 0 0 0 0 0 0 0 0 0 0 0 0 0 0 0 0 0 0 0 0 0 0 0 0 0 0 0 0 0 0 0 0 0 0 0 0 0 0 0 0 0 0 0 0 0 0 0 0 0 0 0 0 0 0 0 0 0 0 0 0 0 0 0 0 0 0 0 0 0 0 1 0 0 0 0]
[104347563655866562836996008651907409188880153078437031725136538544413511820690928026974592211553895774392164898574617203372846324082886931395252464153754644123622358967068004595523365479287769499566636144089682703756446456044453770634 0 0 0 0 0 0 0 0 0 0 0 0 0 0 0 0 0 0 0 0 0 0 0 0 0 0 0 0 0 0 0 0 0 0 0 0 0 0 0 0 0 0 0 0 0 0 0 0 0 0 0 0 0 0 0 0 0 0 0 0 0 0 0 0 0 0 0 0 0 0 0 0 0 1 0 0 0]
[3234879903236009996439548428128853182247940564036512443908915408571333667134637585959784191407722399331767223187996653863215090864214958569612295846653528137780571509366310481889735300014601132814180417710347029532102527642979069686545 0 0 0 0 0 0 0 0 0 0 0 0 0 0 0 0 0 0 0 0 0 0 0 0 0 0 0 0 0 0 0 0 0 0 0 0 0 0 0 0 0 0 0 0 0 0 0 0 0 0 0 0 0 0 0 0 0 0 0 0 0 0 0 0 0 0 0 0 0 0 0 0 0 0 1 0 0]
[619383539876580597236185404396959884680346760898080970376955215257487567900360845479498799432528203396491881203098393389037450772375792750036470111532455478331393383712158204259434200155299216503057423221848649863761598638294730702278 0 0 0 0 0 0 0 0 0 0 0 0 0 0 0 0 0 0 0 0 0 0 0 0 0 0 0 0 0 0 0 0 0 0 0 0 0 0 0 0 0 0 0 0 0 0 0 0 0 0 0 0 0 0 0 0 0 0 0 0 0 0 0 0 0 0 0 0 0 0 0 0 0 0 0 1 0]
[3441264713076258426600315215707725297466969453923722566707241092022136082987452749719940238791760874131403007672258257098730557949848420930478802363003427809657632891783518158586382135308367966592061488531686232052200977742102043552149 0 0 0 0 0 0 0 0 0 0 0 0 0 0 0 0 0 0 0 0 0 0 0 0 0 0 0 0 0 0 0 0 0 0 0 0 0 0 0 0 0 0 0 0 0 0 0 0 0 0 0 0 0 0 0 0 0 0 0 0 0 0 0 0 0 0 0 0 0 0 0 0 0 0 0 0 1]
]
78 79 9
[1 1 1 1 1 1 1 1 1 1 1 1 1 1 1 1 1 1 1 1 1 1 1 1 1 1 1 1 1 1 1 1 1 1 1 1 1 1 1 1 1 1 1 1 1 1 1 1 1 1 1 1 1 1 1 1 1 1 1 1 1 1 1 1 1 1 1 1 1 1 1 1 1 1 1 1 1 1 1]
