[[2384104756891589154533325721736332110032526463423967261759930468537009307708624195803830013404183551819793341931729023320758715026876982383093355486540720813075405149725145819 0 0 0 0 0 0 0 0 0 0 0 0 0 0 0 0 0 0 0 0 0 0 0 0 0 0 0 0 0 0 0 0 0 0 0 0 0 0 0 0 0 0 0 0 0 0 0 0 0 0 0 0 0 0 0 0 0]
[2244059387324019259992005971348340987160387512287178051451267615909606007038270772375295765139664479114519779146791347961715519208037536590926708828609032554814167302051208942 1 0 0 0 0 0 0 0 0 0 0 0 0 0 0 0 0 0 0 0 0 0 0 0 0 0 0 0 0 0 0 0 0 0 0 0 0 0 0 0 0 0 0 0 0 0 0 0 0 0 0 0 0 0 0 0 0]
[1673182058324274265999883600430954602096235894344978742390284110118577738657736071349268641478804328460227458800312613644770612582902371445833651974465012128596009457497295709 0 1 0 0 0 0 0 0 0 0 0 0 0 0 0 0 0 0 0 0 0 0 0 0 0 0 0 0 0 0 0 0 0 0 0 0 0 0 0 0 0 0 0 0 0 0 0 0 0 0 0 0 0 0 0 0 0]
[2267952036545602667674606893447148507243116903656430301965991319114491028440501752096811607528461892453244653999956979749496416183194597588594496802143509026853223570462228861 0 0 1 0 0 0 0 0 0 0 0 0 0 0 0 0 0 0 0 0 0 0 0 0 0 0 0 0 0 0 0 0 0 0 0 0 0 0 0 0 0 0 0 0 0 0 0 0 0 0 0 0 0 0 0 0 0]
[1716667284131392365597596418068511918602972811005116617057977544963034913773874489565258788211231628321083039789908993523083005792640474609540224841524612334161722234628195712 0 0 0 1 0 0 0 0 0 0 0 0 0 0 0 0 0 0 0 0 0 0 0 0 0 0 0 0 0 0 0 0 0 0 0 0 0 0 0 0 0 0 0 0 0 0 0 0 0 0 0 0 0 0 0 0 0]
[2233308020076660298994823485660498872919349322957137743091888718587948689908467589352327641006481210996058779570398070992335205374165811199798408533731897267807489291528982931 0 0 0 0 1 0 0 0 0 0 0 0 0 0 0 0 0 0 0 0 0 0 0 0 0 0 0 0 0 0 0 0 0 0 0 0 0 0 0 0 0 0 0 0 0 0 0 0 0 0 0 0 0 0 0 0 0]
[1763059803024926334007542454483058220643131769292416686134944500265529319428241144840269123286446318317513641984354080582843342668530215364038713449410620803637443885489687407 0 0 0 0 0 1 0 0 0 0 0 0 0 0 0 0 0 0 0 0 0 0 0 0 0 0 0 0 0 0 0 0 0 0 0 0 0 0 0 0 0 0 0 0 0 0 0 0 0 0 0 0 0 0 0 0 0]
[615745108651069482184027542463229436491077902838042890414792496737379275914294868015839526344858522239360482609534783448931302566898020719471138516215856322966494683098800516 0 0 0 0 0 0 1 0 0 0 0 0 0 0 0 0 0 0 0 0 0 0 0 0 0 0 0 0 0 0 0 0 0 0 0 0 0 0 0 0 0 0 0 0 0 0 0 0 0 0 0 0 0 0 0 0 0]
[2057421255702701427718633550158836011409040866438174305896156647754273737863226528113689217098407813672564779792888973817557724790019276032026968167922173924681220478411896174 0 0 0 0 0 0 0 1 0 0 0 0 0 0 0 0 0 0 0 0 0 0 0 0 0 0 0 0 0 0 0 0 0 0 0 0 0 0 0 0 0 0 0 0 0 0 0 0 0 0 0 0 0 0 0 0 0]
[674115066245443170588916484629712239070717398983330376386739191714869891082632637898018327737166599283909968378394913744424947589537460985690323302989207134217051067194681516 0 0 0 0 0 0 0 0 1 0 0 0 0 0 0 0 0 0 0 0 0 0 0 0 0 0 0 0 0 0 0 0 0 0 0 0 0 0 0 0 0 0 0 0 0 0 0 0 0 0 0 0 0 0 0 0 0]
[831706194564806751038091613676044780500458984048036653476859810846853785490087216814098153816040086643654043175478382179388788495894460729152442888457367843453205207258144164 0 0 0 0 0 0 0 0 0 1 0 0 0 0 0 0 0 0 0 0 0 0 0 0 0 0 0 0 0 0 0 0 0 0 0 0 0 0 0 0 0 0 0 0 0 0 0 0 0 0 0 0 0 0 0 0 0]
[558050015865229075086322685712670507043259447422289154918257763565634019003796647845180132341664645707270100531851324848564610740590644111754538186450863900605809068771005577 0 0 0 0 0 0 0 0 0 0 1 0 0 0 0 0 0 0 0 0 0 0 0 0 0 0 0 0 0 0 0 0 0 0 0 0 0 0 0 0 0 0 0 0 0 0 0 0 0 0 0 0 0 0 0 0 0]
[631811599949906478260407365545393239796941307960746407610443974955992538740535555501982652339170326666248109514470806911384278701311736354377617144133303773250907712276554074 0 0 0 0 0 0 0 0 0 0 0 1 0 0 0 0 0 0 0 0 0 0 0 0 0 0 0 0 0 0 0 0 0 0 0 0 0 0 0 0 0 0 0 0 0 0 0 0 0 0 0 0 0 0 0 0 0]
[1866924256636857186208008482655364550495952170041278560385631947992224971843889264734026746795121786281903667104685371363575396798650560524411499548908049450902625181313880464 0 0 0 0 0 0 0 0 0 0 0 0 1 0 0 0 0 0 0 0 0 0 0 0 0 0 0 0 0 0 0 0 0 0 0 0 0 0 0 0 0 0 0 0 0 0 0 0 0 0 0 0 0 0 0 0 0]
[510909439789908437695325520931858254156710523859628543623045069217143178106830848402921061576987140756621985877651266797011990611638717139222646183929980422916976020696006121 0 0 0 0 0 0 0 0 0 0 0 0 0 1 0 0 0 0 0 0 0 0 0 0 0 0 0 0 0 0 0 0 0 0 0 0 0 0 0 0 0 0 0 0 0 0 0 0 0 0 0 0 0 0 0 0 0]
[382481192191276124567961089833644242658563758107033006512108152744732575236645488856145024686778991484698486177673360157353892287127467218780792760654388657599133281631645985 0 0 0 0 0 0 0 0 0 0 0 0 0 0 1 0 0 0 0 0 0 0 0 0 0 0 0 0 0 0 0 0 0 0 0 0 0 0 0 0 0 0 0 0 0 0 0 0 0 0 0 0 0 0 0 0 0]
[715659817607915456976956943095273998230317081358190114003231308322714340530653213673415754602361185881273118577916801913474910142846375314753124845725477627840202820970887683 0 0 0 0 0 0 0 0 0 0 0 0 0 0 0 1 0 0 0 0 0 0 0 0 0 0 0 0 0 0 0 0 0 0 0 0 0 0 0 0 0 0 0 0 0 0 0 0 0 0 0 0 0 0 0 0 0]
[1743426783762715678592235944044229439244096801016500320369827136246830445657902225438007236665169557016529454115480353620865468695855228651529596047191662207497320993817687671 0 0 0 0 0 0 0 0 0 0 0 0 0 0 0 0 1 0 0 0 0 0 0 0 0 0 0 0 0 0 0 0 0 0 0 0 0 0 0 0 0 0 0 0 0 0 0 0 0 0 0 0 0 0 0 0 0]
[1642379409607358290597323794836466730051432823180283228505638825649181216113379260799174044549628178886945003206164925815154083410568803571210845963856861634324129777945808695 0 0 0 0 0 0 0 0 0 0 0 0 0 0 0 0 0 1 0 0 0 0 0 0 0 0 0 0 0 0 0 0 0 0 0 0 0 0 0 0 0 0 0 0 0 0 0 0 0 0 0 0 0 0 0 0 0]
[643763540223648577290972205787976104557879925054496911980838444053767192298085527789355834576581748477501510767457035131613014792612729173514932431483736408301672010146210250 0 0 0 0 0 0 0 0 0 0 0 0 0 0 0 0 0 0 1 0 0 0 0 0 0 0 0 0 0 0 0 0 0 0 0 0 0 0 0 0 0 0 0 0 0 0 0 0 0 0 0 0 0 0 0 0 0]
[181974132314988024996783606295338588553809543003447859580599958475278259434692030154587979839161801090433915656089672057787430896614982291296707181797451496234024728518948613 0 0 0 0 0 0 0 0 0 0 0 0 0 0 0 0 0 0 0 1 0 0 0 0 0 0 0 0 0 0 0 0 0 0 0 0 0 0 0 0 0 0 0 0 0 0 0 0 0 0 0 0 0 0 0 0 0]
[385813426936276411549939093532316840354082714036825127679716754065852272315939491431155112536993109176239641567085808073972169333117862618574151312044007882614900947066589636 0 0 0 0 0 0 0 0 0 0 0 0 0 0 0 0 0 0 0 0 1 0 0 0 0 0 0 0 0 0 0 0 0 0 0 0 0 0 0 0 0 0 0 0 0 0 0 0 0 0 0 0 0 0 0 0 0]
[1502433989713292395470022307870831323949217631860586899623692253546910554870289861314566211252423131553392349133567766820683236205653907250911284520257908747592085038244860925 0 0 0 0 0 0 0 0 0 0 0 0 0 0 0 0 0 0 0 0 0 1 0 0 0 0 0 0 0 0 0 0 0 0 0 0 0 0 0 0 0 0 0 0 0 0 0 0 0 0 0 0 0 0 0 0 0]
[1648361562002370073472902517318677365696359511069823478700789795471661425227978591867231310417244128939428082736333955269955126975531513357235151826982253916748505596867687851 0 0 0 0 0 0 0 0 0 0 0 0 0 0 0 0 0 0 0 0 0 0 1 0 0 0 0 0 0 0 0 0 0 0 0 0 0 0 0 0 0 0 0 0 0 0 0 0 0 0 0 0 0 0 0 0 0]
[2298152827673384213608814524316913034722617970912505195510651950056771375290416890227967169696494744171831310792980443184940653066389219543395216008334963143307590275921285588 0 0 0 0 0 0 0 0 0 0 0 0 0 0 0 0 0 0 0 0 0 0 0 1 0 0 0 0 0 0 0 0 0 0 0 0 0 0 0 0 0 0 0 0 0 0 0 0 0 0 0 0 0 0 0 0 0]
[837690566973615917903357971832144975162915375146040714150421624037231893128054358922070400314181001523831107621229331742974575670206187047197481043478037389616154081231620319 0 0 0 0 0 0 0 0 0 0 0 0 0 0 0 0 0 0 0 0 0 0 0 0 1 0 0 0 0 0 0 0 0 0 0 0 0 0 0 0 0 0 0 0 0 0 0 0 0 0 0 0 0 0 0 0 0]
[1633642668625114644273167482617121077127573537660806674012751003777845433891887705268772148239272333617278209249512158699857016584103099299291104926968247707501856629654736719 0 0 0 0 0 0 0 0 0 0 0 0 0 0 0 0 0 0 0 0 0 0 0 0 0 1 0 0 0 0 0 0 0 0 0 0 0 0 0 0 0 0 0 0 0 0 0 0 0 0 0 0 0 0 0 0 0]
[862203567735461435340185498693956241806823361332911037901765425202170513842235846608971896201812007969981743537197232868097166073031562497761640421187318243529339149684483428 0 0 0 0 0 0 0 0 0 0 0 0 0 0 0 0 0 0 0 0 0 0 0 0 0 0 1 0 0 0 0 0 0 0 0 0 0 0 0 0 0 0 0 0 0 0 0 0 0 0 0 0 0 0 0 0 0]
[1530703154241890353214564516328384262154418739340682991828718457595109365711255841786463041947893381245148080911645955980572310663513606113120055505716709542624625800798628806 0 0 0 0 0 0 0 0 0 0 0 0 0 0 0 0 0 0 0 0 0 0 0 0 0 0 0 1 0 0 0 0 0 0 0 0 0 0 0 0 0 0 0 0 0 0 0 0 0 0 0 0 0 0 0 0 0]
[1129063624233093921503918225934348470919187067123937049094397315521167749357295698708378488905193745254764771091865959625034785797221825027495596713457684641961303913080482342 0 0 0 0 0 0 0 0 0 0 0 0 0 0 0 0 0 0 0 0 0 0 0 0 0 0 0 0 1 0 0 0 0 0 0 0 0 0 0 0 0 0 0 0 0 0 0 0 0 0 0 0 0 0 0 0 0]
[2040032053372836015333937508674944448996819059975624761651891563482788684881928507143440773664279744108940560142616467566025271989481220862792300721619567292817218575140267285 0 0 0 0 0 0 0 0 0 0 0 0 0 0 0 0 0 0 0 0 0 0 0 0 0 0 0 0 0 1 0 0 0 0 0 0 0 0 0 0 0 0 0 0 0 0 0 0 0 0 0 0 0 0 0 0 0]
[718185266888167099825463050876615685471291804630127716571642626440007113928487065465988589574873259814800369663797361102044746258068694353257769835912098693821428961543901070 0 0 0 0 0 0 0 0 0 0 0 0 0 0 0 0 0 0 0 0 0 0 0 0 0 0 0 0 0 0 1 0 0 0 0 0 0 0 0 0 0 0 0 0 0 0 0 0 0 0 0 0 0 0 0 0 0]
[1117654640145972301279996290830882213855042495451537316965027378282278782334528445330695101697384766288704355706318297691743522426427020103080733549812551729550049304488930454 0 0 0 0 0 0 0 0 0 0 0 0 0 0 0 0 0 0 0 0 0 0 0 0 0 0 0 0 0 0 0 1 0 0 0 0 0 0 0 0 0 0 0 0 0 0 0 0 0 0 0 0 0 0 0 0 0]
[934251740031213584483602364758037794171293648550203073879511253100227691210011368007449044100316559727732118209823706680882345269796389982978620454719694688967878547975434720 0 0 0 0 0 0 0 0 0 0 0 0 0 0 0 0 0 0 0 0 0 0 0 0 0 0 0 0 0 0 0 0 1 0 0 0 0 0 0 0 0 0 0 0 0 0 0 0 0 0 0 0 0 0 0 0 0]
[962200797971658250344244144031982958290864580991999181936922075297146365895969090487277570629920480861598616499959279451517673020696542114195582854435867362626677608895218345 0 0 0 0 0 0 0 0 0 0 0 0 0 0 0 0 0 0 0 0 0 0 0 0 0 0 0 0 0 0 0 0 0 1 0 0 0 0 0 0 0 0 0 0 0 0 0 0 0 0 0 0 0 0 0 0 0]
[2014707623195391521787935234941570338364867816505933119565219666333793144113224835738062509624182887822902889165833791981525005818087434675478500821913263417406740440555599618 0 0 0 0 0 0 0 0 0 0 0 0 0 0 0 0 0 0 0 0 0 0 0 0 0 0 0 0 0 0 0 0 0 0 1 0 0 0 0 0 0 0 0 0 0 0 0 0 0 0 0 0 0 0 0 0 0]
[1724986900267682172174051735333256826494626017383661277023052821107777592060623138481924726683089196412585300389250459176231948679759048396029335865364064936591494439122263 0 0 0 0 0 0 0 0 0 0 0 0 0 0 0 0 0 0 0 0 0 0 0 0 0 0 0 0 0 0 0 0 0 0 0 1 0 0 0 0 0 0 0 0 0 0 0 0 0 0 0 0 0 0 0 0 0]
[141242155032030958775275694078473437189627250685655412506207079858038353256609430806301857543835276411885992009080176994480076189853982977228018100568473827423965618171190894 0 0 0 0 0 0 0 0 0 0 0 0 0 0 0 0 0 0 0 0 0 0 0 0 0 0 0 0 0 0 0 0 0 0 0 0 1 0 0 0 0 0 0 0 0 0 0 0 0 0 0 0 0 0 0 0 0]
[1109127490409662796026527254435678397548073651988372238852112188577258238797913493847987073451038905761522712418400432278709367283224050088355484258146855123324422922334259357 0 0 0 0 0 0 0 0 0 0 0 0 0 0 0 0 0 0 0 0 0 0 0 0 0 0 0 0 0 0 0 0 0 0 0 0 0 1 0 0 0 0 0 0 0 0 0 0 0 0 0 0 0 0 0 0 0]
[348890129681789864861061773040749383209759696279865146572485903007109880814891500197183573424995994001093456699413696233881282066069750398425797297602432866628694498674879346 0 0 0 0 0 0 0 0 0 0 0 0 0 0 0 0 0 0 0 0 0 0 0 0 0 0 0 0 0 0 0 0 0 0 0 0 0 0 1 0 0 0 0 0 0 0 0 0 0 0 0 0 0 0 0 0 0]
[535449196640347247224164137887389260738377361446507331027663040221665473151507565130615432562643371939220668873848218486220096517022217053190590468067716704950670353909320918 0 0 0 0 0 0 0 0 0 0 0 0 0 0 0 0 0 0 0 0 0 0 0 0 0 0 0 0 0 0 0 0 0 0 0 0 0 0 0 1 0 0 0 0 0 0 0 0 0 0 0 0 0 0 0 0 0]
[1186284772472743298573349795888143077213556960994856693043516802846943715677417613431613347677209036775606423746468947355580146487131537996524579427126598306085496401050856977 0 0 0 0 0 0 0 0 0 0 0 0 0 0 0 0 0 0 0 0 0 0 0 0 0 0 0 0 0 0 0 0 0 0 0 0 0 0 0 0 1 0 0 0 0 0 0 0 0 0 0 0 0 0 0 0 0]
[1730359560680206640661515567474934645075455714339185525393724236294494149567283352865836641578209186023239412324350544028256000815778005379301421375149731171394539936600950914 0 0 0 0 0 0 0 0 0 0 0 0 0 0 0 0 0 0 0 0 0 0 0 0 0 0 0 0 0 0 0 0 0 0 0 0 0 0 0 0 0 1 0 0 0 0 0 0 0 0 0 0 0 0 0 0 0]
[35806683893605791596541574088438079763890507780933015727403334979694160943558141443347937384828772381764148511465129894666846560946934423729376158263829824314277912289082092 0 0 0 0 0 0 0 0 0 0 0 0 0 0 0 0 0 0 0 0 0 0 0 0 0 0 0 0 0 0 0 0 0 0 0 0 0 0 0 0 0 0 1 0 0 0 0 0 0 0 0 0 0 0 0 0 0]
[2313108180441191585316877998471398987703375606907608273361704499246240856104397308298691579842715926385252684964042257246656098654152533623550593069746513156005043456500122943 0 0 0 0 0 0 0 0 0 0 0 0 0 0 0 0 0 0 0 0 0 0 0 0 0 0 0 0 0 0 0 0 0 0 0 0 0 0 0 0 0 0 0 1 0 0 0 0 0 0 0 0 0 0 0 0 0]
[1584832294351314582252619256399956814873767795884757697881945282371699434075970025839293741678615863528700623869106105283089768314708299666525595261264426911140596381015283261 0 0 0 0 0 0 0 0 0 0 0 0 0 0 0 0 0 0 0 0 0 0 0 0 0 0 0 0 0 0 0 0 0 0 0 0 0 0 0 0 0 0 0 0 1 0 0 0 0 0 0 0 0 0 0 0 0]
[742393726699744571947716179180899151681997121787843826467608135534253251240108996413152671874346175921576415930733570649306419385187882294185177661467765976513483028520677031 0 0 0 0 0 0 0 0 0 0 0 0 0 0 0 0 0 0 0 0 0 0 0 0 0 0 0 0 0 0 0 0 0 0 0 0 0 0 0 0 0 0 0 0 0 1 0 0 0 0 0 0 0 0 0 0 0]
[1862216138573863402471775141457823377263226238128777609316987799628223609789000862315032759439632325244128995059121603370337591136133149495679543275959770003824388741135394439 0 0 0 0 0 0 0 0 0 0 0 0 0 0 0 0 0 0 0 0 0 0 0 0 0 0 0 0 0 0 0 0 0 0 0 0 0 0 0 0 0 0 0 0 0 0 1 0 0 0 0 0 0 0 0 0 0]
[1681574489099334480220698441982114144085943349321021128131401376806988974916182090208520329115555953377403283530416185684108922059715786705711492068484507563970714926236329416 0 0 0 0 0 0 0 0 0 0 0 0 0 0 0 0 0 0 0 0 0 0 0 0 0 0 0 0 0 0 0 0 0 0 0 0 0 0 0 0 0 0 0 0 0 0 0 1 0 0 0 0 0 0 0 0 0]
[1782539563795673332149661931257466398533206198929214005884351351000688374789205884704293827159024961088891651043168674167668825681048689315004800141758518383506998347034874467 0 0 0 0 0 0 0 0 0 0 0 0 0 0 0 0 0 0 0 0 0 0 0 0 0 0 0 0 0 0 0 0 0 0 0 0 0 0 0 0 0 0 0 0 0 0 0 0 1 0 0 0 0 0 0 0 0]
[957122996469588889169961240251181406490247455855286571668135959502198253608185378251402217045505744298610066602659571062539811362188165250483293828355307233858212627439601399 0 0 0 0 0 0 0 0 0 0 0 0 0 0 0 0 0 0 0 0 0 0 0 0 0 0 0 0 0 0 0 0 0 0 0 0 0 0 0 0 0 0 0 0 0 0 0 0 0 1 0 0 0 0 0 0 0]
[428489106632539837165457514709596495829921054693818175044256084858903064744695524402860329665831177152958253993125978448241491324981306331754064379491744449188740543974555045 0 0 0 0 0 0 0 0 0 0 0 0 0 0 0 0 0 0 0 0 0 0 0 0 0 0 0 0 0 0 0 0 0 0 0 0 0 0 0 0 0 0 0 0 0 0 0 0 0 0 1 0 0 0 0 0 0]
[732757833039430138924885459523767014657238248659779547837323232465833197040015618575494912496554968884792254170537251031966352872927178210204554831433966294300585558026632863 0 0 0 0 0 0 0 0 0 0 0 0 0 0 0 0 0 0 0 0 0 0 0 0 0 0 0 0 0 0 0 0 0 0 0 0 0 0 0 0 0 0 0 0 0 0 0 0 0 0 0 1 0 0 0 0 0]
[2173384634388717004129211450069222641103390583332601427835567389165710507456596250969781524116947249249547912205538767985778602420990024310446927175102418757629151642182052545 0 0 0 0 0 0 0 0 0 0 0 0 0 0 0 0 0 0 0 0 0 0 0 0 0 0 0 0 0 0 0 0 0 0 0 0 0 0 0 0 0 0 0 0 0 0 0 0 0 0 0 0 1 0 0 0 0]
[600872425502198038413903600833535934157275629178934589065879731258100983953027042087920237874550797804656109535325993238143171117942788284473737491764476236765243011391293170 0 0 0 0 0 0 0 0 0 0 0 0 0 0 0 0 0 0 0 0 0 0 0 0 0 0 0 0 0 0 0 0 0 0 0 0 0 0 0 0 0 0 0 0 0 0 0 0 0 0 0 0 0 1 0 0 0]
[1290833679865285018658939344491589511618235834093952061358867426198193784724212040165164238756924651080497095811213406256943163530954515658033032966029059727676355180303440566 0 0 0 0 0 0 0 0 0 0 0 0 0 0 0 0 0 0 0 0 0 0 0 0 0 0 0 0 0 0 0 0 0 0 0 0 0 0 0 0 0 0 0 0 0 0 0 0 0 0 0 0 0 0 1 0 0]
[803301409804515887608589877917142002436392773815134090225688953012298131070846276017392559782160689537019677980869672397228838329881256056022585494394520167779833092751666020 0 0 0 0 0 0 0 0 0 0 0 0 0 0 0 0 0 0 0 0 0 0 0 0 0 0 0 0 0 0 0 0 0 0 0 0 0 0 0 0 0 0 0 0 0 0 0 0 0 0 0 0 0 0 0 1 0]
[602014297525244617033938982141631809456537814396738042437609458242141459256329644895558248087249782007447721733348941948309691027053233369969106509414502799174471890494297685 0 0 0 0 0 0 0 0 0 0 0 0 0 0 0 0 0 0 0 0 0 0 0 0 0 0 0 0 0 0 0 0 0 0 0 0 0 0 0 0 0 0 0 0 0 0 0 0 0 0 0 0 0 0 0 0 1]
]
58 59 9
[1 1 1 1 1 1 1 1 1 1 1 1 1 1 1 1 1 1 1 1 1 1 1 1 1 1 1 1 1 1 1 1 1 1 1 1 1 1 1 1 1 1 1 1 1 1 1 1 1 1 1 1 1 1 1 1 1 1 1]
