[[2167750334333464500033187834439816155964449938424555229420313516260370693066795803447864050752238633522825409423680289885285980470005895953828770232964689324043383237823130987 0 0 0 0 0 0 0 0 0 0 0 0 0 0 0 0 0 0 0 0 0 0 0 0 0 0 0 0 0 0 0 0 0 0 0 0 0 0 0 0 0 0 0 0 0 0 0 0 0 0 0 0 0 0 0 0 0]
[1436286542058696170242221039557963832103828614329202990076527943244025245289951780789231285890971557056105604170962092783409988502655531279226241182028657454192213482017127260 1 0 0 0 0 0 0 0 0 0 0 0 0 0 0 0 0 0 0 0 0 0 0 0 0 0 0 0 0 0 0 0 0 0 0 0 0 0 0 0 0 0 0 0 0 0 0 0 0 0 0 0 0 0 0 0 0]
[37175480900964324831558037563223592925223870171759836770892290205361748541952159626213239598092401336295413283765373026779530885728985097467586408489327664094622493196044375 0 1 0 0 0 0 0 0 0 0 0 0 0 0 0 0 0 0 0 0 0 0 0 0 0 0 0 0 0 0 0 0 0 0 0 0 0 0 0 0 0 0 0 0 0 0 0 0 0 0 0 0 0 0 0 0 0]
[162004585159558220839912178569180832161726619405114319680519372270010640352773598777326850503053199248775189824164792090043940044992014282565406601985318699681909603690872743 0 0 1 0 0 0 0 0 0 0 0 0 0 0 0 0 0 0 0 0 0 0 0 0 0 0 0 0 0 0 0 0 0 0 0 0 0 0 0 0 0 0 0 0 0 0 0 0 0 0 0 0 0 0 0 0 0]
[855810541359514888149287224666143818110654443359146460623679859047377384600348935282606249418525706652673010476563224750982846576117115500396874975524738473047822894107086965 0 0 0 1 0 0 0 0 0 0 0 0 0 0 0 0 0 0 0 0 0 0 0 0 0 0 0 0 0 0 0 0 0 0 0 0 0 0 0 0 0 0 0 0 0 0 0 0 0 0 0 0 0 0 0 0 0]
[74824111626254363474866837552721840325947976227779377464342773212509695961933569417659964337088175776619759386516133618608677229573535737497455528942261147329811530396320311 0 0 0 0 1 0 0 0 0 0 0 0 0 0 0 0 0 0 0 0 0 0 0 0 0 0 0 0 0 0 0 0 0 0 0 0 0 0 0 0 0 0 0 0 0 0 0 0 0 0 0 0 0 0 0 0 0]
[1689448115847637884786867638969219896683609250979114224692934452259136383891986883618747130071208092256349994047543400880415134629549627782613851766623720469164896130534646074 0 0 0 0 0 1 0 0 0 0 0 0 0 0 0 0 0 0 0 0 0 0 0 0 0 0 0 0 0 0 0 0 0 0 0 0 0 0 0 0 0 0 0 0 0 0 0 0 0 0 0 0 0 0 0 0 0]
[1497407035529179102373799425033725645586551246283224975679272934173958267208617255713559770952473543649111570326519637405606052017796794996626407506451331675134557357830057885 0 0 0 0 0 0 1 0 0 0 0 0 0 0 0 0 0 0 0 0 0 0 0 0 0 0 0 0 0 0 0 0 0 0 0 0 0 0 0 0 0 0 0 0 0 0 0 0 0 0 0 0 0 0 0 0 0]
[28411294077307351769057400462465656060601690327437563770367167151069134406563316075608959158967984685035713868495471156380656119500963845749607736929821507290271682026409915 0 0 0 0 0 0 0 1 0 0 0 0 0 0 0 0 0 0 0 0 0 0 0 0 0 0 0 0 0 0 0 0 0 0 0 0 0 0 0 0 0 0 0 0 0 0 0 0 0 0 0 0 0 0 0 0 0]
[1615127681740705227467319102192442136008004215339503122098071353202904378200558102498043435979901315100732361281683396722803798712651613420381403025356511078163271749559385819 0 0 0 0 0 0 0 0 1 0 0 0 0 0 0 0 0 0 0 0 0 0 0 0 0 0 0 0 0 0 0 0 0 0 0 0 0 0 0 0 0 0 0 0 0 0 0 0 0 0 0 0 0 0 0 0 0]
[1613071947051000706338998366222161035849840162191992675571531352503243510576572438757698145284742528826388975902531271031699667144432801452947936614722727324077511976561904727 0 0 0 0 0 0 0 0 0 1 0 0 0 0 0 0 0 0 0 0 0 0 0 0 0 0 0 0 0 0 0 0 0 0 0 0 0 0 0 0 0 0 0 0 0 0 0 0 0 0 0 0 0 0 0 0 0]
[760569138360875354120288276517530217374555653771811499428048502238532569477226052970409567518899590617162141724088412839705156174813387605779382327988601923183934572316669008 0 0 0 0 0 0 0 0 0 0 1 0 0 0 0 0 0 0 0 0 0 0 0 0 0 0 0 0 0 0 0 0 0 0 0 0 0 0 0 0 0 0 0 0 0 0 0 0 0 0 0 0 0 0 0 0 0]
[303275450997544559492187989915264380020736769291193814611285632917799708862804326527236014789028319309575254575336016159513469376350494483173796990884630904465697614452483947 0 0 0 0 0 0 0 0 0 0 0 1 0 0 0 0 0 0 0 0 0 0 0 0 0 0 0 0 0 0 0 0 0 0 0 0 0 0 0 0 0 0 0 0 0 0 0 0 0 0 0 0 0 0 0 0 0]
[187239429647521740860819354155427840408715094244320774616289166918828146976026654790769817504334560636165724231589271235850113296193802853366138015405825310562602966680196614 0 0 0 0 0 0 0 0 0 0 0 0 1 0 0 0 0 0 0 0 0 0 0 0 0 0 0 0 0 0 0 0 0 0 0 0 0 0 0 0 0 0 0 0 0 0 0 0 0 0 0 0 0 0 0 0 0]
[1812276964195781389956112242231158531473003502056805598858830351459936328928230078890584635382948469242172392940423358604819605210658510505955132432494049033702742857740975278 0 0 0 0 0 0 0 0 0 0 0 0 0 1 0 0 0 0 0 0 0 0 0 0 0 0 0 0 0 0 0 0 0 0 0 0 0 0 0 0 0 0 0 0 0 0 0 0 0 0 0 0 0 0 0 0 0]
[537150537681419045698094465122408376773490000119163383875379238010716269137558170533275316973472098378443886637394384583867377101573913847143550557349553960678574750123568551 0 0 0 0 0 0 0 0 0 0 0 0 0 0 1 0 0 0 0 0 0 0 0 0 0 0 0 0 0 0 0 0 0 0 0 0 0 0 0 0 0 0 0 0 0 0 0 0 0 0 0 0 0 0 0 0 0]
[1629244897251186682553659173627412647575506911578079572944366697920066111073265707734207845407344307669411420825102758937930024601884305438839864887225457352680136374912167841 0 0 0 0 0 0 0 0 0 0 0 0 0 0 0 1 0 0 0 0 0 0 0 0 0 0 0 0 0 0 0 0 0 0 0 0 0 0 0 0 0 0 0 0 0 0 0 0 0 0 0 0 0 0 0 0 0]
[46237330050061354888556228872216102280960878175720335808689119299152669630672685881668493430380849408112599979694207479539378166853812683651932704368164530821193760619956040 0 0 0 0 0 0 0 0 0 0 0 0 0 0 0 0 1 0 0 0 0 0 0 0 0 0 0 0 0 0 0 0 0 0 0 0 0 0 0 0 0 0 0 0 0 0 0 0 0 0 0 0 0 0 0 0 0]
[471294775536182160145342300591680833243896264346495401811369676278460329543577231977296511482290976516679704074414314780721391271018755031483359793844186463694963272497810938 0 0 0 0 0 0 0 0 0 0 0 0 0 0 0 0 0 1 0 0 0 0 0 0 0 0 0 0 0 0 0 0 0 0 0 0 0 0 0 0 0 0 0 0 0 0 0 0 0 0 0 0 0 0 0 0 0]
[2086075213337962149974395096480316416151580324845459192949877952817800193915558004672734382838616091861295780309985872768750292593429870748282906390146275589167752047337355020 0 0 0 0 0 0 0 0 0 0 0 0 0 0 0 0 0 0 1 0 0 0 0 0 0 0 0 0 0 0 0 0 0 0 0 0 0 0 0 0 0 0 0 0 0 0 0 0 0 0 0 0 0 0 0 0 0]
[1079345313009209822572119862245401826595143369206342573541669368798439377734006477987169766554312333623431160497393016552553232929780456265566454259868035443996524439008171552 0 0 0 0 0 0 0 0 0 0 0 0 0 0 0 0 0 0 0 1 0 0 0 0 0 0 0 0 0 0 0 0 0 0 0 0 0 0 0 0 0 0 0 0 0 0 0 0 0 0 0 0 0 0 0 0 0]
[1009584402329070021105009133526849894437813475698862068595402400744430647323488442602637848720995379121055538908261883233506478963078202664274294532647367860178843224907042043 0 0 0 0 0 0 0 0 0 0 0 0 0 0 0 0 0 0 0 0 1 0 0 0 0 0 0 0 0 0 0 0 0 0 0 0 0 0 0 0 0 0 0 0 0 0 0 0 0 0 0 0 0 0 0 0 0]
[1398728361797338085476864685171288980094301675247498873380915418896023714960420230036530468442008625103011942597052941575106268202749301692635275102239932398977013328935918588 0 0 0 0 0 0 0 0 0 0 0 0 0 0 0 0 0 0 0 0 0 1 0 0 0 0 0 0 0 0 0 0 0 0 0 0 0 0 0 0 0 0 0 0 0 0 0 0 0 0 0 0 0 0 0 0 0]
[1090951637683694107500760532910173381484965394257285332603813182163041549034056415694483754513323361100345415159359948905859748703841628550629466587296812931212000769108950981 0 0 0 0 0 0 0 0 0 0 0 0 0 0 0 0 0 0 0 0 0 0 1 0 0 0 0 0 0 0 0 0 0 0 0 0 0 0 0 0 0 0 0 0 0 0 0 0 0 0 0 0 0 0 0 0 0]
[802781779636500178487783044169665356481626782522825348994112756555684463595660007943476670751320205221256046990009669549690032059874447587581082952166128836569004801367085723 0 0 0 0 0 0 0 0 0 0 0 0 0 0 0 0 0 0 0 0 0 0 0 1 0 0 0 0 0 0 0 0 0 0 0 0 0 0 0 0 0 0 0 0 0 0 0 0 0 0 0 0 0 0 0 0 0]
[321669458651832725377722651579317586319757749926363273191342862266614393232172939941640486792065271022010699506936473367488666668620490714952273622396775103136764040314306467 0 0 0 0 0 0 0 0 0 0 0 0 0 0 0 0 0 0 0 0 0 0 0 0 1 0 0 0 0 0 0 0 0 0 0 0 0 0 0 0 0 0 0 0 0 0 0 0 0 0 0 0 0 0 0 0 0]
[1026816138356343953540131144223222843320711225414446051529950451962618138354354186123577118765778245389614518259234008936113339167896051001039706521371605409285428641851239072 0 0 0 0 0 0 0 0 0 0 0 0 0 0 0 0 0 0 0 0 0 0 0 0 0 1 0 0 0 0 0 0 0 0 0 0 0 0 0 0 0 0 0 0 0 0 0 0 0 0 0 0 0 0 0 0 0]
[820159448603378658969693420290914513237597833157333169073776709983225934944605819615041496726765828176296631684103590773650103684327294763138530593140281742302254292550353712 0 0 0 0 0 0 0 0 0 0 0 0 0 0 0 0 0 0 0 0 0 0 0 0 0 0 1 0 0 0 0 0 0 0 0 0 0 0 0 0 0 0 0 0 0 0 0 0 0 0 0 0 0 0 0 0 0]
[927914483913859833819553198637647234023616978305337902253625740006944990414064244430182333828544356807755129538668899460305444896602512457125104095146019454185591352698894731 0 0 0 0 0 0 0 0 0 0 0 0 0 0 0 0 0 0 0 0 0 0 0 0 0 0 0 1 0 0 0 0 0 0 0 0 0 0 0 0 0 0 0 0 0 0 0 0 0 0 0 0 0 0 0 0 0]
[737149050314319354091434107277019323619520013787121200086461945602970104143280230497997163100420054077772596871687874800251344254888342383270640437540936153193741682641814364 0 0 0 0 0 0 0 0 0 0 0 0 0 0 0 0 0 0 0 0 0 0 0 0 0 0 0 0 1 0 0 0 0 0 0 0 0 0 0 0 0 0 0 0 0 0 0 0 0 0 0 0 0 0 0 0 0]
[2079403747027507106801299778669622451514100028956213282706385182255558252821631725850083313629546326973568225547315750431316487199132508379263561311431376752698987087603831075 0 0 0 0 0 0 0 0 0 0 0 0 0 0 0 0 0 0 0 0 0 0 0 0 0 0 0 0 0 1 0 0 0 0 0 0 0 0 0 0 0 0 0 0 0 0 0 0 0 0 0 0 0 0 0 0 0]
[1238227586492101986312094295028517509689431726482075834381517686470076443378352554878738908434382393193615171141850986147904761938598069196499022932741675483584330850167211426 0 0 0 0 0 0 0 0 0 0 0 0 0 0 0 0 0 0 0 0 0 0 0 0 0 0 0 0 0 0 1 0 0 0 0 0 0 0 0 0 0 0 0 0 0 0 0 0 0 0 0 0 0 0 0 0 0]
[1750183108656832699779459790138511882722976114924402372127860891917978977407439259844052488580635747453132018879254576433721906634615646469155709364460496124079357934853084124 0 0 0 0 0 0 0 0 0 0 0 0 0 0 0 0 0 0 0 0 0 0 0 0 0 0 0 0 0 0 0 1 0 0 0 0 0 0 0 0 0 0 0 0 0 0 0 0 0 0 0 0 0 0 0 0 0]
[1319379161823217334692926392998503699603692907995920387389986679888994291706473407947190373263608006173478143085618148221072345208567050817794193514196280687195865626041875033 0 0 0 0 0 0 0 0 0 0 0 0 0 0 0 0 0 0 0 0 0 0 0 0 0 0 0 0 0 0 0 0 1 0 0 0 0 0 0 0 0 0 0 0 0 0 0 0 0 0 0 0 0 0 0 0 0]
[1497897852488207057741827361697107387974840075312515260208864604707763362818397219925555891465843938626547879873231611414830666438273279617739941178972236091013054531951483388 0 0 0 0 0 0 0 0 0 0 0 0 0 0 0 0 0 0 0 0 0 0 0 0 0 0 0 0 0 0 0 0 0 1 0 0 0 0 0 0 0 0 0 0 0 0 0 0 0 0 0 0 0 0 0 0 0]
[917190280148342046878173431471002674659306105857427277826358911369442642848084291024373447137347890719657476872684278659488953637781842666848971082306357478653519863083577668 0 0 0 0 0 0 0 0 0 0 0 0 0 0 0 0 0 0 0 0 0 0 0 0 0 0 0 0 0 0 0 0 0 0 1 0 0 0 0 0 0 0 0 0 0 0 0 0 0 0 0 0 0 0 0 0 0]
[1898733130507021336035874645281227052493602381004745348619196012629554776151806043818480782327289721983362046896605849755418120819454498420480795892967139362697423060291328826 0 0 0 0 0 0 0 0 0 0 0 0 0 0 0 0 0 0 0 0 0 0 0 0 0 0 0 0 0 0 0 0 0 0 0 1 0 0 0 0 0 0 0 0 0 0 0 0 0 0 0 0 0 0 0 0 0]
[1931544633136963978573409690920421965176252344800235376457455975322490062643220779850143315756811851353252142775088829947984270315044655255116439042758063573952796844575801956 0 0 0 0 0 0 0 0 0 0 0 0 0 0 0 0 0 0 0 0 0 0 0 0 0 0 0 0 0 0 0 0 0 0 0 0 1 0 0 0 0 0 0 0 0 0 0 0 0 0 0 0 0 0 0 0 0]
[530046463835576968850429825893290471633206977813994240448470340337005727387288707245265134063567959517313621911865376329462925985491080391214862043823491041134525029769127695 0 0 0 0 0 0 0 0 0 0 0 0 0 0 0 0 0 0 0 0 0 0 0 0 0 0 0 0 0 0 0 0 0 0 0 0 0 1 0 0 0 0 0 0 0 0 0 0 0 0 0 0 0 0 0 0 0]
[1771707652183772509306305255233632937957111215298743395675390710960033207743766192665306405462415226252417889956341804829530909663578878624185377291724307373818303076035802302 0 0 0 0 0 0 0 0 0 0 0 0 0 0 0 0 0 0 0 0 0 0 0 0 0 0 0 0 0 0 0 0 0 0 0 0 0 0 1 0 0 0 0 0 0 0 0 0 0 0 0 0 0 0 0 0 0]
[324389596585005342015702101923297027393383966700572376036792041720826384029032485569619821599127071100418527286338328134836861160328381184596052161481877168063863735954123053 0 0 0 0 0 0 0 0 0 0 0 0 0 0 0 0 0 0 0 0 0 0 0 0 0 0 0 0 0 0 0 0 0 0 0 0 0 0 0 1 0 0 0 0 0 0 0 0 0 0 0 0 0 0 0 0 0]
[173772194504081195475841658041078116926295314511213621966010141204689695413240938093170257286756914708674709024019739000261680696066246536217341587941470703270111170349090049 0 0 0 0 0 0 0 0 0 0 0 0 0 0 0 0 0 0 0 0 0 0 0 0 0 0 0 0 0 0 0 0 0 0 0 0 0 0 0 0 1 0 0 0 0 0 0 0 0 0 0 0 0 0 0 0 0]
[53730431279984594256233121147216608549899316333899622517774253608831768941958321469711642315780309019375857310338282252420402417530393432352918289538627895568583425978177224 0 0 0 0 0 0 0 0 0 0 0 0 0 0 0 0 0 0 0 0 0 0 0 0 0 0 0 0 0 0 0 0 0 0 0 0 0 0 0 0 0 1 0 0 0 0 0 0 0 0 0 0 0 0 0 0 0]
[2055140615108429838560587841132647139556766707573538686533764205809580866546085382024234880409561546735073525816124701919907381369412145152886933636194945974904380880375497413 0 0 0 0 0 0 0 0 0 0 0 0 0 0 0 0 0 0 0 0 0 0 0 0 0 0 0 0 0 0 0 0 0 0 0 0 0 0 0 0 0 0 1 0 0 0 0 0 0 0 0 0 0 0 0 0 0]
[1790197079489606847840897774871332155878681095739864525203067603221903148531615425270829022489880763337571553291422146210975882587188798933039632467485318776081417011528417756 0 0 0 0 0 0 0 0 0 0 0 0 0 0 0 0 0 0 0 0 0 0 0 0 0 0 0 0 0 0 0 0 0 0 0 0 0 0 0 0 0 0 0 1 0 0 0 0 0 0 0 0 0 0 0 0 0]
[1507261928821805801170123182175513849716473147585130993293812177970350661217737050305450880733681476857408271277374491343580199327411483643784354731431159698645409419707184294 0 0 0 0 0 0 0 0 0 0 0 0 0 0 0 0 0 0 0 0 0 0 0 0 0 0 0 0 0 0 0 0 0 0 0 0 0 0 0 0 0 0 0 0 1 0 0 0 0 0 0 0 0 0 0 0 0]
[2119320084231289210661853292827025719993002715187267924361385781740223832058615165816727253193359617081398434169714055694256763167674502155208153628006362696554167556044554247 0 0 0 0 0 0 0 0 0 0 0 0 0 0 0 0 0 0 0 0 0 0 0 0 0 0 0 0 0 0 0 0 0 0 0 0 0 0 0 0 0 0 0 0 0 1 0 0 0 0 0 0 0 0 0 0 0]
[2106376465844185316797101922556675582487523714199763027333253649887550767688069180417567279310368177674318321041857219425752427174501067980247118596822574419596758572504275767 0 0 0 0 0 0 0 0 0 0 0 0 0 0 0 0 0 0 0 0 0 0 0 0 0 0 0 0 0 0 0 0 0 0 0 0 0 0 0 0 0 0 0 0 0 0 1 0 0 0 0 0 0 0 0 0 0]
[1184003137000391937850874055833785653200513015029836770994112085113826669181637099581418461532556076377188137713891133716801558683052953175653810435779696139654442084428561409 0 0 0 0 0 0 0 0 0 0 0 0 0 0 0 0 0 0 0 0 0 0 0 0 0 0 0 0 0 0 0 0 0 0 0 0 0 0 0 0 0 0 0 0 0 0 0 1 0 0 0 0 0 0 0 0 0]
[1037581311675515572891364595968668678361134554559177030378760574118705213872790853661952884828158354415542807638435727050623963194928872501986655230615945206414165388470144067 0 0 0 0 0 0 0 0 0 0 0 0 0 0 0 0 0 0 0 0 0 0 0 0 0 0 0 0 0 0 0 0 0 0 0 0 0 0 0 0 0 0 0 0 0 0 0 0 1 0 0 0 0 0 0 0 0]
[1446356491740539109477570856959206608766689672564758333369413021752120333513197705428041046887790547252840822754769758105309030934882895425202918522047858702571648586488093426 0 0 0 0 0 0 0 0 0 0 0 0 0 0 0 0 0 0 0 0 0 0 0 0 0 0 0 0 0 0 0 0 0 0 0 0 0 0 0 0 0 0 0 0 0 0 0 0 0 1 0 0 0 0 0 0 0]
[533713950326628256808239419449255271937862878773350579108345879618597421826670274563956967311634406021585965643786842887003998861217908848695933735740068969380425261951510483 0 0 0 0 0 0 0 0 0 0 0 0 0 0 0 0 0 0 0 0 0 0 0 0 0 0 0 0 0 0 0 0 0 0 0 0 0 0 0 0 0 0 0 0 0 0 0 0 0 0 1 0 0 0 0 0 0]
[305114704852660070616532793920067408468541129071774055193643672226141788741356577780789450236595902931927006991872171695261371736083225559097039637989302467235569651551468576 0 0 0 0 0 0 0 0 0 0 0 0 0 0 0 0 0 0 0 0 0 0 0 0 0 0 0 0 0 0 0 0 0 0 0 0 0 0 0 0 0 0 0 0 0 0 0 0 0 0 0 1 0 0 0 0 0]
[1614270602399550817299576186845609970433029707607093272237000848444998859868680555863366373100152670640637189907944092518057760626256978008532548549537976693126855153524935320 0 0 0 0 0 0 0 0 0 0 0 0 0 0 0 0 0 0 0 0 0 0 0 0 0 0 0 0 0 0 0 0 0 0 0 0 0 0 0 0 0 0 0 0 0 0 0 0 0 0 0 0 1 0 0 0 0]
[31977078706016185372322842202236537420717360685637377584710967469358348916588953636607683570755345064305149158204407896813558215795180658177883556698561180938964913367154539 0 0 0 0 0 0 0 0 0 0 0 0 0 0 0 0 0 0 0 0 0 0 0 0 0 0 0 0 0 0 0 0 0 0 0 0 0 0 0 0 0 0 0 0 0 0 0 0 0 0 0 0 0 1 0 0 0]
[968974646470439381635977222012245659148920259337396220723333795282303967396683664793621267807383195089964833758235395185298702561473678815682049208338058337290411367981060134 0 0 0 0 0 0 0 0 0 0 0 0 0 0 0 0 0 0 0 0 0 0 0 0 0 0 0 0 0 0 0 0 0 0 0 0 0 0 0 0 0 0 0 0 0 0 0 0 0 0 0 0 0 0 1 0 0]
[753492836782953922304329957373672828672577661322078380610219202610928381901626816964181634557677262801627229443883053515648314301280293192005269653469551140891530229165000650 0 0 0 0 0 0 0 0 0 0 0 0 0 0 0 0 0 0 0 0 0 0 0 0 0 0 0 0 0 0 0 0 0 0 0 0 0 0 0 0 0 0 0 0 0 0 0 0 0 0 0 0 0 0 0 1 0]
[233967542770490286439104493071873111125773208740054093349298130990807026894238791526709360097583821383164424037590636571674139583734255130699492850703956280520188836518443024 0 0 0 0 0 0 0 0 0 0 0 0 0 0 0 0 0 0 0 0 0 0 0 0 0 0 0 0 0 0 0 0 0 0 0 0 0 0 0 0 0 0 0 0 0 0 0 0 0 0 0 0 0 0 0 0 1]
]
58 59 6
[1 1 1 1 1 1 1 1 1 1 1 1 1 1 1 1 1 1 1 1 1 1 1 1 1 1 1 1 1 1 1 1 1 1 1 1 1 1 1 1 1 1 1 1 1 1 1 1 1 1 1 1 1 1 1 1 1 1 1]
