[[2787688063484382511514358823977366402720768233425410049084360180512323199893759984853659989340137229308130782112965955186875321773122467793841899679471804951662569001559918929 0 0 0 0 0 0 0 0 0 0 0 0 0 0 0 0 0 0 0 0 0 0 0 0 0 0 0 0 0 0 0 0 0 0 0 0 0 0 0 0 0 0 0 0 0 0 0 0 0 0 0 0 0 0 0 0 0]
[1144192606447674729928744358552365984185075668657250008142926732500170336511017012775324311349769985473837234848268702597342331686799770049155415699748095386789467358375055670 1 0 0 0 0 0 0 0 0 0 0 0 0 0 0 0 0 0 0 0 0 0 0 0 0 0 0 0 0 0 0 0 0 0 0 0 0 0 0 0 0 0 0 0 0 0 0 0 0 0 0 0 0 0 0 0 0]
[840719094359585117504289767251979187204138377180330833037331360541716310933778648327211079605991108930344012088445901483922595457149630294522522145667781233788442168657033006 0 1 0 0 0 0 0 0 0 0 0 0 0 0 0 0 0 0 0 0 0 0 0 0 0 0 0 0 0 0 0 0 0 0 0 0 0 0 0 0 0 0 0 0 0 0 0 0 0 0 0 0 0 0 0 0 0]
[1461984294800795858365656513186607039606597282154385546498023765292821826521833852070543764386411556954250713792846793256798282834459747669222655878924418229648399786100894007 0 0 1 0 0 0 0 0 0 0 0 0 0 0 0 0 0 0 0 0 0 0 0 0 0 0 0 0 0 0 0 0 0 0 0 0 0 0 0 0 0 0 0 0 0 0 0 0 0 0 0 0 0 0 0 0 0]
[549271649764325193567816630746172221762091869263223265813626856708750831638529862275090572915769372611790125477539817458257230983566110609368197783025734111880176994606103933 0 0 0 1 0 0 0 0 0 0 0 0 0 0 0 0 0 0 0 0 0 0 0 0 0 0 0 0 0 0 0 0 0 0 0 0 0 0 0 0 0 0 0 0 0 0 0 0 0 0 0 0 0 0 0 0 0]
[732695018919409775385555615270283255431257283818482288398216401401858707789357348464019697343215341896780342303036655057651420018143797221963926577554462809747751988673087153 0 0 0 0 1 0 0 0 0 0 0 0 0 0 0 0 0 0 0 0 0 0 0 0 0 0 0 0 0 0 0 0 0 0 0 0 0 0 0 0 0 0 0 0 0 0 0 0 0 0 0 0 0 0 0 0 0]
[14197629725100527684994486932522974823112075041383025669755509198209124802854266985873105474425691787751185726615634557244737544376800683423405466541886257971868257818184834 0 0 0 0 0 1 0 0 0 0 0 0 0 0 0 0 0 0 0 0 0 0 0 0 0 0 0 0 0 0 0 0 0 0 0 0 0 0 0 0 0 0 0 0 0 0 0 0 0 0 0 0 0 0 0 0 0]
[1160589905770229554970687526497949946218091091247831761979641740792302418803571910886596711821210711273236884017357622950967261498779017846416154633384990898775882805583659352 0 0 0 0 0 0 1 0 0 0 0 0 0 0 0 0 0 0 0 0 0 0 0 0 0 0 0 0 0 0 0 0 0 0 0 0 0 0 0 0 0 0 0 0 0 0 0 0 0 0 0 0 0 0 0 0 0]
[2503928406042227602152582002818271991278008841438491024845655378595913567685040478618206213138705946993577782857978556613201994076090861709298458785893278981754657164703063999 0 0 0 0 0 0 0 1 0 0 0 0 0 0 0 0 0 0 0 0 0 0 0 0 0 0 0 0 0 0 0 0 0 0 0 0 0 0 0 0 0 0 0 0 0 0 0 0 0 0 0 0 0 0 0 0 0]
[2223048442161155053742042505842419991570231925855126966984134165065738609389119933002836439869981211855551762454933359083004817555190325834869956843937825419261432448080314321 0 0 0 0 0 0 0 0 1 0 0 0 0 0 0 0 0 0 0 0 0 0 0 0 0 0 0 0 0 0 0 0 0 0 0 0 0 0 0 0 0 0 0 0 0 0 0 0 0 0 0 0 0 0 0 0 0]
[1418839413477579167006074380774205093894293316157851381378524257610246513470540893813520730705348507279698666907265186999443765333999793177010559574691314036462636692316834179 0 0 0 0 0 0 0 0 0 1 0 0 0 0 0 0 0 0 0 0 0 0 0 0 0 0 0 0 0 0 0 0 0 0 0 0 0 0 0 0 0 0 0 0 0 0 0 0 0 0 0 0 0 0 0 0 0]
[1216509150609080723933234676776149017579749416977744588330854078532662206043116093515139100060899871641083088181767468904769152805184762317055819534835273361550671746349140767 0 0 0 0 0 0 0 0 0 0 1 0 0 0 0 0 0 0 0 0 0 0 0 0 0 0 0 0 0 0 0 0 0 0 0 0 0 0 0 0 0 0 0 0 0 0 0 0 0 0 0 0 0 0 0 0 0]
[2149686949114443648092364392514830108187296640492014434475338116056186273495200272799567157776728675560688279118181050816231487836659104766001605637532285294081873168955296366 0 0 0 0 0 0 0 0 0 0 0 1 0 0 0 0 0 0 0 0 0 0 0 0 0 0 0 0 0 0 0 0 0 0 0 0 0 0 0 0 0 0 0 0 0 0 0 0 0 0 0 0 0 0 0 0 0]
[2186393866979269619334326979276222653453101358239360476593004639673131245850666478374310212398028417573949979922127033945082261534567809744064619961067148075082303132993403715 0 0 0 0 0 0 0 0 0 0 0 0 1 0 0 0 0 0 0 0 0 0 0 0 0 0 0 0 0 0 0 0 0 0 0 0 0 0 0 0 0 0 0 0 0 0 0 0 0 0 0 0 0 0 0 0 0]
[1294440629350663586441921980783685602395046489581959588194776131410414062504482181525432844479883199171266860957168474620553065268161561111095187035159661889889564988138698479 0 0 0 0 0 0 0 0 0 0 0 0 0 1 0 0 0 0 0 0 0 0 0 0 0 0 0 0 0 0 0 0 0 0 0 0 0 0 0 0 0 0 0 0 0 0 0 0 0 0 0 0 0 0 0 0 0]
[59334281737919867204527422659921339340484876793226722334964587080799657903347126877173878962866419939736918526647207286239871289154130540442879237302666532723486519354502942 0 0 0 0 0 0 0 0 0 0 0 0 0 0 1 0 0 0 0 0 0 0 0 0 0 0 0 0 0 0 0 0 0 0 0 0 0 0 0 0 0 0 0 0 0 0 0 0 0 0 0 0 0 0 0 0 0]
[705099560911109508955409405155640457348215054827792898534104652246587405787940019565063182689198716904989227294740622176522869598374877515657204522248433919681772100231003847 0 0 0 0 0 0 0 0 0 0 0 0 0 0 0 1 0 0 0 0 0 0 0 0 0 0 0 0 0 0 0 0 0 0 0 0 0 0 0 0 0 0 0 0 0 0 0 0 0 0 0 0 0 0 0 0 0]
[1542558476275895424396798464439786421906959641397215445614646952054323184235793382663655013049883448014035972820535910922418852619888092313307628997079098969880842765073535200 0 0 0 0 0 0 0 0 0 0 0 0 0 0 0 0 1 0 0 0 0 0 0 0 0 0 0 0 0 0 0 0 0 0 0 0 0 0 0 0 0 0 0 0 0 0 0 0 0 0 0 0 0 0 0 0 0]
[87751383702382929839755167688024088396343862228162365894679081796227040083713526016318570453261592109111722381602138079767024412207148428516930974451717375832998838784081807 0 0 0 0 0 0 0 0 0 0 0 0 0 0 0 0 0 1 0 0 0 0 0 0 0 0 0 0 0 0 0 0 0 0 0 0 0 0 0 0 0 0 0 0 0 0 0 0 0 0 0 0 0 0 0 0 0]
[495369744999403068326458400247287454521633200092835947162185251473396721194970024720158293209533593426196099325516246962638957995544771006379797648722844905653742978186273759 0 0 0 0 0 0 0 0 0 0 0 0 0 0 0 0 0 0 1 0 0 0 0 0 0 0 0 0 0 0 0 0 0 0 0 0 0 0 0 0 0 0 0 0 0 0 0 0 0 0 0 0 0 0 0 0 0]
[1465310501958696278797337582241753213851047074198272177822514342984304543989836766066055871163942943439790613932816249558692716451497796308954774897871902165968741600256506684 0 0 0 0 0 0 0 0 0 0 0 0 0 0 0 0 0 0 0 1 0 0 0 0 0 0 0 0 0 0 0 0 0 0 0 0 0 0 0 0 0 0 0 0 0 0 0 0 0 0 0 0 0 0 0 0 0]
[1344401315664281691357925478086450895295663830703473281401459431163485475909671885256129966293399604356266723205121970356993484127635736027109953762015990869748658230192981921 0 0 0 0 0 0 0 0 0 0 0 0 0 0 0 0 0 0 0 0 1 0 0 0 0 0 0 0 0 0 0 0 0 0 0 0 0 0 0 0 0 0 0 0 0 0 0 0 0 0 0 0 0 0 0 0 0]
[1200543001000100604544823417234145489860896565768512808085315339254903423986170245184688175404088012286587840023401538690492093233230355866469155610400424096913665280106414391 0 0 0 0 0 0 0 0 0 0 0 0 0 0 0 0 0 0 0 0 0 1 0 0 0 0 0 0 0 0 0 0 0 0 0 0 0 0 0 0 0 0 0 0 0 0 0 0 0 0 0 0 0 0 0 0 0]
[2699835156511156346531800456960780958954170770491120778879495380907592127192986202202805027339576634047573387454239551766264394040388974701821373745478326786504372806314834881 0 0 0 0 0 0 0 0 0 0 0 0 0 0 0 0 0 0 0 0 0 0 1 0 0 0 0 0 0 0 0 0 0 0 0 0 0 0 0 0 0 0 0 0 0 0 0 0 0 0 0 0 0 0 0 0 0]
[906537654143945146515777223720619606978954464238966556825291095987843220706048575710648670166574426148747540543064649682958611339212943826020456084864613479878099411458462302 0 0 0 0 0 0 0 0 0 0 0 0 0 0 0 0 0 0 0 0 0 0 0 1 0 0 0 0 0 0 0 0 0 0 0 0 0 0 0 0 0 0 0 0 0 0 0 0 0 0 0 0 0 0 0 0 0]
[1694956839588271335933160782434031846302926194925664861129550891397114833818379569105693606870408553954645573644253655511509366257796323288124061347709090566258654572772287674 0 0 0 0 0 0 0 0 0 0 0 0 0 0 0 0 0 0 0 0 0 0 0 0 1 0 0 0 0 0 0 0 0 0 0 0 0 0 0 0 0 0 0 0 0 0 0 0 0 0 0 0 0 0 0 0 0]
[245099024376101686708640010651684817194421860181988131825830973700678531601993094833781062900184660908909795449617668283206613949842337546204447451499339226888300600386895510 0 0 0 0 0 0 0 0 0 0 0 0 0 0 0 0 0 0 0 0 0 0 0 0 0 1 0 0 0 0 0 0 0 0 0 0 0 0 0 0 0 0 0 0 0 0 0 0 0 0 0 0 0 0 0 0 0]
[1023915423113496619732320647264199629045979035560758432984962118866683316925008361166515691106487398985204931050597007130934619886586014597452195962843346354387995524846714549 0 0 0 0 0 0 0 0 0 0 0 0 0 0 0 0 0 0 0 0 0 0 0 0 0 0 1 0 0 0 0 0 0 0 0 0 0 0 0 0 0 0 0 0 0 0 0 0 0 0 0 0 0 0 0 0 0]
[1461683184970139961620961478649052913885038085658972349900250839904868983128119359543761865009589096972037610860854183184954257789305059252414173890676893204561440635153829530 0 0 0 0 0 0 0 0 0 0 0 0 0 0 0 0 0 0 0 0 0 0 0 0 0 0 0 1 0 0 0 0 0 0 0 0 0 0 0 0 0 0 0 0 0 0 0 0 0 0 0 0 0 0 0 0 0]
[1646949595311997261867882427106882037486318678185183845254453637909481218901690389827610549825409727031292325223392599471149465343779752570200945359097609116183836077786568927 0 0 0 0 0 0 0 0 0 0 0 0 0 0 0 0 0 0 0 0 0 0 0 0 0 0 0 0 1 0 0 0 0 0 0 0 0 0 0 0 0 0 0 0 0 0 0 0 0 0 0 0 0 0 0 0 0]
[1462044933068534096907189725173137086943427047798870819272855219409712123309818117224319231915165681265271233283419246781693611708218436720448110714945253703270035170018610831 0 0 0 0 0 0 0 0 0 0 0 0 0 0 0 0 0 0 0 0 0 0 0 0 0 0 0 0 0 1 0 0 0 0 0 0 0 0 0 0 0 0 0 0 0 0 0 0 0 0 0 0 0 0 0 0 0]
[1499986841692755878462669187434026215805091740116425235844683564132784821307591176819811238829117801726776569826825638776378897841177081763332994884852688131844115976259293129 0 0 0 0 0 0 0 0 0 0 0 0 0 0 0 0 0 0 0 0 0 0 0 0 0 0 0 0 0 0 1 0 0 0 0 0 0 0 0 0 0 0 0 0 0 0 0 0 0 0 0 0 0 0 0 0 0]
[2570042658853487834903789168203178919980766006697216381750262450154483810698046729035602126862249108291678006266582516861467889240107738068206796918638540198296096558477607108 0 0 0 0 0 0 0 0 0 0 0 0 0 0 0 0 0 0 0 0 0 0 0 0 0 0 0 0 0 0 0 1 0 0 0 0 0 0 0 0 0 0 0 0 0 0 0 0 0 0 0 0 0 0 0 0 0]
[1979121219376157642289056647460911331663053204008632640362799186332873901955476618725264027581082059076669117124692315205784081855087672008293408464389851292163401561736529643 0 0 0 0 0 0 0 0 0 0 0 0 0 0 0 0 0 0 0 0 0 0 0 0 0 0 0 0 0 0 0 0 1 0 0 0 0 0 0 0 0 0 0 0 0 0 0 0 0 0 0 0 0 0 0 0 0]
[2648823813042114546201820257048100826274497023496217490941352375014081493426838370768186987752624249970989177958188606810419507697173224748085156051380597108304293384500363276 0 0 0 0 0 0 0 0 0 0 0 0 0 0 0 0 0 0 0 0 0 0 0 0 0 0 0 0 0 0 0 0 0 1 0 0 0 0 0 0 0 0 0 0 0 0 0 0 0 0 0 0 0 0 0 0 0]
[2177703415697314982724294210869184913615217910399041737891128458288823827046883610317659482351797400023249282455330367409530214870706637634786413970478762375975524074375211593 0 0 0 0 0 0 0 0 0 0 0 0 0 0 0 0 0 0 0 0 0 0 0 0 0 0 0 0 0 0 0 0 0 0 1 0 0 0 0 0 0 0 0 0 0 0 0 0 0 0 0 0 0 0 0 0 0]
[1885639688370782771932570019923430067959439664100674692721673001975972134106953599954238319923346253032103509967367489654350278724363855625097484752213253890762871554969929171 0 0 0 0 0 0 0 0 0 0 0 0 0 0 0 0 0 0 0 0 0 0 0 0 0 0 0 0 0 0 0 0 0 0 0 1 0 0 0 0 0 0 0 0 0 0 0 0 0 0 0 0 0 0 0 0 0]
[816301453550989104130972287668771565615900555348171814808333407547174804532959572961801768852563781695608680603370994331477915247252925231549313503133450030317046379448289942 0 0 0 0 0 0 0 0 0 0 0 0 0 0 0 0 0 0 0 0 0 0 0 0 0 0 0 0 0 0 0 0 0 0 0 0 1 0 0 0 0 0 0 0 0 0 0 0 0 0 0 0 0 0 0 0 0]
[1104256215180887368647586227232988406510650756619741620900316072665439940797955697229093758020508335915666756825135011287965266965635766621481121095583425943308068862692011774 0 0 0 0 0 0 0 0 0 0 0 0 0 0 0 0 0 0 0 0 0 0 0 0 0 0 0 0 0 0 0 0 0 0 0 0 0 1 0 0 0 0 0 0 0 0 0 0 0 0 0 0 0 0 0 0 0]
[1923473958804409471856369104306522942140165974335041282494200290088121559991318969990302187928989329694189438189358884758754156935046068970359410745683218600252121358170177171 0 0 0 0 0 0 0 0 0 0 0 0 0 0 0 0 0 0 0 0 0 0 0 0 0 0 0 0 0 0 0 0 0 0 0 0 0 0 1 0 0 0 0 0 0 0 0 0 0 0 0 0 0 0 0 0 0]
[2381321913834720886250430031858219556144049741328487577049531398266729003045661986876350168487043476086490903173144690861070366867964284725245493600836371786854817789997662167 0 0 0 0 0 0 0 0 0 0 0 0 0 0 0 0 0 0 0 0 0 0 0 0 0 0 0 0 0 0 0 0 0 0 0 0 0 0 0 1 0 0 0 0 0 0 0 0 0 0 0 0 0 0 0 0 0]
[2606016694885896315522881708756356856440088845116083456699879039793986031666285466063997593646528022741220702603674045616559459663677661711031752631199479498369596803918076847 0 0 0 0 0 0 0 0 0 0 0 0 0 0 0 0 0 0 0 0 0 0 0 0 0 0 0 0 0 0 0 0 0 0 0 0 0 0 0 0 1 0 0 0 0 0 0 0 0 0 0 0 0 0 0 0 0]
[1098238264723304353338002452243980731670690256041758552978744886390676959645002194627231192637956639641694683329494802449613491058359288804431721251466305085596676342641987844 0 0 0 0 0 0 0 0 0 0 0 0 0 0 0 0 0 0 0 0 0 0 0 0 0 0 0 0 0 0 0 0 0 0 0 0 0 0 0 0 0 1 0 0 0 0 0 0 0 0 0 0 0 0 0 0 0]
[1918033137292839460046353419844513086643058976944440966029281511319351579847251908858341800023920993454501434823170897909204643213649344743965112764652211322268244553362625851 0 0 0 0 0 0 0 0 0 0 0 0 0 0 0 0 0 0 0 0 0 0 0 0 0 0 0 0 0 0 0 0 0 0 0 0 0 0 0 0 0 0 1 0 0 0 0 0 0 0 0 0 0 0 0 0 0]
[2324015451087643717964467669771361523436888152995024400387819984116275063119595702521460258747684006573402960584245797034666245735277924564645718889825466729811176461850850614 0 0 0 0 0 0 0 0 0 0 0 0 0 0 0 0 0 0 0 0 0 0 0 0 0 0 0 0 0 0 0 0 0 0 0 0 0 0 0 0 0 0 0 1 0 0 0 0 0 0 0 0 0 0 0 0 0]
[612581727343910597969578966228543917279041403350621297568772716571124002049746091999347101263857926929643510648431413089643165142933302271743415541914823777651300469155469183 0 0 0 0 0 0 0 0 0 0 0 0 0 0 0 0 0 0 0 0 0 0 0 0 0 0 0 0 0 0 0 0 0 0 0 0 0 0 0 0 0 0 0 0 1 0 0 0 0 0 0 0 0 0 0 0 0]
[2650574004405448684033616826521078424153473023309797744571630692804286741027343719972524101154052792028891334224550891663388922736299151990454726773088350551134918490385327348 0 0 0 0 0 0 0 0 0 0 0 0 0 0 0 0 0 0 0 0 0 0 0 0 0 0 0 0 0 0 0 0 0 0 0 0 0 0 0 0 0 0 0 0 0 1 0 0 0 0 0 0 0 0 0 0 0]
[2331061722764669408564883406939723703150347484106972456394157642594625948829266321832271645548791427500192909675014931680313300249643604910753819831790807880713737417871987612 0 0 0 0 0 0 0 0 0 0 0 0 0 0 0 0 0 0 0 0 0 0 0 0 0 0 0 0 0 0 0 0 0 0 0 0 0 0 0 0 0 0 0 0 0 0 1 0 0 0 0 0 0 0 0 0 0]
[2294237942645082663961350807111308307054588731513885778898216373500914397315219526229560997447558966005164370594118049866931878625332936878144441730553239593384203080690408421 0 0 0 0 0 0 0 0 0 0 0 0 0 0 0 0 0 0 0 0 0 0 0 0 0 0 0 0 0 0 0 0 0 0 0 0 0 0 0 0 0 0 0 0 0 0 0 1 0 0 0 0 0 0 0 0 0]
[725485508119982057287885829212738970531780118320169816591614725494464839855242163303063423129198002372305837148336389264178216253589417918613021443387456998212589380886776486 0 0 0 0 0 0 0 0 0 0 0 0 0 0 0 0 0 0 0 0 0 0 0 0 0 0 0 0 0 0 0 0 0 0 0 0 0 0 0 0 0 0 0 0 0 0 0 0 1 0 0 0 0 0 0 0 0]
[1030198790738836797726451500326864127291648038229437771920212635553372427225030971705114856830661574129292519853181438228170662837267097623899575898440586531398010318271689833 0 0 0 0 0 0 0 0 0 0 0 0 0 0 0 0 0 0 0 0 0 0 0 0 0 0 0 0 0 0 0 0 0 0 0 0 0 0 0 0 0 0 0 0 0 0 0 0 0 1 0 0 0 0 0 0 0]
[1320261419882540042786442778383146788694681240401660260366603701702190445351193251642308711062954062988518251963674466756530731286265235360048884250799952120649983912941940045 0 0 0 0 0 0 0 0 0 0 0 0 0 0 0 0 0 0 0 0 0 0 0 0 0 0 0 0 0 0 0 0 0 0 0 0 0 0 0 0 0 0 0 0 0 0 0 0 0 0 1 0 0 0 0 0 0]
[2786655855348679489993246202376152015952001520678526216034295778160487653084995658020026791208402486708232181117829442982023650974160000217790820154083136089918815316681104519 0 0 0 0 0 0 0 0 0 0 0 0 0 0 0 0 0 0 0 0 0 0 0 0 0 0 0 0 0 0 0 0 0 0 0 0 0 0 0 0 0 0 0 0 0 0 0 0 0 0 0 1 0 0 0 0 0]
[1863787341974198538349959045852756622551746844433126030212453320957470258995158417268614423116757353577078789145495782211322991959671464154007441759115369003082597524115767231 0 0 0 0 0 0 0 0 0 0 0 0 0 0 0 0 0 0 0 0 0 0 0 0 0 0 0 0 0 0 0 0 0 0 0 0 0 0 0 0 0 0 0 0 0 0 0 0 0 0 0 0 1 0 0 0 0]
[1428778026011599735132588256531860230203573357633099994175879161928641070399166272648299910830789310435550713032776871038615913342521853317580817384717295570370024960998364687 0 0 0 0 0 0 0 0 0 0 0 0 0 0 0 0 0 0 0 0 0 0 0 0 0 0 0 0 0 0 0 0 0 0 0 0 0 0 0 0 0 0 0 0 0 0 0 0 0 0 0 0 0 1 0 0 0]
[2035077278702887235237125528563077722225602285950210887810605982358796049402979415330458699563032781633063495190291521214248628981408185479379121935699276684536392210104867643 0 0 0 0 0 0 0 0 0 0 0 0 0 0 0 0 0 0 0 0 0 0 0 0 0 0 0 0 0 0 0 0 0 0 0 0 0 0 0 0 0 0 0 0 0 0 0 0 0 0 0 0 0 0 1 0 0]
[2318674506278254859694327126280692163754193250097746694195021449011246187891959477923946451413333492656427056193771483965955856407895860204550443309529835124735340576530675396 0 0 0 0 0 0 0 0 0 0 0 0 0 0 0 0 0 0 0 0 0 0 0 0 0 0 0 0 0 0 0 0 0 0 0 0 0 0 0 0 0 0 0 0 0 0 0 0 0 0 0 0 0 0 0 1 0]
[1234593226920197304048543338300161839724201512745027020315556352343630427140740615917138546320326773970688355641131236548431962149327746719967962267932493771424818394191615667 0 0 0 0 0 0 0 0 0 0 0 0 0 0 0 0 0 0 0 0 0 0 0 0 0 0 0 0 0 0 0 0 0 0 0 0 0 0 0 0 0 0 0 0 0 0 0 0 0 0 0 0 0 0 0 0 1]
]
58 59 1
[1 1 1 1 1 1 1 1 1 1 1 1 1 1 1 1 1 1 1 1 1 1 1 1 1 1 1 1 1 1 1 1 1 1 1 1 1 1 1 1 1 1 1 1 1 1 1 1 1 1 1 1 1 1 1 1 1 1 1]
