[[3873034922109484949678064124351791799287100210521205174894844718824256501833309963601663840671184547344942707947521050421345364898648297466095236382065700890280195331194891053 0 0 0 0 0 0 0 0 0 0 0 0 0 0 0 0 0 0 0 0 0 0 0 0 0 0 0 0 0 0 0 0 0 0 0 0 0 0 0 0 0 0 0 0 0 0 0 0 0 0 0 0 0 0 0 0 0]
[2146718999790825290352860271648674932136552881013221577884025801837846986971236901954395793434878466251901569467097971982864443476707589191590717424302842409631183222028320824 1 0 0 0 0 0 0 0 0 0 0 0 0 0 0 0 0 0 0 0 0 0 0 0 0 0 0 0 0 0 0 0 0 0 0 0 0 0 0 0 0 0 0 0 0 0 0 0 0 0 0 0 0 0 0 0 0]
[1367774265930207676475554909004056022077961278208252831706454489456920076081999276319736102127236933716193088066204443983952074676856573593466964005398513090423040858010501534 0 1 0 0 0 0 0 0 0 0 0 0 0 0 0 0 0 0 0 0 0 0 0 0 0 0 0 0 0 0 0 0 0 0 0 0 0 0 0 0 0 0 0 0 0 0 0 0 0 0 0 0 0 0 0 0 0]
[1993716450403448065134024062156320721425536185843695437658880459911362856065468215538122432969173876089629281626699437378752331835598140280737689716828744792990048537026981979 0 0 1 0 0 0 0 0 0 0 0 0 0 0 0 0 0 0 0 0 0 0 0 0 0 0 0 0 0 0 0 0 0 0 0 0 0 0 0 0 0 0 0 0 0 0 0 0 0 0 0 0 0 0 0 0 0]
[949802486876251054824348753583418993163452698631186478546696766275722157582744843238891241023647000565417453107646398022677092274315564892427918331545089654253804555199816188 0 0 0 1 0 0 0 0 0 0 0 0 0 0 0 0 0 0 0 0 0 0 0 0 0 0 0 0 0 0 0 0 0 0 0 0 0 0 0 0 0 0 0 0 0 0 0 0 0 0 0 0 0 0 0 0 0]
[3107983487515496016641002823891075674466903581444381897437750898554453265798737214947779855617468912035670813317236110361146559045174148923137083079178324129847396001059758591 0 0 0 0 1 0 0 0 0 0 0 0 0 0 0 0 0 0 0 0 0 0 0 0 0 0 0 0 0 0 0 0 0 0 0 0 0 0 0 0 0 0 0 0 0 0 0 0 0 0 0 0 0 0 0 0 0]
[2964263640912283449994707240002200624664129251078418307702954156133534475109350319789273149959913445763006104913838522876955382617741777161133316308069440253911419230981833536 0 0 0 0 0 1 0 0 0 0 0 0 0 0 0 0 0 0 0 0 0 0 0 0 0 0 0 0 0 0 0 0 0 0 0 0 0 0 0 0 0 0 0 0 0 0 0 0 0 0 0 0 0 0 0 0 0]
[2020034914874902545429027513224951141782307280741490580221222690415708526130493462387672436519775103077185568305482619182794980560199901407072957268713307900846136456618852334 0 0 0 0 0 0 1 0 0 0 0 0 0 0 0 0 0 0 0 0 0 0 0 0 0 0 0 0 0 0 0 0 0 0 0 0 0 0 0 0 0 0 0 0 0 0 0 0 0 0 0 0 0 0 0 0 0]
[3576181543859499299905529963116450906351868943515366763881329081216603257242447183316329186597829070968085056976867376659858875013609881176549324304438129963084481571269199539 0 0 0 0 0 0 0 1 0 0 0 0 0 0 0 0 0 0 0 0 0 0 0 0 0 0 0 0 0 0 0 0 0 0 0 0 0 0 0 0 0 0 0 0 0 0 0 0 0 0 0 0 0 0 0 0 0]
[1631780029369331468570246566188059916604855535076986578810377083811428611254103651308389068890335369394650087751814592992677699308443695710336276994920017996008217989441566786 0 0 0 0 0 0 0 0 1 0 0 0 0 0 0 0 0 0 0 0 0 0 0 0 0 0 0 0 0 0 0 0 0 0 0 0 0 0 0 0 0 0 0 0 0 0 0 0 0 0 0 0 0 0 0 0 0]
[687684953312813979779705210019941224886060324863431134433647422102266020765472676046354866779540879467449943188255398699578559136925860847817150448925726446597246046856450205 0 0 0 0 0 0 0 0 0 1 0 0 0 0 0 0 0 0 0 0 0 0 0 0 0 0 0 0 0 0 0 0 0 0 0 0 0 0 0 0 0 0 0 0 0 0 0 0 0 0 0 0 0 0 0 0 0]
[2516952047238273212571098952243240111497121036162957924169603925895885602116549716421219698613102076167901802167224698785566410775361134468563621203558598081413521114718447378 0 0 0 0 0 0 0 0 0 0 1 0 0 0 0 0 0 0 0 0 0 0 0 0 0 0 0 0 0 0 0 0 0 0 0 0 0 0 0 0 0 0 0 0 0 0 0 0 0 0 0 0 0 0 0 0 0]
[18535899167400125479924739090387414838693044571965832258148664118447641109417654455139133009331825693318579660144295832832402691843679137064967537880849451535693250890975073 0 0 0 0 0 0 0 0 0 0 0 1 0 0 0 0 0 0 0 0 0 0 0 0 0 0 0 0 0 0 0 0 0 0 0 0 0 0 0 0 0 0 0 0 0 0 0 0 0 0 0 0 0 0 0 0 0]
[325643100628094598831594229752773781026144429585010546558031444478765970687187469538171041773539795999426963133166809962762963753858327813068285165133007947840136533785848724 0 0 0 0 0 0 0 0 0 0 0 0 1 0 0 0 0 0 0 0 0 0 0 0 0 0 0 0 0 0 0 0 0 0 0 0 0 0 0 0 0 0 0 0 0 0 0 0 0 0 0 0 0 0 0 0 0]
[1937187997922622832959720158352807645508626987022926115987586850527381840377015822876712933431354282721490642957214899942708236716308488186599497576780177810719621533604337511 0 0 0 0 0 0 0 0 0 0 0 0 0 1 0 0 0 0 0 0 0 0 0 0 0 0 0 0 0 0 0 0 0 0 0 0 0 0 0 0 0 0 0 0 0 0 0 0 0 0 0 0 0 0 0 0 0]
[2672298755797381200201001884048510550294049103498454788609910364390392599658576764391812893662325325468532438299287829814839788970198079006916486739855332554931383827759770866 0 0 0 0 0 0 0 0 0 0 0 0 0 0 1 0 0 0 0 0 0 0 0 0 0 0 0 0 0 0 0 0 0 0 0 0 0 0 0 0 0 0 0 0 0 0 0 0 0 0 0 0 0 0 0 0 0]
[942716963665523456975041733820081712204008910768862110035223770927804735782690630793670252451997724623018012511021552305191440395232032166839770349180949731757509092260513184 0 0 0 0 0 0 0 0 0 0 0 0 0 0 0 1 0 0 0 0 0 0 0 0 0 0 0 0 0 0 0 0 0 0 0 0 0 0 0 0 0 0 0 0 0 0 0 0 0 0 0 0 0 0 0 0 0]
[2318336558930089677675637052841853242641388380167782941382105412970760499298595131904547312846555381491266274884129615915653658665438928342185953801625701206953758582906946309 0 0 0 0 0 0 0 0 0 0 0 0 0 0 0 0 1 0 0 0 0 0 0 0 0 0 0 0 0 0 0 0 0 0 0 0 0 0 0 0 0 0 0 0 0 0 0 0 0 0 0 0 0 0 0 0 0]
[3566851930328528015800182038953439347442324080858526781780922085589886348774144504607825725828299403461986203299188784994527497985327079030537060355918076626288132353770426693 0 0 0 0 0 0 0 0 0 0 0 0 0 0 0 0 0 1 0 0 0 0 0 0 0 0 0 0 0 0 0 0 0 0 0 0 0 0 0 0 0 0 0 0 0 0 0 0 0 0 0 0 0 0 0 0 0]
[2352281870739811342193797469654502818541994920585202642908772495128090648486546679233998138458319811932606524269426460832450020137517092069858705832671603670372707146120983079 0 0 0 0 0 0 0 0 0 0 0 0 0 0 0 0 0 0 1 0 0 0 0 0 0 0 0 0 0 0 0 0 0 0 0 0 0 0 0 0 0 0 0 0 0 0 0 0 0 0 0 0 0 0 0 0 0]
[36873165297257359968141018092132979287659985469940285262134522367686507806996321963283139301316464811126352177644381160499028683711250448433917202484677369164659072206945905 0 0 0 0 0 0 0 0 0 0 0 0 0 0 0 0 0 0 0 1 0 0 0 0 0 0 0 0 0 0 0 0 0 0 0 0 0 0 0 0 0 0 0 0 0 0 0 0 0 0 0 0 0 0 0 0 0]
[421057814597074366499803514030089849243270592341689380780231991005134014583569973405337757932245378945314625652374785048816771115299617371403764901222007200852944286950892044 0 0 0 0 0 0 0 0 0 0 0 0 0 0 0 0 0 0 0 0 1 0 0 0 0 0 0 0 0 0 0 0 0 0 0 0 0 0 0 0 0 0 0 0 0 0 0 0 0 0 0 0 0 0 0 0 0]
[1303226664395162574002825710016778773975401261388737639488345855446855422255950424667862043558917194565568293148982638444975347544551535078805548406839634317944025203380571624 0 0 0 0 0 0 0 0 0 0 0 0 0 0 0 0 0 0 0 0 0 1 0 0 0 0 0 0 0 0 0 0 0 0 0 0 0 0 0 0 0 0 0 0 0 0 0 0 0 0 0 0 0 0 0 0 0]
[1166835626205273261066840415902680426368232234660221296849682370614720407722527674396794313627771964410157025265842023773023857644420602295937785346593164870062512534452237686 0 0 0 0 0 0 0 0 0 0 0 0 0 0 0 0 0 0 0 0 0 0 1 0 0 0 0 0 0 0 0 0 0 0 0 0 0 0 0 0 0 0 0 0 0 0 0 0 0 0 0 0 0 0 0 0 0]
[346344362588448506046830463294332986014498466347582985715431684174079450553609802786818411471136243927342776696657448120295213292411219339892823010347466057552711467144994743 0 0 0 0 0 0 0 0 0 0 0 0 0 0 0 0 0 0 0 0 0 0 0 1 0 0 0 0 0 0 0 0 0 0 0 0 0 0 0 0 0 0 0 0 0 0 0 0 0 0 0 0 0 0 0 0 0]
[251675174190816751989107070835827609378614679043786215729450676823014934343471611034117408267016529985852966317341153092271380822636376580765933270051381378062566623428932236 0 0 0 0 0 0 0 0 0 0 0 0 0 0 0 0 0 0 0 0 0 0 0 0 1 0 0 0 0 0 0 0 0 0 0 0 0 0 0 0 0 0 0 0 0 0 0 0 0 0 0 0 0 0 0 0 0]
[1346190356365230673921810293170666435831376211035850544336669540827837656958795891885881246070021826201218179038594926691242832929746146467454103776970148081049897316183408563 0 0 0 0 0 0 0 0 0 0 0 0 0 0 0 0 0 0 0 0 0 0 0 0 0 1 0 0 0 0 0 0 0 0 0 0 0 0 0 0 0 0 0 0 0 0 0 0 0 0 0 0 0 0 0 0 0]
[3075030515645586600295320185934911134294271890867824444323323994233563922476550180975137417424097038548287420499185696655000650923505622646288276701812320846649591443989841118 0 0 0 0 0 0 0 0 0 0 0 0 0 0 0 0 0 0 0 0 0 0 0 0 0 0 1 0 0 0 0 0 0 0 0 0 0 0 0 0 0 0 0 0 0 0 0 0 0 0 0 0 0 0 0 0 0]
[488443828815010596926628666199488085014601267745675179566451026758272183198084644472838417744590521435870295369791094786896881555264349438100012773885804322242285854292239237 0 0 0 0 0 0 0 0 0 0 0 0 0 0 0 0 0 0 0 0 0 0 0 0 0 0 0 1 0 0 0 0 0 0 0 0 0 0 0 0 0 0 0 0 0 0 0 0 0 0 0 0 0 0 0 0 0]
[2720333890474738727174441659777238331211183948820489940361463828042267825244417887783602549981617571955204100831348292660903347706927755042042774405633964489679199497599876442 0 0 0 0 0 0 0 0 0 0 0 0 0 0 0 0 0 0 0 0 0 0 0 0 0 0 0 0 1 0 0 0 0 0 0 0 0 0 0 0 0 0 0 0 0 0 0 0 0 0 0 0 0 0 0 0 0]
[3783701297535861524180345710740345439610551310797000443948116951093865367402018983340258190987437412563727798653468319145642928280294386728460851677510898908045747981186343708 0 0 0 0 0 0 0 0 0 0 0 0 0 0 0 0 0 0 0 0 0 0 0 0 0 0 0 0 0 1 0 0 0 0 0 0 0 0 0 0 0 0 0 0 0 0 0 0 0 0 0 0 0 0 0 0 0]
[550599974634744577239497093983258310653795119117583233376709055640756846481127605813057553105760053527704663989635171096818516307399043653332388396065693435544583286211826808 0 0 0 0 0 0 0 0 0 0 0 0 0 0 0 0 0 0 0 0 0 0 0 0 0 0 0 0 0 0 1 0 0 0 0 0 0 0 0 0 0 0 0 0 0 0 0 0 0 0 0 0 0 0 0 0 0]
[1547041252408983283862679171090504707805994570678267103639937676342017610107604579680001172715464853726907198146364353289081255840917683326275071944236599995114555997979939085 0 0 0 0 0 0 0 0 0 0 0 0 0 0 0 0 0 0 0 0 0 0 0 0 0 0 0 0 0 0 0 1 0 0 0 0 0 0 0 0 0 0 0 0 0 0 0 0 0 0 0 0 0 0 0 0 0]
[958633686769421848383132367622725999287497610909010094165784059626893107205635971671452444486143348900034584123871612805833114287875221548723547062582250231255320477345590738 0 0 0 0 0 0 0 0 0 0 0 0 0 0 0 0 0 0 0 0 0 0 0 0 0 0 0 0 0 0 0 0 1 0 0 0 0 0 0 0 0 0 0 0 0 0 0 0 0 0 0 0 0 0 0 0 0]
[1810274352589024193708382618912855987212581833084922804420603832070471693325599413672409622064250261153419976725625738698470072867721595934229007791035432573148837458171289691 0 0 0 0 0 0 0 0 0 0 0 0 0 0 0 0 0 0 0 0 0 0 0 0 0 0 0 0 0 0 0 0 0 1 0 0 0 0 0 0 0 0 0 0 0 0 0 0 0 0 0 0 0 0 0 0 0]
[2500364186769794788143917333033771940737180892840197957073436619480126749381107571200872882923533985581744521334403768016999253364463325796668590301202563630343361832550509321 0 0 0 0 0 0 0 0 0 0 0 0 0 0 0 0 0 0 0 0 0 0 0 0 0 0 0 0 0 0 0 0 0 0 1 0 0 0 0 0 0 0 0 0 0 0 0 0 0 0 0 0 0 0 0 0 0]
[302655902406417081725481515225939407233797318550677745734528953330896782348422690524158520546914901336038734677926038297142796448198987372188865916453482151701819873697821606 0 0 0 0 0 0 0 0 0 0 0 0 0 0 0 0 0 0 0 0 0 0 0 0 0 0 0 0 0 0 0 0 0 0 0 1 0 0 0 0 0 0 0 0 0 0 0 0 0 0 0 0 0 0 0 0 0]
[878227340359674885652789062145389516950954590926734534834432619473032072828673242729986302586049451260911881797015583582778955009328907787467968481239915564636031016742582038 0 0 0 0 0 0 0 0 0 0 0 0 0 0 0 0 0 0 0 0 0 0 0 0 0 0 0 0 0 0 0 0 0 0 0 0 1 0 0 0 0 0 0 0 0 0 0 0 0 0 0 0 0 0 0 0 0]
[1189942625628338475868600817708382563293148080611379622013867156817963645751224996626423444542134261069086426776878326376006155767433061708979613649205508840616852123627614455 0 0 0 0 0 0 0 0 0 0 0 0 0 0 0 0 0 0 0 0 0 0 0 0 0 0 0 0 0 0 0 0 0 0 0 0 0 1 0 0 0 0 0 0 0 0 0 0 0 0 0 0 0 0 0 0 0]
[2093044541889903252239139706779014137667160838244600612210989633810953471731017899689677181867828617233188785623599378940080707306266396157179703389248948234468430716854315591 0 0 0 0 0 0 0 0 0 0 0 0 0 0 0 0 0 0 0 0 0 0 0 0 0 0 0 0 0 0 0 0 0 0 0 0 0 0 1 0 0 0 0 0 0 0 0 0 0 0 0 0 0 0 0 0 0]
[790953776780628663923251112214663152496987970270042758496258988480010598550930187256219158571397244910869358789131211506376601726236125635338258662441095103366514974245483698 0 0 0 0 0 0 0 0 0 0 0 0 0 0 0 0 0 0 0 0 0 0 0 0 0 0 0 0 0 0 0 0 0 0 0 0 0 0 0 1 0 0 0 0 0 0 0 0 0 0 0 0 0 0 0 0 0]
[3023867823903452035736558271690566365300037028111640531385771920423712261382218498458724578433132558396733089211832486002305606680363991966829018315008967508717282730037582800 0 0 0 0 0 0 0 0 0 0 0 0 0 0 0 0 0 0 0 0 0 0 0 0 0 0 0 0 0 0 0 0 0 0 0 0 0 0 0 0 1 0 0 0 0 0 0 0 0 0 0 0 0 0 0 0 0]
[3446226270352576520702546713049704727062788111298977902594422910251765558713106584489445248766900277415814448070072593572098566095761270260321411760518800333516208026574432289 0 0 0 0 0 0 0 0 0 0 0 0 0 0 0 0 0 0 0 0 0 0 0 0 0 0 0 0 0 0 0 0 0 0 0 0 0 0 0 0 0 1 0 0 0 0 0 0 0 0 0 0 0 0 0 0 0]
[2105982282631778717892862158512801360632614681086300954011784483613221528455771626746686029819008017088548331948324464496576189616149299658229582819579267125896972868706326607 0 0 0 0 0 0 0 0 0 0 0 0 0 0 0 0 0 0 0 0 0 0 0 0 0 0 0 0 0 0 0 0 0 0 0 0 0 0 0 0 0 0 1 0 0 0 0 0 0 0 0 0 0 0 0 0 0]
[750046673190139705556563643688961030972096143248733251449004246627049602272555052330872178689200344855241460939540410140954653397896909233813545113121935221900031769755064249 0 0 0 0 0 0 0 0 0 0 0 0 0 0 0 0 0 0 0 0 0 0 0 0 0 0 0 0 0 0 0 0 0 0 0 0 0 0 0 0 0 0 0 1 0 0 0 0 0 0 0 0 0 0 0 0 0]
[1618461490248843016196538123732074578439784297527626836940445721933670782183231194117425070385943811577651634227741860778515264092828396422239681067989950256421461381064203242 0 0 0 0 0 0 0 0 0 0 0 0 0 0 0 0 0 0 0 0 0 0 0 0 0 0 0 0 0 0 0 0 0 0 0 0 0 0 0 0 0 0 0 0 1 0 0 0 0 0 0 0 0 0 0 0 0]
[1829846413643841054588774357480108878964453830537203942754743628168960703038708005782125701741862777397314909192641299320249600219531394955645177612153643834961077504852617949 0 0 0 0 0 0 0 0 0 0 0 0 0 0 0 0 0 0 0 0 0 0 0 0 0 0 0 0 0 0 0 0 0 0 0 0 0 0 0 0 0 0 0 0 0 1 0 0 0 0 0 0 0 0 0 0 0]
[1087850930761353446982166652815825925627255027633625872340537319196326320791279191916077638472571120460226110097654555625839717788130185460300987520383623413559511930012442905 0 0 0 0 0 0 0 0 0 0 0 0 0 0 0 0 0 0 0 0 0 0 0 0 0 0 0 0 0 0 0 0 0 0 0 0 0 0 0 0 0 0 0 0 0 0 1 0 0 0 0 0 0 0 0 0 0]
[613678651672252907418050617032301612114218412460462619355468485399984796262190683909030533105395670643042563931089360310474512882228806622052483568208373685216562331086120084 0 0 0 0 0 0 0 0 0 0 0 0 0 0 0 0 0 0 0 0 0 0 0 0 0 0 0 0 0 0 0 0 0 0 0 0 0 0 0 0 0 0 0 0 0 0 0 1 0 0 0 0 0 0 0 0 0]
[2299051396843120182881559124390582489678459389250250076551809982326294545570172282877431292510917011972806526461589038136330380001420338863237058946764418889309256175867520177 0 0 0 0 0 0 0 0 0 0 0 0 0 0 0 0 0 0 0 0 0 0 0 0 0 0 0 0 0 0 0 0 0 0 0 0 0 0 0 0 0 0 0 0 0 0 0 0 1 0 0 0 0 0 0 0 0]
[1766538856247136991110169237429315182591424735221902599450686976037019693687707836320482287836313003073581944103522283429877061271978413200007334389623773658870754711595123424 0 0 0 0 0 0 0 0 0 0 0 0 0 0 0 0 0 0 0 0 0 0 0 0 0 0 0 0 0 0 0 0 0 0 0 0 0 0 0 0 0 0 0 0 0 0 0 0 0 1 0 0 0 0 0 0 0]
[719067229120446760371744461928874389308446808338522198691132720229194311643783515627748622638693039367185853729654348217570082199101281162085397406452207345806192129698086283 0 0 0 0 0 0 0 0 0 0 0 0 0 0 0 0 0 0 0 0 0 0 0 0 0 0 0 0 0 0 0 0 0 0 0 0 0 0 0 0 0 0 0 0 0 0 0 0 0 0 1 0 0 0 0 0 0]
[606180215277235847734096524199944199944516218311650610154049256526245358496925879535830871070375581978147466606179312949303008052249818481376213880781838788577589781681571435 0 0 0 0 0 0 0 0 0 0 0 0 0 0 0 0 0 0 0 0 0 0 0 0 0 0 0 0 0 0 0 0 0 0 0 0 0 0 0 0 0 0 0 0 0 0 0 0 0 0 0 1 0 0 0 0 0]
[2938728229114978225180497108392403674217035669108693672592795986819958427980133832167311599826957372073216901108191443684127026230426885249755711773739879713130382773558335868 0 0 0 0 0 0 0 0 0 0 0 0 0 0 0 0 0 0 0 0 0 0 0 0 0 0 0 0 0 0 0 0 0 0 0 0 0 0 0 0 0 0 0 0 0 0 0 0 0 0 0 0 1 0 0 0 0]
[2860551388939571676503825333897623529363138115326494296852346393558337336147322245181513036566389689329986379128923135190632005250868351541015576257802442823630183957150511397 0 0 0 0 0 0 0 0 0 0 0 0 0 0 0 0 0 0 0 0 0 0 0 0 0 0 0 0 0 0 0 0 0 0 0 0 0 0 0 0 0 0 0 0 0 0 0 0 0 0 0 0 0 1 0 0 0]
[2531743331002678768910987046217034396247738439294862876910476275730901116936724177296442364945241105293770241248461511440719287187997930172360402483216905466841488943123772016 0 0 0 0 0 0 0 0 0 0 0 0 0 0 0 0 0 0 0 0 0 0 0 0 0 0 0 0 0 0 0 0 0 0 0 0 0 0 0 0 0 0 0 0 0 0 0 0 0 0 0 0 0 0 1 0 0]
[1371323175142636296949771205346843727837381971280883774685359426825994248535346269575180151892730778784854379266638168605487147801137326041694402188303863488297399361409547670 0 0 0 0 0 0 0 0 0 0 0 0 0 0 0 0 0 0 0 0 0 0 0 0 0 0 0 0 0 0 0 0 0 0 0 0 0 0 0 0 0 0 0 0 0 0 0 0 0 0 0 0 0 0 0 1 0]
[2091117204630935753821458705702103352758875765420946747016012492560133805161289654109186315047544151316723946925335447477363109836204956967697360383421829259955887859827636522 0 0 0 0 0 0 0 0 0 0 0 0 0 0 0 0 0 0 0 0 0 0 0 0 0 0 0 0 0 0 0 0 0 0 0 0 0 0 0 0 0 0 0 0 0 0 0 0 0 0 0 0 0 0 0 0 1]
]
58 59 4
[1 1 1 1 1 1 1 1 1 1 1 1 1 1 1 1 1 1 1 1 1 1 1 1 1 1 1 1 1 1 1 1 1 1 1 1 1 1 1 1 1 1 1 1 1 1 1 1 1 1 1 1 1 1 1 1 1 1 1]
