[[3952978094046176707015964294107244751313259789038201864186534778794020753195137885595069797330706232691599353930405088659349827196554647367434427428164831243469962354655766559 0 0 0 0 0 0 0 0 0 0 0 0 0 0 0 0 0 0 0 0 0 0 0 0 0 0 0 0 0 0 0 0 0 0 0 0 0 0 0 0 0 0 0 0 0 0 0 0 0 0 0 0 0 0 0 0 0]
[2270923023839365978375116995082842805479232680430104517137180714316314136073266521202259625441813930098974789638611962830914360638591699459865368947649989036834272971102083005 1 0 0 0 0 0 0 0 0 0 0 0 0 0 0 0 0 0 0 0 0 0 0 0 0 0 0 0 0 0 0 0 0 0 0 0 0 0 0 0 0 0 0 0 0 0 0 0 0 0 0 0 0 0 0 0 0]
[1513872642548637012106089431620621151502385003102904491242011028971740556123919530236049289133875063526824887329503998096960927760765935363711854177215288271874008756905471325 0 1 0 0 0 0 0 0 0 0 0 0 0 0 0 0 0 0 0 0 0 0 0 0 0 0 0 0 0 0 0 0 0 0 0 0 0 0 0 0 0 0 0 0 0 0 0 0 0 0 0 0 0 0 0 0 0]
[3296619894188746255432558567254215202406603817556816473408607759955173705897762674131647629605524033276549975938830417314364351128896219629066647534924913580847251271140063838 0 0 1 0 0 0 0 0 0 0 0 0 0 0 0 0 0 0 0 0 0 0 0 0 0 0 0 0 0 0 0 0 0 0 0 0 0 0 0 0 0 0 0 0 0 0 0 0 0 0 0 0 0 0 0 0 0]
[3663681347988013132252941503774764318675960234191875854389531354461574770534146291518707026862774279963146123492500438289440682433525615699783148718107899194579424844316567169 0 0 0 1 0 0 0 0 0 0 0 0 0 0 0 0 0 0 0 0 0 0 0 0 0 0 0 0 0 0 0 0 0 0 0 0 0 0 0 0 0 0 0 0 0 0 0 0 0 0 0 0 0 0 0 0 0]
[2399535881602312729017963388675047024101053360571762968845756738956889124413401969146011877884267239835727461026870357485023352544986060712609660294978958497847995463608028790 0 0 0 0 1 0 0 0 0 0 0 0 0 0 0 0 0 0 0 0 0 0 0 0 0 0 0 0 0 0 0 0 0 0 0 0 0 0 0 0 0 0 0 0 0 0 0 0 0 0 0 0 0 0 0 0 0]
[3050989667094242460532369437898272105294900597701673738614528774593071654366019250961544819288454058561228206453207131128604173584883539268827791936065225310397153787869734567 0 0 0 0 0 1 0 0 0 0 0 0 0 0 0 0 0 0 0 0 0 0 0 0 0 0 0 0 0 0 0 0 0 0 0 0 0 0 0 0 0 0 0 0 0 0 0 0 0 0 0 0 0 0 0 0 0]
[1847185695249944406636441546657514031798461713476038779667454205967593129821163757522925388406246852360144664511126405045868842732739225861671483118722190350272496098702366739 0 0 0 0 0 0 1 0 0 0 0 0 0 0 0 0 0 0 0 0 0 0 0 0 0 0 0 0 0 0 0 0 0 0 0 0 0 0 0 0 0 0 0 0 0 0 0 0 0 0 0 0 0 0 0 0 0]
[3319028697729854878536395918861544308317817359815849465860833614714597686140152741523967702831953600663640510277256232017926783603072200880065804814080142986459997415935444503 0 0 0 0 0 0 0 1 0 0 0 0 0 0 0 0 0 0 0 0 0 0 0 0 0 0 0 0 0 0 0 0 0 0 0 0 0 0 0 0 0 0 0 0 0 0 0 0 0 0 0 0 0 0 0 0 0]
[2383750202641937609510332796608818449532065379960577995995564809086974360250895758444308568871003677080583311132979395822210123190455426551666949931501192324156388722715735383 0 0 0 0 0 0 0 0 1 0 0 0 0 0 0 0 0 0 0 0 0 0 0 0 0 0 0 0 0 0 0 0 0 0 0 0 0 0 0 0 0 0 0 0 0 0 0 0 0 0 0 0 0 0 0 0 0]
[1532438922635505417212675216726159506660935700808347179437779195005312850146193902765470755146046365332280556732030117622035211229375493147174357743993423486344006652058204643 0 0 0 0 0 0 0 0 0 1 0 0 0 0 0 0 0 0 0 0 0 0 0 0 0 0 0 0 0 0 0 0 0 0 0 0 0 0 0 0 0 0 0 0 0 0 0 0 0 0 0 0 0 0 0 0 0]
[1247871083898920291835355446786564537243811641905370484027717963077295688371353076295444846902883149732664331536433756821348813635058124910019799338296421776541048388224268583 0 0 0 0 0 0 0 0 0 0 1 0 0 0 0 0 0 0 0 0 0 0 0 0 0 0 0 0 0 0 0 0 0 0 0 0 0 0 0 0 0 0 0 0 0 0 0 0 0 0 0 0 0 0 0 0 0]
[1769565052216556469602187328608097643998960191524324201776726739443354396691910480992289382772157527880624479763578443745901258959415735798966553772171047105128392314840066028 0 0 0 0 0 0 0 0 0 0 0 1 0 0 0 0 0 0 0 0 0 0 0 0 0 0 0 0 0 0 0 0 0 0 0 0 0 0 0 0 0 0 0 0 0 0 0 0 0 0 0 0 0 0 0 0 0]
[2425002556911861832820658493629748730852489396378325277558934466500101162810233636506819762031924618419533208494733446833062168867179796901201932549027462360004755068198400570 0 0 0 0 0 0 0 0 0 0 0 0 1 0 0 0 0 0 0 0 0 0 0 0 0 0 0 0 0 0 0 0 0 0 0 0 0 0 0 0 0 0 0 0 0 0 0 0 0 0 0 0 0 0 0 0 0]
[2962708092247420481798494595924927572154275260227574145155771466513190338211169846115217968519737459213943192131262105689314653506200442116040494870850652614335073035521903095 0 0 0 0 0 0 0 0 0 0 0 0 0 1 0 0 0 0 0 0 0 0 0 0 0 0 0 0 0 0 0 0 0 0 0 0 0 0 0 0 0 0 0 0 0 0 0 0 0 0 0 0 0 0 0 0 0]
[1767027534238212664578213339302574104364025543656595483420496207928428512951709055212103759539562170168126183848832252370371316383934688339223010621135289213127370241138537796 0 0 0 0 0 0 0 0 0 0 0 0 0 0 1 0 0 0 0 0 0 0 0 0 0 0 0 0 0 0 0 0 0 0 0 0 0 0 0 0 0 0 0 0 0 0 0 0 0 0 0 0 0 0 0 0 0]
[1964195622191005682145896970459149103683128682929508154942229307427723816731443714130946626155411495575180307162869595659725830262385312598886669459722558921122139418025525519 0 0 0 0 0 0 0 0 0 0 0 0 0 0 0 1 0 0 0 0 0 0 0 0 0 0 0 0 0 0 0 0 0 0 0 0 0 0 0 0 0 0 0 0 0 0 0 0 0 0 0 0 0 0 0 0 0]
[1065654160156222199521612532521532598831928135794957809466021558896550625259178116946226261973971096973889550077240153614514462307190383416131497542978618242913629955748295417 0 0 0 0 0 0 0 0 0 0 0 0 0 0 0 0 1 0 0 0 0 0 0 0 0 0 0 0 0 0 0 0 0 0 0 0 0 0 0 0 0 0 0 0 0 0 0 0 0 0 0 0 0 0 0 0 0]
[1985729527476886190166820120251126383975213033016970780040753319922590430472473240678128479472389624579101817289223343834191877539174744160752059297084064256514373928604302136 0 0 0 0 0 0 0 0 0 0 0 0 0 0 0 0 0 1 0 0 0 0 0 0 0 0 0 0 0 0 0 0 0 0 0 0 0 0 0 0 0 0 0 0 0 0 0 0 0 0 0 0 0 0 0 0 0]
[3622915655639136854850924474970366445546207235155834442094359985116252197114778452832869684523332355307434661188836279766409570545093869773959739648764267748519370805518371953 0 0 0 0 0 0 0 0 0 0 0 0 0 0 0 0 0 0 1 0 0 0 0 0 0 0 0 0 0 0 0 0 0 0 0 0 0 0 0 0 0 0 0 0 0 0 0 0 0 0 0 0 0 0 0 0 0]
[1268815480694567686006812859753957355002976591347672214238715108474453679884981890476318769748559386186396662830997728787772023810280873556444865685192839746311124611831580783 0 0 0 0 0 0 0 0 0 0 0 0 0 0 0 0 0 0 0 1 0 0 0 0 0 0 0 0 0 0 0 0 0 0 0 0 0 0 0 0 0 0 0 0 0 0 0 0 0 0 0 0 0 0 0 0 0]
[347208139750886515418658010704083146588486856486443041750060879293423455126807860816438477181056425084497594383278132667591957442273473249886605766255369646902286018554891711 0 0 0 0 0 0 0 0 0 0 0 0 0 0 0 0 0 0 0 0 1 0 0 0 0 0 0 0 0 0 0 0 0 0 0 0 0 0 0 0 0 0 0 0 0 0 0 0 0 0 0 0 0 0 0 0 0]
[3182589787335399571866135069660082966978970407840968667091557852806043095973595662266138551319080987708202856476642622516791662974493226369572285491442276075184318104438296533 0 0 0 0 0 0 0 0 0 0 0 0 0 0 0 0 0 0 0 0 0 1 0 0 0 0 0 0 0 0 0 0 0 0 0 0 0 0 0 0 0 0 0 0 0 0 0 0 0 0 0 0 0 0 0 0 0]
[1962229108266238491871042498784468350791137749203181265031029983644305852979351072424175510273702791412657879776919888690668715723527156378433653528422696818400011105873537340 0 0 0 0 0 0 0 0 0 0 0 0 0 0 0 0 0 0 0 0 0 0 1 0 0 0 0 0 0 0 0 0 0 0 0 0 0 0 0 0 0 0 0 0 0 0 0 0 0 0 0 0 0 0 0 0 0]
[2576836477998523731934459077162332205659538352541741447493058345376138708285022522727870382030493060092779114763302757516844555996076468461562182580341899796553758024869422006 0 0 0 0 0 0 0 0 0 0 0 0 0 0 0 0 0 0 0 0 0 0 0 1 0 0 0 0 0 0 0 0 0 0 0 0 0 0 0 0 0 0 0 0 0 0 0 0 0 0 0 0 0 0 0 0 0]
[3378034302648043247686336318549769453099463366336869226786439538229099482867720241589535480548975644170502789626664866846871853613742948365930829434588963516973271986123258837 0 0 0 0 0 0 0 0 0 0 0 0 0 0 0 0 0 0 0 0 0 0 0 0 1 0 0 0 0 0 0 0 0 0 0 0 0 0 0 0 0 0 0 0 0 0 0 0 0 0 0 0 0 0 0 0 0]
[3536430391345030778984542645183042890854512214080300563766125931968890767330612798004800698712621541650611901076953810581606304778700872119548201440401008567990541737289047538 0 0 0 0 0 0 0 0 0 0 0 0 0 0 0 0 0 0 0 0 0 0 0 0 0 1 0 0 0 0 0 0 0 0 0 0 0 0 0 0 0 0 0 0 0 0 0 0 0 0 0 0 0 0 0 0 0]
[3417236477790619614297221071528713183333911044048383828677656194413557402213959996225926422457782324821566701484516865728962411828181541572804901673932171770480152177510526047 0 0 0 0 0 0 0 0 0 0 0 0 0 0 0 0 0 0 0 0 0 0 0 0 0 0 1 0 0 0 0 0 0 0 0 0 0 0 0 0 0 0 0 0 0 0 0 0 0 0 0 0 0 0 0 0 0]
[2878618936754572415080929109619805053990968672461724706608449043077845675690752526366186724504827832966784596367959014338684963950046462770367119523299734766461656432516699518 0 0 0 0 0 0 0 0 0 0 0 0 0 0 0 0 0 0 0 0 0 0 0 0 0 0 0 1 0 0 0 0 0 0 0 0 0 0 0 0 0 0 0 0 0 0 0 0 0 0 0 0 0 0 0 0 0]
[1436448035810882069259651789539545180201214832977343581953460303689603672057954348921769021037086754974613565514279381306062556173148928295419400531358786198482982283956066416 0 0 0 0 0 0 0 0 0 0 0 0 0 0 0 0 0 0 0 0 0 0 0 0 0 0 0 0 1 0 0 0 0 0 0 0 0 0 0 0 0 0 0 0 0 0 0 0 0 0 0 0 0 0 0 0 0]
[3645601278326084444723626848438836529587810474706130206246738089410159147298801859024269056646591202987682719922466680266330602142591161090965310828850982839774648481214059068 0 0 0 0 0 0 0 0 0 0 0 0 0 0 0 0 0 0 0 0 0 0 0 0 0 0 0 0 0 1 0 0 0 0 0 0 0 0 0 0 0 0 0 0 0 0 0 0 0 0 0 0 0 0 0 0 0]
[2667541098118790717018556936403342992732744157318954923112149829541481753882817448104679849467351115560640654218313052089451705697484487499799327824547947048076780202336166769 0 0 0 0 0 0 0 0 0 0 0 0 0 0 0 0 0 0 0 0 0 0 0 0 0 0 0 0 0 0 1 0 0 0 0 0 0 0 0 0 0 0 0 0 0 0 0 0 0 0 0 0 0 0 0 0 0]
[3320665830234626517857859461530267696796350968324572386103260926021187175014931942421140614952995175175705862555302248476340576716902296728202908665919927246683214414398192172 0 0 0 0 0 0 0 0 0 0 0 0 0 0 0 0 0 0 0 0 0 0 0 0 0 0 0 0 0 0 0 1 0 0 0 0 0 0 0 0 0 0 0 0 0 0 0 0 0 0 0 0 0 0 0 0 0]
[1562297183159006443273416534207400552709505038534781878289536745064257911065625474902173492234174699310440501648911693246710624105453261857542560585310182846206909996356752038 0 0 0 0 0 0 0 0 0 0 0 0 0 0 0 0 0 0 0 0 0 0 0 0 0 0 0 0 0 0 0 0 1 0 0 0 0 0 0 0 0 0 0 0 0 0 0 0 0 0 0 0 0 0 0 0 0]
[3273572489080593832338853785812880364029316456511736602604722834802964644300328235986690702609095246062356787892977583658068229003196600213249880449927979471612379206741633707 0 0 0 0 0 0 0 0 0 0 0 0 0 0 0 0 0 0 0 0 0 0 0 0 0 0 0 0 0 0 0 0 0 1 0 0 0 0 0 0 0 0 0 0 0 0 0 0 0 0 0 0 0 0 0 0 0]
[970087723237519398985127621058875643373137179024273501974207763644898857242369735399726009031527325368779703913728543164888664587908577556816291521004390269513480658072494833 0 0 0 0 0 0 0 0 0 0 0 0 0 0 0 0 0 0 0 0 0 0 0 0 0 0 0 0 0 0 0 0 0 0 1 0 0 0 0 0 0 0 0 0 0 0 0 0 0 0 0 0 0 0 0 0 0]
[3164641055457101462363434195705511395870311780188262297019748149407413518434775906336763118001307070940021315212000254435635817995223917034611218514330356548703451821765412553 0 0 0 0 0 0 0 0 0 0 0 0 0 0 0 0 0 0 0 0 0 0 0 0 0 0 0 0 0 0 0 0 0 0 0 1 0 0 0 0 0 0 0 0 0 0 0 0 0 0 0 0 0 0 0 0 0]
[3201698067034606952051628279083382623200931105655912241518646819464313666418513955625989486422770572665929375434980088923322543691227034286551390539352551962482925878653999597 0 0 0 0 0 0 0 0 0 0 0 0 0 0 0 0 0 0 0 0 0 0 0 0 0 0 0 0 0 0 0 0 0 0 0 0 1 0 0 0 0 0 0 0 0 0 0 0 0 0 0 0 0 0 0 0 0]
[1338612550102321873169018511417501645278194777646436998842911431500033754193354121673062180700155093999304043750390590735448215383098851557882640574926796383827968662213620391 0 0 0 0 0 0 0 0 0 0 0 0 0 0 0 0 0 0 0 0 0 0 0 0 0 0 0 0 0 0 0 0 0 0 0 0 0 1 0 0 0 0 0 0 0 0 0 0 0 0 0 0 0 0 0 0 0]
[2098829530588414351412085666498341955505793173166301818903352216264934552296028540449737220524674692646112385797367911684456792100295982943619192307910411498563483989399182746 0 0 0 0 0 0 0 0 0 0 0 0 0 0 0 0 0 0 0 0 0 0 0 0 0 0 0 0 0 0 0 0 0 0 0 0 0 0 1 0 0 0 0 0 0 0 0 0 0 0 0 0 0 0 0 0 0]
[1027520205827317490403018284094545760926046918046006247296990931128643172438443445878748846125615318062977675784323679812891219678794248350881170972832909631721105181495998268 0 0 0 0 0 0 0 0 0 0 0 0 0 0 0 0 0 0 0 0 0 0 0 0 0 0 0 0 0 0 0 0 0 0 0 0 0 0 0 1 0 0 0 0 0 0 0 0 0 0 0 0 0 0 0 0 0]
[2597413630889471238576553910187727821556577708529051338621345229910266984883962624229406951248483214989867424606856576703269120003899197651191080638573020047629419697387644712 0 0 0 0 0 0 0 0 0 0 0 0 0 0 0 0 0 0 0 0 0 0 0 0 0 0 0 0 0 0 0 0 0 0 0 0 0 0 0 0 1 0 0 0 0 0 0 0 0 0 0 0 0 0 0 0 0]
[2209581002900563379638265544354108519356562687802181749961817444887426627642893322147726259647204560057019232933392134275640490237396311501573630985080212951790953072629921063 0 0 0 0 0 0 0 0 0 0 0 0 0 0 0 0 0 0 0 0 0 0 0 0 0 0 0 0 0 0 0 0 0 0 0 0 0 0 0 0 0 1 0 0 0 0 0 0 0 0 0 0 0 0 0 0 0]
[3404124148710223585747542025944753553122789035486369335399364870457912877304492459476408741875304848462334780905844235268365669541100091137083306949794711897847516850274910845 0 0 0 0 0 0 0 0 0 0 0 0 0 0 0 0 0 0 0 0 0 0 0 0 0 0 0 0 0 0 0 0 0 0 0 0 0 0 0 0 0 0 1 0 0 0 0 0 0 0 0 0 0 0 0 0 0]
[1263236789357266337666591575577265403616532528062237410296625347128669788439458921044283576522077601620654329475266538203856495745409825028692413423629645655052574993470437431 0 0 0 0 0 0 0 0 0 0 0 0 0 0 0 0 0 0 0 0 0 0 0 0 0 0 0 0 0 0 0 0 0 0 0 0 0 0 0 0 0 0 0 1 0 0 0 0 0 0 0 0 0 0 0 0 0]
[263147508808249885704001541325523124673268799963170845728436544049768656913788668214717358265611031605936520618450737715549708160509880546928729318533346787599319244164126550 0 0 0 0 0 0 0 0 0 0 0 0 0 0 0 0 0 0 0 0 0 0 0 0 0 0 0 0 0 0 0 0 0 0 0 0 0 0 0 0 0 0 0 0 1 0 0 0 0 0 0 0 0 0 0 0 0]
[1351495997295772654756516074736974483920446961098022645157235429671840211474279665363132118779060488160395609851133306706360481553860839280287216921570033125904714825893869012 0 0 0 0 0 0 0 0 0 0 0 0 0 0 0 0 0 0 0 0 0 0 0 0 0 0 0 0 0 0 0 0 0 0 0 0 0 0 0 0 0 0 0 0 0 1 0 0 0 0 0 0 0 0 0 0 0]
[2757095087072658216344041400529018778097008149686582825613367833200834434807569341876270045442892914583468084196020459930245313271349929275157800230326985470718415246310719288 0 0 0 0 0 0 0 0 0 0 0 0 0 0 0 0 0 0 0 0 0 0 0 0 0 0 0 0 0 0 0 0 0 0 0 0 0 0 0 0 0 0 0 0 0 0 1 0 0 0 0 0 0 0 0 0 0]
[2148652449689369868803415067293651976576331417822104199121497125967100715298616928869447375424887830596044817910686302135821272172561289470340157283405730388762005267569152258 0 0 0 0 0 0 0 0 0 0 0 0 0 0 0 0 0 0 0 0 0 0 0 0 0 0 0 0 0 0 0 0 0 0 0 0 0 0 0 0 0 0 0 0 0 0 0 1 0 0 0 0 0 0 0 0 0]
[55019883470337624182476305644846692831296484692406219589079631616084684044253443853255942036758682235335931892484268006257939408150877318678284106771590379329366142505097269 0 0 0 0 0 0 0 0 0 0 0 0 0 0 0 0 0 0 0 0 0 0 0 0 0 0 0 0 0 0 0 0 0 0 0 0 0 0 0 0 0 0 0 0 0 0 0 0 1 0 0 0 0 0 0 0 0]
[394579094278029245865762214583526188737633546967558896705461794564507796978911660736003977811966101169918920796366012247148882684114759216936231911566004850526387422891430285 0 0 0 0 0 0 0 0 0 0 0 0 0 0 0 0 0 0 0 0 0 0 0 0 0 0 0 0 0 0 0 0 0 0 0 0 0 0 0 0 0 0 0 0 0 0 0 0 0 1 0 0 0 0 0 0 0]
[3289807962646632082270391109923883957971679733991505577362354893093631090978058146999103245600476548944712061890905422954583450250622110746686048239802312799855131789500221369 0 0 0 0 0 0 0 0 0 0 0 0 0 0 0 0 0 0 0 0 0 0 0 0 0 0 0 0 0 0 0 0 0 0 0 0 0 0 0 0 0 0 0 0 0 0 0 0 0 0 1 0 0 0 0 0 0]
[1620057363002318475046949584219794838442908429025392456412709870504744120404653044823760555735309525336634347616233440481485298760010657242104885957976206608012859423167436530 0 0 0 0 0 0 0 0 0 0 0 0 0 0 0 0 0 0 0 0 0 0 0 0 0 0 0 0 0 0 0 0 0 0 0 0 0 0 0 0 0 0 0 0 0 0 0 0 0 0 0 1 0 0 0 0 0]
[1066077201332015355378651745873210557745700113941280876493019575251439590085707482617681539123484431336844756481842582794846504158777921988554109327301000000969058618359711178 0 0 0 0 0 0 0 0 0 0 0 0 0 0 0 0 0 0 0 0 0 0 0 0 0 0 0 0 0 0 0 0 0 0 0 0 0 0 0 0 0 0 0 0 0 0 0 0 0 0 0 0 1 0 0 0 0]
[3106550864848539613493088983703128366449396425118192530392805576417875986190946787759368728687190513036821202826536263112938575826197087315370973058263993950277808478594430774 0 0 0 0 0 0 0 0 0 0 0 0 0 0 0 0 0 0 0 0 0 0 0 0 0 0 0 0 0 0 0 0 0 0 0 0 0 0 0 0 0 0 0 0 0 0 0 0 0 0 0 0 0 1 0 0 0]
[196028069483946917493558341766111711381061875648857569494189906986230631143789451223022409412939991009535741095637840962930613780290472884340453724306615000270599771040700540 0 0 0 0 0 0 0 0 0 0 0 0 0 0 0 0 0 0 0 0 0 0 0 0 0 0 0 0 0 0 0 0 0 0 0 0 0 0 0 0 0 0 0 0 0 0 0 0 0 0 0 0 0 0 1 0 0]
[2965595688210950404402294838612633688417070359355708723460367059249157558995948769139960306806677842742148426207031532785295602022899117351555454783177365660187374976800072716 0 0 0 0 0 0 0 0 0 0 0 0 0 0 0 0 0 0 0 0 0 0 0 0 0 0 0 0 0 0 0 0 0 0 0 0 0 0 0 0 0 0 0 0 0 0 0 0 0 0 0 0 0 0 0 1 0]
[89668180348509465030462275808846616853367181071832804411534599136194257406167980109974310957981111630485343012950295850316712939063685896107850830115981285251039229282873828 0 0 0 0 0 0 0 0 0 0 0 0 0 0 0 0 0 0 0 0 0 0 0 0 0 0 0 0 0 0 0 0 0 0 0 0 0 0 0 0 0 0 0 0 0 0 0 0 0 0 0 0 0 0 0 0 1]
]
58 59 5
[1 1 1 1 1 1 1 1 1 1 1 1 1 1 1 1 1 1 1 1 1 1 1 1 1 1 1 1 1 1 1 1 1 1 1 1 1 1 1 1 1 1 1 1 1 1 1 1 1 1 1 1 1 1 1 1 1 1 1]
