[[2646101269707989969249277432009811823251406323745214442251780348716564827419526513706403501255361326069680082337348953679018308933157519341429211499415408210341420512827674147 0 0 0 0 0 0 0 0 0 0 0 0 0 0 0 0 0 0 0 0 0 0 0 0 0 0 0 0 0 0 0 0 0 0 0 0 0 0 0 0 0 0 0 0 0 0 0 0 0 0 0 0 0 0 0 0 0]
[414512263125384893711150835643789949296203939789993434518063245750306964293707380351490693210680859187070041150002418245963838598744367312055462830003957518636880925486060976 1 0 0 0 0 0 0 0 0 0 0 0 0 0 0 0 0 0 0 0 0 0 0 0 0 0 0 0 0 0 0 0 0 0 0 0 0 0 0 0 0 0 0 0 0 0 0 0 0 0 0 0 0 0 0 0 0]
[1644880257265791572414718569685088236593957756029774814420774373316552806505304392536871753307964231588006223603160671909116910409286262162803677813744707779259597375875390927 0 1 0 0 0 0 0 0 0 0 0 0 0 0 0 0 0 0 0 0 0 0 0 0 0 0 0 0 0 0 0 0 0 0 0 0 0 0 0 0 0 0 0 0 0 0 0 0 0 0 0 0 0 0 0 0 0]
[2413851212225106249608582064095457329845766703868503601152479784172139443593636702488872006521730711626317878959380304976642409604634159379917056595235846979599669813524109376 0 0 1 0 0 0 0 0 0 0 0 0 0 0 0 0 0 0 0 0 0 0 0 0 0 0 0 0 0 0 0 0 0 0 0 0 0 0 0 0 0 0 0 0 0 0 0 0 0 0 0 0 0 0 0 0 0]
[236509067458094445504984795355631644665210751401753533161048685796740066890127680464219907583097866030238662841076774860078301815679978994969170527756019225637587075670737811 0 0 0 1 0 0 0 0 0 0 0 0 0 0 0 0 0 0 0 0 0 0 0 0 0 0 0 0 0 0 0 0 0 0 0 0 0 0 0 0 0 0 0 0 0 0 0 0 0 0 0 0 0 0 0 0 0]
[969126042376753443145180831077647671909836992905507563345902037304034526640652247524846476805645734432011730036510952698645958592149735064862190552383050716208968397639320554 0 0 0 0 1 0 0 0 0 0 0 0 0 0 0 0 0 0 0 0 0 0 0 0 0 0 0 0 0 0 0 0 0 0 0 0 0 0 0 0 0 0 0 0 0 0 0 0 0 0 0 0 0 0 0 0 0]
[612019239410149495230716433232938933660921709565593809643801059875376068347455929685706823325837431470322380461018596870978016975777278538993537047526294300928726886872470939 0 0 0 0 0 1 0 0 0 0 0 0 0 0 0 0 0 0 0 0 0 0 0 0 0 0 0 0 0 0 0 0 0 0 0 0 0 0 0 0 0 0 0 0 0 0 0 0 0 0 0 0 0 0 0 0 0]
[595139981778894066038497843143961100487227980392909764589886575913633116596369863775013828649856365748924384265863114615167010111803160007364995989289894916754560692334904026 0 0 0 0 0 0 1 0 0 0 0 0 0 0 0 0 0 0 0 0 0 0 0 0 0 0 0 0 0 0 0 0 0 0 0 0 0 0 0 0 0 0 0 0 0 0 0 0 0 0 0 0 0 0 0 0 0]
[758110789929212564602448884383835268800658024632729741256330704169392525228246879938582841981996008598836574517053626746506109903243045592416443778184347923355383362756425607 0 0 0 0 0 0 0 1 0 0 0 0 0 0 0 0 0 0 0 0 0 0 0 0 0 0 0 0 0 0 0 0 0 0 0 0 0 0 0 0 0 0 0 0 0 0 0 0 0 0 0 0 0 0 0 0 0]
[2101025533393688903883277046894300523585429692211514947256684788631566396214012362684847050965838798885953691279672962167353600824797647183747490999420331950766974478696110256 0 0 0 0 0 0 0 0 1 0 0 0 0 0 0 0 0 0 0 0 0 0 0 0 0 0 0 0 0 0 0 0 0 0 0 0 0 0 0 0 0 0 0 0 0 0 0 0 0 0 0 0 0 0 0 0 0]
[1260733102262199077633174658057830295040624041353609757993714314373090425259711072839536184144103616448467738948629032240698479390298852970972128709550810912017853481792113421 0 0 0 0 0 0 0 0 0 1 0 0 0 0 0 0 0 0 0 0 0 0 0 0 0 0 0 0 0 0 0 0 0 0 0 0 0 0 0 0 0 0 0 0 0 0 0 0 0 0 0 0 0 0 0 0 0]
[340856953714666489646167580484280627751777292035426781347167351227625019802446914453841592410876766744338093205260039350841420223460760108335743548107676042474697973220345457 0 0 0 0 0 0 0 0 0 0 1 0 0 0 0 0 0 0 0 0 0 0 0 0 0 0 0 0 0 0 0 0 0 0 0 0 0 0 0 0 0 0 0 0 0 0 0 0 0 0 0 0 0 0 0 0 0]
[1356784397328524627640058146782793413802253642350608442752267354011136057869692613042439672913352452844382793714890060511446105386568919184104503725500881765849229488900123919 0 0 0 0 0 0 0 0 0 0 0 1 0 0 0 0 0 0 0 0 0 0 0 0 0 0 0 0 0 0 0 0 0 0 0 0 0 0 0 0 0 0 0 0 0 0 0 0 0 0 0 0 0 0 0 0 0]
[771465583773672114713116133571656550720212589683302065308929845580978849571947696978966349322892448469528784025708685713492489291835515444790577925959821818435073510392794095 0 0 0 0 0 0 0 0 0 0 0 0 1 0 0 0 0 0 0 0 0 0 0 0 0 0 0 0 0 0 0 0 0 0 0 0 0 0 0 0 0 0 0 0 0 0 0 0 0 0 0 0 0 0 0 0 0]
[1378466877805053498166330660835580536727284509464448185904105151762641177137256892189599389114143993236418878744026638016810527452056081339784762415771769694247248216081514683 0 0 0 0 0 0 0 0 0 0 0 0 0 1 0 0 0 0 0 0 0 0 0 0 0 0 0 0 0 0 0 0 0 0 0 0 0 0 0 0 0 0 0 0 0 0 0 0 0 0 0 0 0 0 0 0 0]
[254803228167135298325125262228229408770723317013430865679161306864837057454790438685015902803765964319349505371156481374193722384569868270551865252265392207748958392541436337 0 0 0 0 0 0 0 0 0 0 0 0 0 0 1 0 0 0 0 0 0 0 0 0 0 0 0 0 0 0 0 0 0 0 0 0 0 0 0 0 0 0 0 0 0 0 0 0 0 0 0 0 0 0 0 0 0]
[2531615437067833206626029466066429909885116195083563701521536178454473721365483064960748069200759029390251147324481279372402428219013183514154179170388157439333350784722209335 0 0 0 0 0 0 0 0 0 0 0 0 0 0 0 1 0 0 0 0 0 0 0 0 0 0 0 0 0 0 0 0 0 0 0 0 0 0 0 0 0 0 0 0 0 0 0 0 0 0 0 0 0 0 0 0 0]
[1361066156114832350630396475731095390018565179217155855716163347891178343034290381065172735611275240037660554063098128659663001379570043051259611836378533595292979413717828687 0 0 0 0 0 0 0 0 0 0 0 0 0 0 0 0 1 0 0 0 0 0 0 0 0 0 0 0 0 0 0 0 0 0 0 0 0 0 0 0 0 0 0 0 0 0 0 0 0 0 0 0 0 0 0 0 0]
[182732868961331700233483825881923060136604458962152972815343845655627866947279093675446641916624524586364706633631771336799423016058995525406863070708746926511288107284248515 0 0 0 0 0 0 0 0 0 0 0 0 0 0 0 0 0 1 0 0 0 0 0 0 0 0 0 0 0 0 0 0 0 0 0 0 0 0 0 0 0 0 0 0 0 0 0 0 0 0 0 0 0 0 0 0 0]
[818402502152139961204513691963336345051171141617201071167051439435555538954468204937372380241640182721917481498840228859672413573939518674897411115944775577434346304396232111 0 0 0 0 0 0 0 0 0 0 0 0 0 0 0 0 0 0 1 0 0 0 0 0 0 0 0 0 0 0 0 0 0 0 0 0 0 0 0 0 0 0 0 0 0 0 0 0 0 0 0 0 0 0 0 0 0]
[2403027904467336563683997039358118283970764563875825056694762488339842273229689713869168528971284528604092143760291405591548874294774298408688070151381338336909186603943802455 0 0 0 0 0 0 0 0 0 0 0 0 0 0 0 0 0 0 0 1 0 0 0 0 0 0 0 0 0 0 0 0 0 0 0 0 0 0 0 0 0 0 0 0 0 0 0 0 0 0 0 0 0 0 0 0 0]
[160966226480689807253774503885404897138435883943098033910067762018620188146184540969806361902460328098028543550428578444281256528077186039030472573827100513593335207197158205 0 0 0 0 0 0 0 0 0 0 0 0 0 0 0 0 0 0 0 0 1 0 0 0 0 0 0 0 0 0 0 0 0 0 0 0 0 0 0 0 0 0 0 0 0 0 0 0 0 0 0 0 0 0 0 0 0]
[408376862717541024384725896396869166987831499947040593360092414488246758121039438440422753674033880867702821676538338762835414418915055936299692220092794356577825780653153488 0 0 0 0 0 0 0 0 0 0 0 0 0 0 0 0 0 0 0 0 0 1 0 0 0 0 0 0 0 0 0 0 0 0 0 0 0 0 0 0 0 0 0 0 0 0 0 0 0 0 0 0 0 0 0 0 0]
[1841431102530794037679840850468747136591785529858433069330852818570635296150291586240857069676866633970851033420393499572645766349678025214538278280694845396756757059785527262 0 0 0 0 0 0 0 0 0 0 0 0 0 0 0 0 0 0 0 0 0 0 1 0 0 0 0 0 0 0 0 0 0 0 0 0 0 0 0 0 0 0 0 0 0 0 0 0 0 0 0 0 0 0 0 0 0]
[1173888610849860681998947837217773935180703246799991216204966819603441966479943158134584025542262824926235113712666230337864797442766070898183450758839093291518929632103883332 0 0 0 0 0 0 0 0 0 0 0 0 0 0 0 0 0 0 0 0 0 0 0 1 0 0 0 0 0 0 0 0 0 0 0 0 0 0 0 0 0 0 0 0 0 0 0 0 0 0 0 0 0 0 0 0 0]
[202794030284294163432474007715067498766275987287207680096823533187107655358997268316558149425241664990714353634826064077513483618391543094851967339768523515016208836882625174 0 0 0 0 0 0 0 0 0 0 0 0 0 0 0 0 0 0 0 0 0 0 0 0 1 0 0 0 0 0 0 0 0 0 0 0 0 0 0 0 0 0 0 0 0 0 0 0 0 0 0 0 0 0 0 0 0]
[967675402996469139306175067104541231003847369325210049537320265433642318356953683555213772866250179810389615698595953455513054343421034405086435080828108214803929946079790853 0 0 0 0 0 0 0 0 0 0 0 0 0 0 0 0 0 0 0 0 0 0 0 0 0 1 0 0 0 0 0 0 0 0 0 0 0 0 0 0 0 0 0 0 0 0 0 0 0 0 0 0 0 0 0 0 0]
[670523625799802170295553555017479200683968191162470988233543070401909787873025738247735365582315190818711892484570411852657952455678520347675306006239459601840373587029123721 0 0 0 0 0 0 0 0 0 0 0 0 0 0 0 0 0 0 0 0 0 0 0 0 0 0 1 0 0 0 0 0 0 0 0 0 0 0 0 0 0 0 0 0 0 0 0 0 0 0 0 0 0 0 0 0 0]
[448387290199592884501698135060673144795989849740685112428191920788123704906039489125142515440542599459757991042438317093928400949300594686247266034510263636782902397406482274 0 0 0 0 0 0 0 0 0 0 0 0 0 0 0 0 0 0 0 0 0 0 0 0 0 0 0 1 0 0 0 0 0 0 0 0 0 0 0 0 0 0 0 0 0 0 0 0 0 0 0 0 0 0 0 0 0]
[831545266432524977160148862674320760976200101758102762175224482150615530317473952488752835230536397851393067233446442235608683380960782629534715871789928778723936889142596010 0 0 0 0 0 0 0 0 0 0 0 0 0 0 0 0 0 0 0 0 0 0 0 0 0 0 0 0 1 0 0 0 0 0 0 0 0 0 0 0 0 0 0 0 0 0 0 0 0 0 0 0 0 0 0 0 0]
[2066420964381477793534854003389378241804254328796627068389720452472527371649871135804505368889367917059468675551909866716182990328558248072807485315172046911079831469075231550 0 0 0 0 0 0 0 0 0 0 0 0 0 0 0 0 0 0 0 0 0 0 0 0 0 0 0 0 0 1 0 0 0 0 0 0 0 0 0 0 0 0 0 0 0 0 0 0 0 0 0 0 0 0 0 0 0]
[2618239715225273466970270461569131896088109810631627281674680012717406862513611622314694684164366861900265440875201610855091486014864804398070763752508236092440589051286939725 0 0 0 0 0 0 0 0 0 0 0 0 0 0 0 0 0 0 0 0 0 0 0 0 0 0 0 0 0 0 1 0 0 0 0 0 0 0 0 0 0 0 0 0 0 0 0 0 0 0 0 0 0 0 0 0 0]
[394250427541899818808735335163376529019573690922379319187328583983373300929384294655239357204602151204660293210696527640650855896660886882483504050523253285919986779892998848 0 0 0 0 0 0 0 0 0 0 0 0 0 0 0 0 0 0 0 0 0 0 0 0 0 0 0 0 0 0 0 1 0 0 0 0 0 0 0 0 0 0 0 0 0 0 0 0 0 0 0 0 0 0 0 0 0]
[1074992447109099537225622491935399496189084985239774476926229191203932510668501577342302108199200615481082804224456664948037877751339819363816033931221789421939020814763837979 0 0 0 0 0 0 0 0 0 0 0 0 0 0 0 0 0 0 0 0 0 0 0 0 0 0 0 0 0 0 0 0 1 0 0 0 0 0 0 0 0 0 0 0 0 0 0 0 0 0 0 0 0 0 0 0 0]
[2350172143915596432734078560432626709186261966759664855289077637579161402110512374521183138183322086807127765172309216276388705154568964276077956570986919380339171811470217015 0 0 0 0 0 0 0 0 0 0 0 0 0 0 0 0 0 0 0 0 0 0 0 0 0 0 0 0 0 0 0 0 0 1 0 0 0 0 0 0 0 0 0 0 0 0 0 0 0 0 0 0 0 0 0 0 0]
[2579271623550916848967927477798864451825759628096880405361285419279225954775917445825422191897328069920284831750763286815162477205453927543521776914703498543894336202964243480 0 0 0 0 0 0 0 0 0 0 0 0 0 0 0 0 0 0 0 0 0 0 0 0 0 0 0 0 0 0 0 0 0 0 1 0 0 0 0 0 0 0 0 0 0 0 0 0 0 0 0 0 0 0 0 0 0]
[2621814781013316375259291399459233976724486257037073228566684450425550115454269843516008923861076943725076448828756780470212428704159528055251593051113890884809965086876306395 0 0 0 0 0 0 0 0 0 0 0 0 0 0 0 0 0 0 0 0 0 0 0 0 0 0 0 0 0 0 0 0 0 0 0 1 0 0 0 0 0 0 0 0 0 0 0 0 0 0 0 0 0 0 0 0 0]
[1032367386328056469388898975976725155355418173584741148474821756309948350866223185079883107152757518381133940272101154015431463539596205991536573351286101423735203331165658490 0 0 0 0 0 0 0 0 0 0 0 0 0 0 0 0 0 0 0 0 0 0 0 0 0 0 0 0 0 0 0 0 0 0 0 0 1 0 0 0 0 0 0 0 0 0 0 0 0 0 0 0 0 0 0 0 0]
[999357253629139146823933194368975616585795145829952563312792987045734716870023855634165273440137158436227025709609562202431309915050076713102296176873326054887366849249133910 0 0 0 0 0 0 0 0 0 0 0 0 0 0 0 0 0 0 0 0 0 0 0 0 0 0 0 0 0 0 0 0 0 0 0 0 0 1 0 0 0 0 0 0 0 0 0 0 0 0 0 0 0 0 0 0 0]
[1614057905799332005404148675990815897976697871801749191066052311260624612122163485133160216164232141067695591766843903156269620250850649005547327562233764578321199074242223603 0 0 0 0 0 0 0 0 0 0 0 0 0 0 0 0 0 0 0 0 0 0 0 0 0 0 0 0 0 0 0 0 0 0 0 0 0 0 1 0 0 0 0 0 0 0 0 0 0 0 0 0 0 0 0 0 0]
[2381868224499220118150235582856417049549564319156784434264744110951158794551760536506986481283593802690970213982037518997145077224078632304763864909742089526727528564094985670 0 0 0 0 0 0 0 0 0 0 0 0 0 0 0 0 0 0 0 0 0 0 0 0 0 0 0 0 0 0 0 0 0 0 0 0 0 0 0 1 0 0 0 0 0 0 0 0 0 0 0 0 0 0 0 0 0]
[1713924514572660536635222744588818456363717198577993087426636939594479304624458570422174026159483826958077195897662952774221900458028028813945386202808552669267449512971048592 0 0 0 0 0 0 0 0 0 0 0 0 0 0 0 0 0 0 0 0 0 0 0 0 0 0 0 0 0 0 0 0 0 0 0 0 0 0 0 0 1 0 0 0 0 0 0 0 0 0 0 0 0 0 0 0 0]
[2438683525207612456166880498205039246541914919842516519873970339222501983502565263954139152142154357965111091081683213287695895604383187533070923858503759407438050620946597635 0 0 0 0 0 0 0 0 0 0 0 0 0 0 0 0 0 0 0 0 0 0 0 0 0 0 0 0 0 0 0 0 0 0 0 0 0 0 0 0 0 1 0 0 0 0 0 0 0 0 0 0 0 0 0 0 0]
[757496058986622259375321477045970514853370931587636113085866537970164462466897654365435060347426853420375989389882864837655609481814152362131727853116242764412633356211311376 0 0 0 0 0 0 0 0 0 0 0 0 0 0 0 0 0 0 0 0 0 0 0 0 0 0 0 0 0 0 0 0 0 0 0 0 0 0 0 0 0 0 1 0 0 0 0 0 0 0 0 0 0 0 0 0 0]
[651275303049347969473321346322380607635772991099321729454416494751485221393460069019714687119810635090430049368820970875593601420047705666349852955081950128497288130372316788 0 0 0 0 0 0 0 0 0 0 0 0 0 0 0 0 0 0 0 0 0 0 0 0 0 0 0 0 0 0 0 0 0 0 0 0 0 0 0 0 0 0 0 1 0 0 0 0 0 0 0 0 0 0 0 0 0]
[1923726372701390214194961922109059103144453787694763369101986082141338978269242597496518786240913017804194187320695096738526950907059904600907236961222866501045479122103098232 0 0 0 0 0 0 0 0 0 0 0 0 0 0 0 0 0 0 0 0 0 0 0 0 0 0 0 0 0 0 0 0 0 0 0 0 0 0 0 0 0 0 0 0 1 0 0 0 0 0 0 0 0 0 0 0 0]
[1229923774861347879801501709387036091639852589339981871904883980342183325521584794912726769331018375151593165595702584293774832095239436093471158190281430236333828503631549315 0 0 0 0 0 0 0 0 0 0 0 0 0 0 0 0 0 0 0 0 0 0 0 0 0 0 0 0 0 0 0 0 0 0 0 0 0 0 0 0 0 0 0 0 0 1 0 0 0 0 0 0 0 0 0 0 0]
[1342447629695142753559711710471650802816748975645180077985352408226473205659771196075717479862355177575319892813669602539994950662104758435329670728733968199358874036523160524 0 0 0 0 0 0 0 0 0 0 0 0 0 0 0 0 0 0 0 0 0 0 0 0 0 0 0 0 0 0 0 0 0 0 0 0 0 0 0 0 0 0 0 0 0 0 1 0 0 0 0 0 0 0 0 0 0]
[1190719536135674137481013892996501946735727972559940593803777127972016473757944355583095404479300850251474002839376272464259373192959571700447545993511017605586972347585975152 0 0 0 0 0 0 0 0 0 0 0 0 0 0 0 0 0 0 0 0 0 0 0 0 0 0 0 0 0 0 0 0 0 0 0 0 0 0 0 0 0 0 0 0 0 0 0 1 0 0 0 0 0 0 0 0 0]
[1269293610336965223690740952864681425428213839345630306806654664625782334473394844321877553683813354205007169117289370368192069279167344446857880171789915282501160523902067514 0 0 0 0 0 0 0 0 0 0 0 0 0 0 0 0 0 0 0 0 0 0 0 0 0 0 0 0 0 0 0 0 0 0 0 0 0 0 0 0 0 0 0 0 0 0 0 0 1 0 0 0 0 0 0 0 0]
[1815421368710257881822715772257468054498945608347083075138095697334683107289439374458191526278739049084304483381291804307476554489736172462701657666940469313471112782649945170 0 0 0 0 0 0 0 0 0 0 0 0 0 0 0 0 0 0 0 0 0 0 0 0 0 0 0 0 0 0 0 0 0 0 0 0 0 0 0 0 0 0 0 0 0 0 0 0 0 1 0 0 0 0 0 0 0]
[2576277615568642488561158746121125828643931136485442330403803452709921603061528146855337567900605910335176520872406446770045639312987065447125785315507329520149885475668363956 0 0 0 0 0 0 0 0 0 0 0 0 0 0 0 0 0 0 0 0 0 0 0 0 0 0 0 0 0 0 0 0 0 0 0 0 0 0 0 0 0 0 0 0 0 0 0 0 0 0 1 0 0 0 0 0 0]
[521250626175978021477542927165008433882718010708573832725426291207640157452148315710826378269863398706086932518412943834461222111554604167764868239701001101138406410928821732 0 0 0 0 0 0 0 0 0 0 0 0 0 0 0 0 0 0 0 0 0 0 0 0 0 0 0 0 0 0 0 0 0 0 0 0 0 0 0 0 0 0 0 0 0 0 0 0 0 0 0 1 0 0 0 0 0]
[1487203169969732182821276619561190861648208758715515122729382588479523387876036518042752208497899607311273738740212378313515525170061953145366453744689097519814391934065215088 0 0 0 0 0 0 0 0 0 0 0 0 0 0 0 0 0 0 0 0 0 0 0 0 0 0 0 0 0 0 0 0 0 0 0 0 0 0 0 0 0 0 0 0 0 0 0 0 0 0 0 0 1 0 0 0 0]
[719662616126995172732626787772635483602800145843766826176119256537956209278594037858836518928616674827136330521672160253956800877885152471398263732185287512611616465367438799 0 0 0 0 0 0 0 0 0 0 0 0 0 0 0 0 0 0 0 0 0 0 0 0 0 0 0 0 0 0 0 0 0 0 0 0 0 0 0 0 0 0 0 0 0 0 0 0 0 0 0 0 0 1 0 0 0]
[903318800678309204158539801298439227796858417908904631076953258953037859825069157219706631631499829139458257058008049793028948257607006969085317138120404302380911923152147323 0 0 0 0 0 0 0 0 0 0 0 0 0 0 0 0 0 0 0 0 0 0 0 0 0 0 0 0 0 0 0 0 0 0 0 0 0 0 0 0 0 0 0 0 0 0 0 0 0 0 0 0 0 0 1 0 0]
[963827806578834295765961328895366329109337842042331952812638948480329666966199035871692227544210957094003917181140376460839656829731466435206923427791048255810262452185912937 0 0 0 0 0 0 0 0 0 0 0 0 0 0 0 0 0 0 0 0 0 0 0 0 0 0 0 0 0 0 0 0 0 0 0 0 0 0 0 0 0 0 0 0 0 0 0 0 0 0 0 0 0 0 0 1 0]
[2256607023145539068607801201633659513785701488260638642967649711561751604610666702248915593449294771892786467553151737554964555104524492839097060950568513722020684422635644202 0 0 0 0 0 0 0 0 0 0 0 0 0 0 0 0 0 0 0 0 0 0 0 0 0 0 0 0 0 0 0 0 0 0 0 0 0 0 0 0 0 0 0 0 0 0 0 0 0 0 0 0 0 0 0 0 1]
]
58 59 0
[1 1 1 1 1 1 1 1 1 1 1 1 1 1 1 1 1 1 1 1 1 1 1 1 1 1 1 1 1 1 1 1 1 1 1 1 1 1 1 1 1 1 1 1 1 1 1 1 1 1 1 1 1 1 1 1 1 1 1]
