[[2718716919181434041170543055979949141851210632805771660956806199959855131838831077277658324658716123379558624303988541946872037799582704944131071062282401699885789882231306301 0 0 0 0 0 0 0 0 0 0 0 0 0 0 0 0 0 0 0 0 0 0 0 0 0 0 0 0 0 0 0 0 0 0 0 0 0 0 0 0 0 0 0 0 0 0 0 0 0 0 0 0 0 0 0 0 0]
[2234088738140314240654056939693757273582529554644995630127964863297320796613883451316487089703055027814616420582310530228946179888154820678127370848476545212544934627138531313 1 0 0 0 0 0 0 0 0 0 0 0 0 0 0 0 0 0 0 0 0 0 0 0 0 0 0 0 0 0 0 0 0 0 0 0 0 0 0 0 0 0 0 0 0 0 0 0 0 0 0 0 0 0 0 0 0]
[2028450231342253514442159333288508967051488745142443997463691010152205221449124743557773192559533657828044550220027522178865151418213241868434631601387247530428320378447941309 0 1 0 0 0 0 0 0 0 0 0 0 0 0 0 0 0 0 0 0 0 0 0 0 0 0 0 0 0 0 0 0 0 0 0 0 0 0 0 0 0 0 0 0 0 0 0 0 0 0 0 0 0 0 0 0 0]
[2149877058287528926511989783033037000837206042223248611862547190729421670092742730432485263979828764425250408714570567612064431250106463247016317444404370470730886263005985469 0 0 1 0 0 0 0 0 0 0 0 0 0 0 0 0 0 0 0 0 0 0 0 0 0 0 0 0 0 0 0 0 0 0 0 0 0 0 0 0 0 0 0 0 0 0 0 0 0 0 0 0 0 0 0 0 0]
[132180640380733611754149111587445529915411672599855532704958070186298747204691422299237938428326881823934192986841122677727315993328619093168917384788085202021614073009515647 0 0 0 1 0 0 0 0 0 0 0 0 0 0 0 0 0 0 0 0 0 0 0 0 0 0 0 0 0 0 0 0 0 0 0 0 0 0 0 0 0 0 0 0 0 0 0 0 0 0 0 0 0 0 0 0 0]
[2710200793029831496735709569305260773180035231023833248139820457708909182862374928498107469681704188484636890932559696194623738569934138828022136088268668925530890527211774405 0 0 0 0 1 0 0 0 0 0 0 0 0 0 0 0 0 0 0 0 0 0 0 0 0 0 0 0 0 0 0 0 0 0 0 0 0 0 0 0 0 0 0 0 0 0 0 0 0 0 0 0 0 0 0 0 0]
[1315086761049678922127885587282932574616902411274664836218836220130759994257133676754157331247145552451527189151956998938682496206880448544042984339463391123825052720270450242 0 0 0 0 0 1 0 0 0 0 0 0 0 0 0 0 0 0 0 0 0 0 0 0 0 0 0 0 0 0 0 0 0 0 0 0 0 0 0 0 0 0 0 0 0 0 0 0 0 0 0 0 0 0 0 0 0]
[771286442739889411633306288285038187342791802129123876536317081481117068808536603226786913969731079056156989317945952949486707443967143146562157514485742470654062787604860353 0 0 0 0 0 0 1 0 0 0 0 0 0 0 0 0 0 0 0 0 0 0 0 0 0 0 0 0 0 0 0 0 0 0 0 0 0 0 0 0 0 0 0 0 0 0 0 0 0 0 0 0 0 0 0 0 0]
[596145198063795789809334211983140432469963235990588678226913724887976404622643127976404371928376683351971361434311542582275652118080060990782338675892503366781472949861636558 0 0 0 0 0 0 0 1 0 0 0 0 0 0 0 0 0 0 0 0 0 0 0 0 0 0 0 0 0 0 0 0 0 0 0 0 0 0 0 0 0 0 0 0 0 0 0 0 0 0 0 0 0 0 0 0 0]
[656135685780177434410638919644730372423106332390890564993352877478978618893376015422564171912272299841009243325996756072616198591993408541932717436939303224751874885234724549 0 0 0 0 0 0 0 0 1 0 0 0 0 0 0 0 0 0 0 0 0 0 0 0 0 0 0 0 0 0 0 0 0 0 0 0 0 0 0 0 0 0 0 0 0 0 0 0 0 0 0 0 0 0 0 0 0]
[1554446652311731054544344967901541878089614950707404019717718265659692160858897476469843561230762031500446860448026756247887908398641493249460366983546047013184000607728444328 0 0 0 0 0 0 0 0 0 1 0 0 0 0 0 0 0 0 0 0 0 0 0 0 0 0 0 0 0 0 0 0 0 0 0 0 0 0 0 0 0 0 0 0 0 0 0 0 0 0 0 0 0 0 0 0 0]
[1228743652151227709872641297831727077988334312274338829056478922309048282881921875043653510901280916175905491721934794232863066604423069499274774216267607223947411439889538840 0 0 0 0 0 0 0 0 0 0 1 0 0 0 0 0 0 0 0 0 0 0 0 0 0 0 0 0 0 0 0 0 0 0 0 0 0 0 0 0 0 0 0 0 0 0 0 0 0 0 0 0 0 0 0 0 0]
[527289386284469322701797998371594738439435314881421961009093199428711803649201833475185936311549141834131242925179771158975077769881111325704503360448064090397698187606968323 0 0 0 0 0 0 0 0 0 0 0 1 0 0 0 0 0 0 0 0 0 0 0 0 0 0 0 0 0 0 0 0 0 0 0 0 0 0 0 0 0 0 0 0 0 0 0 0 0 0 0 0 0 0 0 0 0]
[1733152954701502500544726961729100644651908974001653620497604328640607848274067811330211525062012028086872863249846610376595026009191938330061910972564210627942874610003415851 0 0 0 0 0 0 0 0 0 0 0 0 1 0 0 0 0 0 0 0 0 0 0 0 0 0 0 0 0 0 0 0 0 0 0 0 0 0 0 0 0 0 0 0 0 0 0 0 0 0 0 0 0 0 0 0 0]
[366667813712582568641122075626909054839629741320049399214739991868061492246609658548089959314046455378745244911868317043047617296100432293889233604804177823741926437259278932 0 0 0 0 0 0 0 0 0 0 0 0 0 1 0 0 0 0 0 0 0 0 0 0 0 0 0 0 0 0 0 0 0 0 0 0 0 0 0 0 0 0 0 0 0 0 0 0 0 0 0 0 0 0 0 0 0]
[34590431167550675174187901948116507755436781172880134492045415312323202476707760780634196976572274172583427926850092513771035978862013018445106742548548273029352819968127104 0 0 0 0 0 0 0 0 0 0 0 0 0 0 1 0 0 0 0 0 0 0 0 0 0 0 0 0 0 0 0 0 0 0 0 0 0 0 0 0 0 0 0 0 0 0 0 0 0 0 0 0 0 0 0 0 0]
[892718957701954177726152754570529336266387436342981726181862801986708071448074374473387182690518626067417963273059396965534690925128816867119345304806598789011619114667398595 0 0 0 0 0 0 0 0 0 0 0 0 0 0 0 1 0 0 0 0 0 0 0 0 0 0 0 0 0 0 0 0 0 0 0 0 0 0 0 0 0 0 0 0 0 0 0 0 0 0 0 0 0 0 0 0 0]
[1898176664073289304498596195355469468879150747957859319579824166825782388012105345615541935234282264824681207697945784783693450282750868384162583011682005557541142852162582714 0 0 0 0 0 0 0 0 0 0 0 0 0 0 0 0 1 0 0 0 0 0 0 0 0 0 0 0 0 0 0 0 0 0 0 0 0 0 0 0 0 0 0 0 0 0 0 0 0 0 0 0 0 0 0 0 0]
[1103970478036948845801461235434943061869827690906979152983525762780837155878062033445843505798843883209833038353943603957653072287987809360690640213168601965463840328880189632 0 0 0 0 0 0 0 0 0 0 0 0 0 0 0 0 0 1 0 0 0 0 0 0 0 0 0 0 0 0 0 0 0 0 0 0 0 0 0 0 0 0 0 0 0 0 0 0 0 0 0 0 0 0 0 0 0]
[1672175750991880698575320328192065893210308427168235869400687306672792325259890930930190699246267101222948475269148350883225653826507563493090713264058328514738426756733582913 0 0 0 0 0 0 0 0 0 0 0 0 0 0 0 0 0 0 1 0 0 0 0 0 0 0 0 0 0 0 0 0 0 0 0 0 0 0 0 0 0 0 0 0 0 0 0 0 0 0 0 0 0 0 0 0 0]
[494668255343764596236875721328841846652775462327670964069222400594485110025761026592476988064709550945155883731884967186366442415100715074991651334432308471421260210623441460 0 0 0 0 0 0 0 0 0 0 0 0 0 0 0 0 0 0 0 1 0 0 0 0 0 0 0 0 0 0 0 0 0 0 0 0 0 0 0 0 0 0 0 0 0 0 0 0 0 0 0 0 0 0 0 0 0]
[887740564722171701992071210140824791315467909917647325710671035827063489390102888263995040122570851694970417784482077331947620740076670172421130968987808942252959899411403724 0 0 0 0 0 0 0 0 0 0 0 0 0 0 0 0 0 0 0 0 1 0 0 0 0 0 0 0 0 0 0 0 0 0 0 0 0 0 0 0 0 0 0 0 0 0 0 0 0 0 0 0 0 0 0 0 0]
[1529147780505967917671580251337099305897940165953194092430261691060198286775182827616379700195487697585820783175040297191842867324605275027430249737975058671120612568144169189 0 0 0 0 0 0 0 0 0 0 0 0 0 0 0 0 0 0 0 0 0 1 0 0 0 0 0 0 0 0 0 0 0 0 0 0 0 0 0 0 0 0 0 0 0 0 0 0 0 0 0 0 0 0 0 0 0]
[1070641753704681034141709626785760213081312805851610281641960436288231192347082152298282710718608382453732747483062857954402016548941568195279005149314734312157241443280844625 0 0 0 0 0 0 0 0 0 0 0 0 0 0 0 0 0 0 0 0 0 0 1 0 0 0 0 0 0 0 0 0 0 0 0 0 0 0 0 0 0 0 0 0 0 0 0 0 0 0 0 0 0 0 0 0 0]
[608464263571183139911213262798276661618614476821726655039867077822500457355016037387343183775705791763442448122806188525602050194858375767900368520094285292493728578917592213 0 0 0 0 0 0 0 0 0 0 0 0 0 0 0 0 0 0 0 0 0 0 0 1 0 0 0 0 0 0 0 0 0 0 0 0 0 0 0 0 0 0 0 0 0 0 0 0 0 0 0 0 0 0 0 0 0]
[973662709815553370743937891590705975302726314494441881238196863244403084301808382991655788082497966853843017925819465800879698992618865832853512121777726375986149167363370625 0 0 0 0 0 0 0 0 0 0 0 0 0 0 0 0 0 0 0 0 0 0 0 0 1 0 0 0 0 0 0 0 0 0 0 0 0 0 0 0 0 0 0 0 0 0 0 0 0 0 0 0 0 0 0 0 0]
[452983786257411136500434868760472141123047069038833447355193526433497801367853699227249836902475879432780744083097429620396606183548780940807011135122750371142196873493135158 0 0 0 0 0 0 0 0 0 0 0 0 0 0 0 0 0 0 0 0 0 0 0 0 0 1 0 0 0 0 0 0 0 0 0 0 0 0 0 0 0 0 0 0 0 0 0 0 0 0 0 0 0 0 0 0 0]
[2612940226908120070253265307964953848804169860962870119213830950384247218531983975520971082825525846077612071602485481895402066570188171667359434238414509056974979523912192628 0 0 0 0 0 0 0 0 0 0 0 0 0 0 0 0 0 0 0 0 0 0 0 0 0 0 1 0 0 0 0 0 0 0 0 0 0 0 0 0 0 0 0 0 0 0 0 0 0 0 0 0 0 0 0 0 0]
[1645595546373359880395304638466385921721196049448287149811875432447446252627754397433628882076865279008619197723626222095862486824408671030377059773191500300808517133885562458 0 0 0 0 0 0 0 0 0 0 0 0 0 0 0 0 0 0 0 0 0 0 0 0 0 0 0 1 0 0 0 0 0 0 0 0 0 0 0 0 0 0 0 0 0 0 0 0 0 0 0 0 0 0 0 0 0]
[2323236815914111717250216542576700963191535117459795402236886274324527010031079614661357834373208701097455562192973131450457001355302887399044934984085025449252598844379796504 0 0 0 0 0 0 0 0 0 0 0 0 0 0 0 0 0 0 0 0 0 0 0 0 0 0 0 0 1 0 0 0 0 0 0 0 0 0 0 0 0 0 0 0 0 0 0 0 0 0 0 0 0 0 0 0 0]
[630396242116379347039497698832631105424916951461471154556602089924653050365910785621861280029161448805718042969705839188209029109528257704885134920804739499059086209148476003 0 0 0 0 0 0 0 0 0 0 0 0 0 0 0 0 0 0 0 0 0 0 0 0 0 0 0 0 0 1 0 0 0 0 0 0 0 0 0 0 0 0 0 0 0 0 0 0 0 0 0 0 0 0 0 0 0]
[776162795268689413248496022017383388687192980708181080878046190592813773772386189749556824672172602357835171460287528053583404576109939743608224120117484470415365636191717003 0 0 0 0 0 0 0 0 0 0 0 0 0 0 0 0 0 0 0 0 0 0 0 0 0 0 0 0 0 0 1 0 0 0 0 0 0 0 0 0 0 0 0 0 0 0 0 0 0 0 0 0 0 0 0 0 0]
[1118013550287910555930470732852159061692541670434454199942601806327294216532921560551516814442030483457279227007507311237002784866723665442703597926175165963962568360182046858 0 0 0 0 0 0 0 0 0 0 0 0 0 0 0 0 0 0 0 0 0 0 0 0 0 0 0 0 0 0 0 1 0 0 0 0 0 0 0 0 0 0 0 0 0 0 0 0 0 0 0 0 0 0 0 0 0]
[2505360839544988845309285962828530539420872945035397330268636955214448785596858551921287679183324011512995923116377781047945666831706751847448993232261474535852187120885471871 0 0 0 0 0 0 0 0 0 0 0 0 0 0 0 0 0 0 0 0 0 0 0 0 0 0 0 0 0 0 0 0 1 0 0 0 0 0 0 0 0 0 0 0 0 0 0 0 0 0 0 0 0 0 0 0 0]
[1458104460363953101122330738949052463915577431320395842381654949813091830650966955522989107555856486281235167916954103179056388171170698358971359831868764732415297661089924763 0 0 0 0 0 0 0 0 0 0 0 0 0 0 0 0 0 0 0 0 0 0 0 0 0 0 0 0 0 0 0 0 0 1 0 0 0 0 0 0 0 0 0 0 0 0 0 0 0 0 0 0 0 0 0 0 0]
[842179835694089419642750577363611376380916316202508030517466460299090559976957582950956047561439872505974182698169377180476219680283106257008786726250118965752322028833323039 0 0 0 0 0 0 0 0 0 0 0 0 0 0 0 0 0 0 0 0 0 0 0 0 0 0 0 0 0 0 0 0 0 0 1 0 0 0 0 0 0 0 0 0 0 0 0 0 0 0 0 0 0 0 0 0 0]
[1291082702537600352297777307082598682296219459472432504848308412517427038943201681144878990387766621558281912438249853537089474102717124586844757862639893296520933790721266114 0 0 0 0 0 0 0 0 0 0 0 0 0 0 0 0 0 0 0 0 0 0 0 0 0 0 0 0 0 0 0 0 0 0 0 1 0 0 0 0 0 0 0 0 0 0 0 0 0 0 0 0 0 0 0 0 0]
[1273635573385245594972801803462823967512955568407410454308039193600693497548959002496258029272276729028146369702010860014215374937035555844290883928114423622217388283750807424 0 0 0 0 0 0 0 0 0 0 0 0 0 0 0 0 0 0 0 0 0 0 0 0 0 0 0 0 0 0 0 0 0 0 0 0 1 0 0 0 0 0 0 0 0 0 0 0 0 0 0 0 0 0 0 0 0]
[993586147268551368034120953876984536607199648421250651219002367901327365762714550964387943554148983417341249408250671631089533340235510354747414176285930293753281175334794161 0 0 0 0 0 0 0 0 0 0 0 0 0 0 0 0 0 0 0 0 0 0 0 0 0 0 0 0 0 0 0 0 0 0 0 0 0 1 0 0 0 0 0 0 0 0 0 0 0 0 0 0 0 0 0 0 0]
[2397126322146873455109914993411374584796664748369215562248177017273668296568194002449552552368243404449357758323016395141443599644968140497298538489682321720262026855923550043 0 0 0 0 0 0 0 0 0 0 0 0 0 0 0 0 0 0 0 0 0 0 0 0 0 0 0 0 0 0 0 0 0 0 0 0 0 0 1 0 0 0 0 0 0 0 0 0 0 0 0 0 0 0 0 0 0]
[1043151633070386288088155969190372223065673863005453116749550955782297164776517153863407611477857345184014235210163413472085828548489621280467944835633330712577330209180319734 0 0 0 0 0 0 0 0 0 0 0 0 0 0 0 0 0 0 0 0 0 0 0 0 0 0 0 0 0 0 0 0 0 0 0 0 0 0 0 1 0 0 0 0 0 0 0 0 0 0 0 0 0 0 0 0 0]
[588498797293485045290169770093828366517887618897630682140670472030602077907166630749075004421108760169453615631851096214864234627095580260719441407003621619491113652833135943 0 0 0 0 0 0 0 0 0 0 0 0 0 0 0 0 0 0 0 0 0 0 0 0 0 0 0 0 0 0 0 0 0 0 0 0 0 0 0 0 1 0 0 0 0 0 0 0 0 0 0 0 0 0 0 0 0]
[1538598646256756671473076156427210957976451565273348137510194174372105708711333612015680755060632194050400451954794235576374347183520430242998975640617088848902541568582265626 0 0 0 0 0 0 0 0 0 0 0 0 0 0 0 0 0 0 0 0 0 0 0 0 0 0 0 0 0 0 0 0 0 0 0 0 0 0 0 0 0 1 0 0 0 0 0 0 0 0 0 0 0 0 0 0 0]
[1710611451379956435835505569266333891835489156195488538483716774410736614162124879276517230236780938186016747494633322772001738924921258161387240884115086317233597180794399844 0 0 0 0 0 0 0 0 0 0 0 0 0 0 0 0 0 0 0 0 0 0 0 0 0 0 0 0 0 0 0 0 0 0 0 0 0 0 0 0 0 0 1 0 0 0 0 0 0 0 0 0 0 0 0 0 0]
[1329036373547392458357834033131174727608205281410788973212713653419950835185056995025186066611403380024000066379911504273741413567430903535426006320442892368410649565119439019 0 0 0 0 0 0 0 0 0 0 0 0 0 0 0 0 0 0 0 0 0 0 0 0 0 0 0 0 0 0 0 0 0 0 0 0 0 0 0 0 0 0 0 1 0 0 0 0 0 0 0 0 0 0 0 0 0]
[2241677790891231098537423944760501941287852597112128125342782241332513838499849501310353883245564828566453497608614643751751386340118130326091335548361151765133793366811783134 0 0 0 0 0 0 0 0 0 0 0 0 0 0 0 0 0 0 0 0 0 0 0 0 0 0 0 0 0 0 0 0 0 0 0 0 0 0 0 0 0 0 0 0 1 0 0 0 0 0 0 0 0 0 0 0 0]
[1512934633355693410137870619841272863704308159404052877045628983700297745349909740009621184757937729911307385466263794246755696019278621395352935295164175606175528480652922306 0 0 0 0 0 0 0 0 0 0 0 0 0 0 0 0 0 0 0 0 0 0 0 0 0 0 0 0 0 0 0 0 0 0 0 0 0 0 0 0 0 0 0 0 0 1 0 0 0 0 0 0 0 0 0 0 0]
[693349659607587840871482508336399940872311821829810051042073581433639880405716924238593751139472874269149600311077060801750154005561330385359377434913943586400306446597455326 0 0 0 0 0 0 0 0 0 0 0 0 0 0 0 0 0 0 0 0 0 0 0 0 0 0 0 0 0 0 0 0 0 0 0 0 0 0 0 0 0 0 0 0 0 0 1 0 0 0 0 0 0 0 0 0 0]
[90064685349511285620856142837734195909163234160365191263520690675530223969956688564035094857460225908089603975346798045679605393456078566229463185122352743048555534720326785 0 0 0 0 0 0 0 0 0 0 0 0 0 0 0 0 0 0 0 0 0 0 0 0 0 0 0 0 0 0 0 0 0 0 0 0 0 0 0 0 0 0 0 0 0 0 0 1 0 0 0 0 0 0 0 0 0]
[1945054100639768379342687797346361727171851154313210808264288818940959091153994812860017644113882071511967353633137488203593844257977439225995794589235738700070666622957452701 0 0 0 0 0 0 0 0 0 0 0 0 0 0 0 0 0 0 0 0 0 0 0 0 0 0 0 0 0 0 0 0 0 0 0 0 0 0 0 0 0 0 0 0 0 0 0 0 1 0 0 0 0 0 0 0 0]
[2390673763308711416346876717538908177227184558224628369954566017169862108255546527667155036375771895435025318453879794650681258591669369092856035407944805784613086297022526639 0 0 0 0 0 0 0 0 0 0 0 0 0 0 0 0 0 0 0 0 0 0 0 0 0 0 0 0 0 0 0 0 0 0 0 0 0 0 0 0 0 0 0 0 0 0 0 0 0 1 0 0 0 0 0 0 0]
[1879177689116989419105043015703778196950556473384289769853105348540583083014391177154113014640668006318609446455597020142922357280783714444989836607850298213814793199247325809 0 0 0 0 0 0 0 0 0 0 0 0 0 0 0 0 0 0 0 0 0 0 0 0 0 0 0 0 0 0 0 0 0 0 0 0 0 0 0 0 0 0 0 0 0 0 0 0 0 0 1 0 0 0 0 0 0]
[40587621823678982806829590718266273232462913414678159255789361575415318214737200105366478033892164541046620947450414630461598388536278932054391406741602121896798223804731573 0 0 0 0 0 0 0 0 0 0 0 0 0 0 0 0 0 0 0 0 0 0 0 0 0 0 0 0 0 0 0 0 0 0 0 0 0 0 0 0 0 0 0 0 0 0 0 0 0 0 0 1 0 0 0 0 0]
[87436933920995836762931759293156761920851985488778324581832494555443874566259279889854290427713862037856839324167944928195021847329509361502662508300232853681200006581152533 0 0 0 0 0 0 0 0 0 0 0 0 0 0 0 0 0 0 0 0 0 0 0 0 0 0 0 0 0 0 0 0 0 0 0 0 0 0 0 0 0 0 0 0 0 0 0 0 0 0 0 0 1 0 0 0 0]
[9880611003380275819456121655253952634387050309811922458083448997641110168787067284842929694328767140694195179181003628905890677141990762068718630208857001102819670324989461 0 0 0 0 0 0 0 0 0 0 0 0 0 0 0 0 0 0 0 0 0 0 0 0 0 0 0 0 0 0 0 0 0 0 0 0 0 0 0 0 0 0 0 0 0 0 0 0 0 0 0 0 0 1 0 0 0]
[580391332751433430069966746296133715660553830471766003519738734845764473314319695462410371801189736117323607381978841312248077366012175113871729651296438942460834756777444274 0 0 0 0 0 0 0 0 0 0 0 0 0 0 0 0 0 0 0 0 0 0 0 0 0 0 0 0 0 0 0 0 0 0 0 0 0 0 0 0 0 0 0 0 0 0 0 0 0 0 0 0 0 0 1 0 0]
[1819827560980589877286394643151840871011425324533027413684483388963982929437654543892180701680857975719689312464513507179224293787668476037397160387068172749266107913044955901 0 0 0 0 0 0 0 0 0 0 0 0 0 0 0 0 0 0 0 0 0 0 0 0 0 0 0 0 0 0 0 0 0 0 0 0 0 0 0 0 0 0 0 0 0 0 0 0 0 0 0 0 0 0 0 1 0]
[543133842911082145599115320814975737950829166886123469663697371458313650225857748325631625803840839395610979391776302482738185975059297152676850300241858618633302517922892406 0 0 0 0 0 0 0 0 0 0 0 0 0 0 0 0 0 0 0 0 0 0 0 0 0 0 0 0 0 0 0 0 0 0 0 0 0 0 0 0 0 0 0 0 0 0 0 0 0 0 0 0 0 0 0 0 1]
]
58 59 7
[1 1 1 1 1 1 1 1 1 1 1 1 1 1 1 1 1 1 1 1 1 1 1 1 1 1 1 1 1 1 1 1 1 1 1 1 1 1 1 1 1 1 1 1 1 1 1 1 1 1 1 1 1 1 1 1 1 1 1]
