[[3503948755599736610188917994884664553322603598416223805500040437893161820321786978885453860019958171204670643475689913647292538757742109004789650310745599837614464404733964593 0 0 0 0 0 0 0 0 0 0 0 0 0 0 0 0 0 0 0 0 0 0 0 0 0 0 0 0 0 0 0 0 0 0 0 0 0 0 0 0 0 0 0 0 0 0 0 0 0 0 0 0 0 0 0 0 0]
[2595602629314655192696856338271140994690704692990848431842485298860002177737225315970602153234117341715230203503829326250384148988541189235592400419345257019462489084461497060 1 0 0 0 0 0 0 0 0 0 0 0 0 0 0 0 0 0 0 0 0 0 0 0 0 0 0 0 0 0 0 0 0 0 0 0 0 0 0 0 0 0 0 0 0 0 0 0 0 0 0 0 0 0 0 0 0]
[2779927261049020758273438774239961573748329782242268965580525122522997643964239254242042470136287133142655124261871617021955612044977425471843679049012774244898161042687852629 0 1 0 0 0 0 0 0 0 0 0 0 0 0 0 0 0 0 0 0 0 0 0 0 0 0 0 0 0 0 0 0 0 0 0 0 0 0 0 0 0 0 0 0 0 0 0 0 0 0 0 0 0 0 0 0 0]
[3181090226457961910038203595407108360888881750780966310137358242469285317450947760256294050281072315695821111364043308615631913671525721976740606942567616777741853728021221643 0 0 1 0 0 0 0 0 0 0 0 0 0 0 0 0 0 0 0 0 0 0 0 0 0 0 0 0 0 0 0 0 0 0 0 0 0 0 0 0 0 0 0 0 0 0 0 0 0 0 0 0 0 0 0 0 0]
[242499992369272327404674893819202905643799180404099417900574773940361651474667427957809856518549892154030966574791512183598010987990690426632278316222361529219789550786400410 0 0 0 1 0 0 0 0 0 0 0 0 0 0 0 0 0 0 0 0 0 0 0 0 0 0 0 0 0 0 0 0 0 0 0 0 0 0 0 0 0 0 0 0 0 0 0 0 0 0 0 0 0 0 0 0 0]
[1210460790415887933383312965952352213379495355116442071145700372038014568717165179114477973837431361802753567037484880055488404865018150782159026659355435589570174754514222650 0 0 0 0 1 0 0 0 0 0 0 0 0 0 0 0 0 0 0 0 0 0 0 0 0 0 0 0 0 0 0 0 0 0 0 0 0 0 0 0 0 0 0 0 0 0 0 0 0 0 0 0 0 0 0 0 0]
[1344989757944665937942293489460064643820183729312998663815769642559101511183824573065059325706084735717894810403036122063958344022513794502468664816347794088783163366192542911 0 0 0 0 0 1 0 0 0 0 0 0 0 0 0 0 0 0 0 0 0 0 0 0 0 0 0 0 0 0 0 0 0 0 0 0 0 0 0 0 0 0 0 0 0 0 0 0 0 0 0 0 0 0 0 0 0]
[2768724203607459837971739521060996189627845846890598136283630468542038629815256113954725631183774872851250841617306197432096333954315386055508118960127471107623823943839749316 0 0 0 0 0 0 1 0 0 0 0 0 0 0 0 0 0 0 0 0 0 0 0 0 0 0 0 0 0 0 0 0 0 0 0 0 0 0 0 0 0 0 0 0 0 0 0 0 0 0 0 0 0 0 0 0 0]
[1432600691026312148688873732882716913904106247230052057059315728737844704431981583480180470486247444666958399844508434485149682483103325435401109754244053950186307960729667244 0 0 0 0 0 0 0 1 0 0 0 0 0 0 0 0 0 0 0 0 0 0 0 0 0 0 0 0 0 0 0 0 0 0 0 0 0 0 0 0 0 0 0 0 0 0 0 0 0 0 0 0 0 0 0 0 0]
[695021248797922379367446450801986465833342251839055986022069674134749192793284715620987505830179142651129897605831757065270379874437298733034593306887959518525820280188001995 0 0 0 0 0 0 0 0 1 0 0 0 0 0 0 0 0 0 0 0 0 0 0 0 0 0 0 0 0 0 0 0 0 0 0 0 0 0 0 0 0 0 0 0 0 0 0 0 0 0 0 0 0 0 0 0 0]
[1659662270262949794800847954220583187039364217679725739723798033183682566129022403959028176494326811289873369155341594245278863579658786576190372692677613832471884471602730988 0 0 0 0 0 0 0 0 0 1 0 0 0 0 0 0 0 0 0 0 0 0 0 0 0 0 0 0 0 0 0 0 0 0 0 0 0 0 0 0 0 0 0 0 0 0 0 0 0 0 0 0 0 0 0 0 0]
[2689241920198800329774155491604230672559112281079052513240080497562520112958295933828945436682187785095026172402950123894763763217488624222262251266030986172580301440255224459 0 0 0 0 0 0 0 0 0 0 1 0 0 0 0 0 0 0 0 0 0 0 0 0 0 0 0 0 0 0 0 0 0 0 0 0 0 0 0 0 0 0 0 0 0 0 0 0 0 0 0 0 0 0 0 0 0]
[116171618095968629589321033938345854550885408662808578957797485935870273495308998003340398992630576438714591117947995348230410366034336221129418739779544363101851592127414603 0 0 0 0 0 0 0 0 0 0 0 1 0 0 0 0 0 0 0 0 0 0 0 0 0 0 0 0 0 0 0 0 0 0 0 0 0 0 0 0 0 0 0 0 0 0 0 0 0 0 0 0 0 0 0 0 0]
[2902067103867351021909090879042659659215929706549044730911961123533699278395922040377014653028247329292902498276834576005654644989256952928761959340275284695862384550708744113 0 0 0 0 0 0 0 0 0 0 0 0 1 0 0 0 0 0 0 0 0 0 0 0 0 0 0 0 0 0 0 0 0 0 0 0 0 0 0 0 0 0 0 0 0 0 0 0 0 0 0 0 0 0 0 0 0]
[914337528532528131529900818910486937021141797874856680882859880369041434323252952199224300530659813221534242811428213917690163782203006498448793875748987780817964189447254011 0 0 0 0 0 0 0 0 0 0 0 0 0 1 0 0 0 0 0 0 0 0 0 0 0 0 0 0 0 0 0 0 0 0 0 0 0 0 0 0 0 0 0 0 0 0 0 0 0 0 0 0 0 0 0 0 0]
[1460799313719037991885725288336016378562549496527137695497719154756205278059666755243186582385528290581947976427499919723045273179689111155429123499165162598424504275433082528 0 0 0 0 0 0 0 0 0 0 0 0 0 0 1 0 0 0 0 0 0 0 0 0 0 0 0 0 0 0 0 0 0 0 0 0 0 0 0 0 0 0 0 0 0 0 0 0 0 0 0 0 0 0 0 0 0]
[179416894893669659855756443749708244008866690355791271084673171179026775723759813217217312706250145961250219366810201025486737495302796303783163138726286342585433680643853519 0 0 0 0 0 0 0 0 0 0 0 0 0 0 0 1 0 0 0 0 0 0 0 0 0 0 0 0 0 0 0 0 0 0 0 0 0 0 0 0 0 0 0 0 0 0 0 0 0 0 0 0 0 0 0 0 0]
[1984016927287300951703895638397378908656336966051698936729226038171998408519226445491296717441754227113467012024481138311496627190018572904083671488809026697228874895882039488 0 0 0 0 0 0 0 0 0 0 0 0 0 0 0 0 1 0 0 0 0 0 0 0 0 0 0 0 0 0 0 0 0 0 0 0 0 0 0 0 0 0 0 0 0 0 0 0 0 0 0 0 0 0 0 0 0]
[271600503376938186633168112858734500694389033882036486927952010819355725608300735725706930846911097410677499761019068426655493099948950434146922872502727296825222414989232036 0 0 0 0 0 0 0 0 0 0 0 0 0 0 0 0 0 1 0 0 0 0 0 0 0 0 0 0 0 0 0 0 0 0 0 0 0 0 0 0 0 0 0 0 0 0 0 0 0 0 0 0 0 0 0 0 0]
[136464670741777876256289219702389089626016058459979967133407111663687907002989560027459777362463001450858729806756942113271805957812393250243809856366129489324052995207985745 0 0 0 0 0 0 0 0 0 0 0 0 0 0 0 0 0 0 1 0 0 0 0 0 0 0 0 0 0 0 0 0 0 0 0 0 0 0 0 0 0 0 0 0 0 0 0 0 0 0 0 0 0 0 0 0 0]
[896312414136022072299569728931593305337170224648106906340590092252155429570450290672500734561438452579319785125303422793087674748338976507560732997529914747517341990846292941 0 0 0 0 0 0 0 0 0 0 0 0 0 0 0 0 0 0 0 1 0 0 0 0 0 0 0 0 0 0 0 0 0 0 0 0 0 0 0 0 0 0 0 0 0 0 0 0 0 0 0 0 0 0 0 0 0]
[2715344137901996011625428285057335694432219574413913983766668499348763585901583452473111608311358198760341817118632997752722588496438250248997893766570468580371333255075701766 0 0 0 0 0 0 0 0 0 0 0 0 0 0 0 0 0 0 0 0 1 0 0 0 0 0 0 0 0 0 0 0 0 0 0 0 0 0 0 0 0 0 0 0 0 0 0 0 0 0 0 0 0 0 0 0 0]
[642651163091112654784241963638154485452754312294419295493611885932703725123998323085195921868920258116890705526530821706436619779002872249348031646096499046226072572092143650 0 0 0 0 0 0 0 0 0 0 0 0 0 0 0 0 0 0 0 0 0 1 0 0 0 0 0 0 0 0 0 0 0 0 0 0 0 0 0 0 0 0 0 0 0 0 0 0 0 0 0 0 0 0 0 0 0]
[350007709345312144067020086476409212315617865190795031686690910572140608638794806129587948039512714692097346708869278363106795433746877215424635557070234617308280901015347038 0 0 0 0 0 0 0 0 0 0 0 0 0 0 0 0 0 0 0 0 0 0 1 0 0 0 0 0 0 0 0 0 0 0 0 0 0 0 0 0 0 0 0 0 0 0 0 0 0 0 0 0 0 0 0 0 0]
[2792838265808395685031134150509298825812495618769834860676589460102931309014173139176583272729203065378013574652879623740464268829110512094299843751918074864503657104965311336 0 0 0 0 0 0 0 0 0 0 0 0 0 0 0 0 0 0 0 0 0 0 0 1 0 0 0 0 0 0 0 0 0 0 0 0 0 0 0 0 0 0 0 0 0 0 0 0 0 0 0 0 0 0 0 0 0]
[611732390973591811888735920293684929186038945729517629023491578842790980871322167705642220519211662820646433729403508955906609898267787499811070515187497287200154789842340736 0 0 0 0 0 0 0 0 0 0 0 0 0 0 0 0 0 0 0 0 0 0 0 0 1 0 0 0 0 0 0 0 0 0 0 0 0 0 0 0 0 0 0 0 0 0 0 0 0 0 0 0 0 0 0 0 0]
[1026379355311371707127227502625063644972094470127498969830038920090554738407762168716977831329976218949120238795793871511429824113168020501911490330002182901238222642371402906 0 0 0 0 0 0 0 0 0 0 0 0 0 0 0 0 0 0 0 0 0 0 0 0 0 1 0 0 0 0 0 0 0 0 0 0 0 0 0 0 0 0 0 0 0 0 0 0 0 0 0 0 0 0 0 0 0]
[2968915782073502702889249959796280943154559089324905518117125017994726583644094522552928482678392040324877900501279598907610470395269014993498502706571174103852031603725122248 0 0 0 0 0 0 0 0 0 0 0 0 0 0 0 0 0 0 0 0 0 0 0 0 0 0 1 0 0 0 0 0 0 0 0 0 0 0 0 0 0 0 0 0 0 0 0 0 0 0 0 0 0 0 0 0 0]
[3052354082225855679850378875451330896766368828558989142488887214355091028427304778782736869097691434010292317091825588508525946019860365499722622760731752647186250704437577056 0 0 0 0 0 0 0 0 0 0 0 0 0 0 0 0 0 0 0 0 0 0 0 0 0 0 0 1 0 0 0 0 0 0 0 0 0 0 0 0 0 0 0 0 0 0 0 0 0 0 0 0 0 0 0 0 0]
[3046021225652866001953078806979889656729550577943113961724984505736407079552273052063985454707184468109361529640712865565081282766181233614116775624241372841063463114163564048 0 0 0 0 0 0 0 0 0 0 0 0 0 0 0 0 0 0 0 0 0 0 0 0 0 0 0 0 1 0 0 0 0 0 0 0 0 0 0 0 0 0 0 0 0 0 0 0 0 0 0 0 0 0 0 0 0]
[2461284321470033184810214166233470822167734952740020794898726152442078879501138371899655368380436321333861512992397146969953159837758101797611574455751131153001116858543836744 0 0 0 0 0 0 0 0 0 0 0 0 0 0 0 0 0 0 0 0 0 0 0 0 0 0 0 0 0 1 0 0 0 0 0 0 0 0 0 0 0 0 0 0 0 0 0 0 0 0 0 0 0 0 0 0 0]
[2997638882213983240939992189888652745995637306954922964267881438515400721901147246709729429071556130317016209545639161881922458670367773579849228619095952979249319638048764238 0 0 0 0 0 0 0 0 0 0 0 0 0 0 0 0 0 0 0 0 0 0 0 0 0 0 0 0 0 0 1 0 0 0 0 0 0 0 0 0 0 0 0 0 0 0 0 0 0 0 0 0 0 0 0 0 0]
[1251219070303659235672287484400688406596427624854110035469193922014528207585185653886335853349056449984955432297137132446143825850203561776022617834417830555406365003194224525 0 0 0 0 0 0 0 0 0 0 0 0 0 0 0 0 0 0 0 0 0 0 0 0 0 0 0 0 0 0 0 1 0 0 0 0 0 0 0 0 0 0 0 0 0 0 0 0 0 0 0 0 0 0 0 0 0]
[1063116724084165320583940952058446467372684760562889768957390882690860155852351377944522274944788448078603675403777768843634338353870305715610693940999177720128082045036251162 0 0 0 0 0 0 0 0 0 0 0 0 0 0 0 0 0 0 0 0 0 0 0 0 0 0 0 0 0 0 0 0 1 0 0 0 0 0 0 0 0 0 0 0 0 0 0 0 0 0 0 0 0 0 0 0 0]
[2920957396549017531022407515655478322446173369553227667580358009861057718405258716821078682553789741290156629394697814448005301080255266874796778057240032772598515095041362424 0 0 0 0 0 0 0 0 0 0 0 0 0 0 0 0 0 0 0 0 0 0 0 0 0 0 0 0 0 0 0 0 0 1 0 0 0 0 0 0 0 0 0 0 0 0 0 0 0 0 0 0 0 0 0 0 0]
[2809618992558670106199291238584604991405435617723300704092360153277022668280933481244418580322174847534050580196504443798579915768625131668831534193183491838270017909709844893 0 0 0 0 0 0 0 0 0 0 0 0 0 0 0 0 0 0 0 0 0 0 0 0 0 0 0 0 0 0 0 0 0 0 1 0 0 0 0 0 0 0 0 0 0 0 0 0 0 0 0 0 0 0 0 0 0]
[1657883334442210564810065787267037128729871733211190428290418756843781886346227393004619791976026592474772947150215475889485543671913791367238417754175049888958788999380227940 0 0 0 0 0 0 0 0 0 0 0 0 0 0 0 0 0 0 0 0 0 0 0 0 0 0 0 0 0 0 0 0 0 0 0 1 0 0 0 0 0 0 0 0 0 0 0 0 0 0 0 0 0 0 0 0 0]
[781834649557223012890368559208895426817851684185955227108826213781989023320145901753043529267048892320423059114033246098896645665739878986577864156065556300905679892935151794 0 0 0 0 0 0 0 0 0 0 0 0 0 0 0 0 0 0 0 0 0 0 0 0 0 0 0 0 0 0 0 0 0 0 0 0 1 0 0 0 0 0 0 0 0 0 0 0 0 0 0 0 0 0 0 0 0]
[2865942260490676142520723736442711969207016993736628172789194447297686156670715655359580936812676359741150206744113095099296018393466164758279610058666800236195598891719536047 0 0 0 0 0 0 0 0 0 0 0 0 0 0 0 0 0 0 0 0 0 0 0 0 0 0 0 0 0 0 0 0 0 0 0 0 0 1 0 0 0 0 0 0 0 0 0 0 0 0 0 0 0 0 0 0 0]
[316314209835843681510323973388136574062062661290067075690529679571984971678005740206127260850316075029022930145832994312795405169642264672691078740616139488314530842753097642 0 0 0 0 0 0 0 0 0 0 0 0 0 0 0 0 0 0 0 0 0 0 0 0 0 0 0 0 0 0 0 0 0 0 0 0 0 0 1 0 0 0 0 0 0 0 0 0 0 0 0 0 0 0 0 0 0]
[3378961556924367983529992169581302225242716349055627486716403641484976467906866578600702535950823932488440650859871419587680932098172226628991616837448392453654422383019240483 0 0 0 0 0 0 0 0 0 0 0 0 0 0 0 0 0 0 0 0 0 0 0 0 0 0 0 0 0 0 0 0 0 0 0 0 0 0 0 1 0 0 0 0 0 0 0 0 0 0 0 0 0 0 0 0 0]
[1634712640370963231543291506894758928533315721144232786184360023965454389728899822601375430575017912412344948456002173039815778207290571288077017924769718591600329810810149843 0 0 0 0 0 0 0 0 0 0 0 0 0 0 0 0 0 0 0 0 0 0 0 0 0 0 0 0 0 0 0 0 0 0 0 0 0 0 0 0 1 0 0 0 0 0 0 0 0 0 0 0 0 0 0 0 0]
[3243128806731596306188198112356766396926014128460706643085099163766042989741466366539678316090474061943517119390338157655251182108605230808508699259982697382722444673299933157 0 0 0 0 0 0 0 0 0 0 0 0 0 0 0 0 0 0 0 0 0 0 0 0 0 0 0 0 0 0 0 0 0 0 0 0 0 0 0 0 0 1 0 0 0 0 0 0 0 0 0 0 0 0 0 0 0]
[24363682794057129470312831987520464079570962388104972085973216232053368097929334160691455011922307746340320716421183042575067964060417014298970753846147133546301613206187469 0 0 0 0 0 0 0 0 0 0 0 0 0 0 0 0 0 0 0 0 0 0 0 0 0 0 0 0 0 0 0 0 0 0 0 0 0 0 0 0 0 0 1 0 0 0 0 0 0 0 0 0 0 0 0 0 0]
[96955993389383828639246060009570325688119280148045655499241119565286485235402511724192357384628921318180280134051476462899389206256304520515742107776345408076647712824096675 0 0 0 0 0 0 0 0 0 0 0 0 0 0 0 0 0 0 0 0 0 0 0 0 0 0 0 0 0 0 0 0 0 0 0 0 0 0 0 0 0 0 0 1 0 0 0 0 0 0 0 0 0 0 0 0 0]
[300357354251806231405017710059127818675599668087388840674322565411861044104981033199167917931645027845304001481229452044739897232064618599354573094048764248480291270248305903 0 0 0 0 0 0 0 0 0 0 0 0 0 0 0 0 0 0 0 0 0 0 0 0 0 0 0 0 0 0 0 0 0 0 0 0 0 0 0 0 0 0 0 0 1 0 0 0 0 0 0 0 0 0 0 0 0]
[844473105773813689953343389592041131008184830136669212582821612442811269011094978852599206501691516419999141992409468150381162909739494793480450586283724343266857724906724726 0 0 0 0 0 0 0 0 0 0 0 0 0 0 0 0 0 0 0 0 0 0 0 0 0 0 0 0 0 0 0 0 0 0 0 0 0 0 0 0 0 0 0 0 0 1 0 0 0 0 0 0 0 0 0 0 0]
[1417675316326509740873754030231320013664153954870834909157124707493621187470939913933774871138688428601780524208730824259330075686259975008388069561596318085833227451318712479 0 0 0 0 0 0 0 0 0 0 0 0 0 0 0 0 0 0 0 0 0 0 0 0 0 0 0 0 0 0 0 0 0 0 0 0 0 0 0 0 0 0 0 0 0 0 1 0 0 0 0 0 0 0 0 0 0]
[282123823251425318312912474231756848164838327791163814735200506720831663353129590695122117347027403119718110578273617108382885882466945860957859541488486757406001673267332943 0 0 0 0 0 0 0 0 0 0 0 0 0 0 0 0 0 0 0 0 0 0 0 0 0 0 0 0 0 0 0 0 0 0 0 0 0 0 0 0 0 0 0 0 0 0 0 1 0 0 0 0 0 0 0 0 0]
[2049177596396988411621540866246252866841497724815337665773418219731685004730122051214547546714877763185813923546076969213700918726762293579796970472603174267997939300571612696 0 0 0 0 0 0 0 0 0 0 0 0 0 0 0 0 0 0 0 0 0 0 0 0 0 0 0 0 0 0 0 0 0 0 0 0 0 0 0 0 0 0 0 0 0 0 0 0 1 0 0 0 0 0 0 0 0]
[2239555335499435754028078050035354733520738542784889399470174816268218715463629839172365632656033958921259647505047734060779148167536213956302867693238983681974760673791713409 0 0 0 0 0 0 0 0 0 0 0 0 0 0 0 0 0 0 0 0 0 0 0 0 0 0 0 0 0 0 0 0 0 0 0 0 0 0 0 0 0 0 0 0 0 0 0 0 0 1 0 0 0 0 0 0 0]
[2622660253577842504810273683296662491185840279699997627460032690243385210318920555684980896235906492332537067958120177582193595374082220491181447927246130303962421546111183085 0 0 0 0 0 0 0 0 0 0 0 0 0 0 0 0 0 0 0 0 0 0 0 0 0 0 0 0 0 0 0 0 0 0 0 0 0 0 0 0 0 0 0 0 0 0 0 0 0 0 1 0 0 0 0 0 0]
[2042504879084018485521140376755594601205285156852909058641376483626455587169761963927983692217712322682201789047866426677399979638253283448971047421244292768489422002718274677 0 0 0 0 0 0 0 0 0 0 0 0 0 0 0 0 0 0 0 0 0 0 0 0 0 0 0 0 0 0 0 0 0 0 0 0 0 0 0 0 0 0 0 0 0 0 0 0 0 0 0 1 0 0 0 0 0]
[45274942581928191983600616528046810255117798077704390694652320513460197121714311224609796357388056388075643978680162534270435924813601195246388548402663195321369628888325405 0 0 0 0 0 0 0 0 0 0 0 0 0 0 0 0 0 0 0 0 0 0 0 0 0 0 0 0 0 0 0 0 0 0 0 0 0 0 0 0 0 0 0 0 0 0 0 0 0 0 0 0 1 0 0 0 0]
[3257267294558882203467555507495541012141625967726954864512056161505157089874934281132199057330812032884987857821418292434471693562914604615395093833292605927468816856687897561 0 0 0 0 0 0 0 0 0 0 0 0 0 0 0 0 0 0 0 0 0 0 0 0 0 0 0 0 0 0 0 0 0 0 0 0 0 0 0 0 0 0 0 0 0 0 0 0 0 0 0 0 0 1 0 0 0]
[504246027298034595267034602186164907085578599706247888440783748143663051144939219605132139693908358737844454127867399418098265208963810581907874542721306157596193486569472789 0 0 0 0 0 0 0 0 0 0 0 0 0 0 0 0 0 0 0 0 0 0 0 0 0 0 0 0 0 0 0 0 0 0 0 0 0 0 0 0 0 0 0 0 0 0 0 0 0 0 0 0 0 0 1 0 0]
[1894207100203459984969688134676304969223609625071185159721779498062740209561070238195852319265187894450585735494745192890859353336380630343127243987985203663227376194661960146 0 0 0 0 0 0 0 0 0 0 0 0 0 0 0 0 0 0 0 0 0 0 0 0 0 0 0 0 0 0 0 0 0 0 0 0 0 0 0 0 0 0 0 0 0 0 0 0 0 0 0 0 0 0 0 1 0]
[1200238261657797794605241568264147125047452051114204799905027671919338507708488301138065136786124503822416396522923875701874810188108334668462932927503097182267249958280409062 0 0 0 0 0 0 0 0 0 0 0 0 0 0 0 0 0 0 0 0 0 0 0 0 0 0 0 0 0 0 0 0 0 0 0 0 0 0 0 0 0 0 0 0 0 0 0 0 0 0 0 0 0 0 0 0 1]
]
58 59 3
[1 1 1 1 1 1 1 1 1 1 1 1 1 1 1 1 1 1 1 1 1 1 1 1 1 1 1 1 1 1 1 1 1 1 1 1 1 1 1 1 1 1 1 1 1 1 1 1 1 1 1 1 1 1 1 1 1 1 1]
