[[3304201245109666997498584580399539699926980149546848884028140554219748340211797152873301628981728173867167438020055638152572234445772185590987207538714195550626295636972726701 0 0 0 0 0 0 0 0 0 0 0 0 0 0 0 0 0 0 0 0 0 0 0 0 0 0 0 0 0 0 0 0 0 0 0 0 0 0 0 0 0 0 0 0 0 0 0 0 0 0 0 0 0 0 0 0 0]
[983479739545490033447652610634809984619386562151068930114187544291640627420376915085751614876442277109772043307383470033495192823122709376145940040561571453898029329463915980 1 0 0 0 0 0 0 0 0 0 0 0 0 0 0 0 0 0 0 0 0 0 0 0 0 0 0 0 0 0 0 0 0 0 0 0 0 0 0 0 0 0 0 0 0 0 0 0 0 0 0 0 0 0 0 0 0]
[1085551036960010179097328737385856113392549110526730594754952113370640131464364220104699684491540740447136515832127104258700168033469803757117082816695239627584178891700850857 0 1 0 0 0 0 0 0 0 0 0 0 0 0 0 0 0 0 0 0 0 0 0 0 0 0 0 0 0 0 0 0 0 0 0 0 0 0 0 0 0 0 0 0 0 0 0 0 0 0 0 0 0 0 0 0 0]
[1912790534585348928664436337308927410238803619831447148979205695500938924158474269465579978278356890824907673191884016208695915888337175409283935151251274562533237065507124953 0 0 1 0 0 0 0 0 0 0 0 0 0 0 0 0 0 0 0 0 0 0 0 0 0 0 0 0 0 0 0 0 0 0 0 0 0 0 0 0 0 0 0 0 0 0 0 0 0 0 0 0 0 0 0 0 0]
[1297664250784366283296168910208229307589217753829073709911789606340166607622138134124686315901487598069099620094979040103072489647942653302794603461118359516682756161273035637 0 0 0 1 0 0 0 0 0 0 0 0 0 0 0 0 0 0 0 0 0 0 0 0 0 0 0 0 0 0 0 0 0 0 0 0 0 0 0 0 0 0 0 0 0 0 0 0 0 0 0 0 0 0 0 0 0]
[690087954520296337255994681027618113877294186025264969860051710314668499259572879707020407231176611814580063214446913402973490024556693303440178727190051286872774644748260003 0 0 0 0 1 0 0 0 0 0 0 0 0 0 0 0 0 0 0 0 0 0 0 0 0 0 0 0 0 0 0 0 0 0 0 0 0 0 0 0 0 0 0 0 0 0 0 0 0 0 0 0 0 0 0 0 0]
[1410216554052947551019823904345091130254687802913846085427938857608372021624369182793747684971677982966033767203864558926324938721791417823580688156426046375098546486136676833 0 0 0 0 0 1 0 0 0 0 0 0 0 0 0 0 0 0 0 0 0 0 0 0 0 0 0 0 0 0 0 0 0 0 0 0 0 0 0 0 0 0 0 0 0 0 0 0 0 0 0 0 0 0 0 0 0]
[162889350201897219752882878800019197387789456951508482252988732001703072029519446985426857403214612170577628372806037690265038249145061071410279929528800890595462590305447134 0 0 0 0 0 0 1 0 0 0 0 0 0 0 0 0 0 0 0 0 0 0 0 0 0 0 0 0 0 0 0 0 0 0 0 0 0 0 0 0 0 0 0 0 0 0 0 0 0 0 0 0 0 0 0 0 0]
[238180316468911725037573262552795593574038838232978756874556134194226598426160837060394426340003394730003429331010109718506836470192453589191622156544271244718195407223776850 0 0 0 0 0 0 0 1 0 0 0 0 0 0 0 0 0 0 0 0 0 0 0 0 0 0 0 0 0 0 0 0 0 0 0 0 0 0 0 0 0 0 0 0 0 0 0 0 0 0 0 0 0 0 0 0 0]
[1754844217833738978743763371800664393406236632931071268836492214642210436264447145473304742913665961102936286267873524832397724458700546449892206223411628616855330788777673691 0 0 0 0 0 0 0 0 1 0 0 0 0 0 0 0 0 0 0 0 0 0 0 0 0 0 0 0 0 0 0 0 0 0 0 0 0 0 0 0 0 0 0 0 0 0 0 0 0 0 0 0 0 0 0 0 0]
[770323941095550735015578410478454569257562174038239680986674523441872270400913715966392704417436071595948534494264369555041565342147746253780383559728524783106389820419246910 0 0 0 0 0 0 0 0 0 1 0 0 0 0 0 0 0 0 0 0 0 0 0 0 0 0 0 0 0 0 0 0 0 0 0 0 0 0 0 0 0 0 0 0 0 0 0 0 0 0 0 0 0 0 0 0 0]
[603645388663935725031602464537966730247786360390259574260724175751439203034245210422066041594882995202907913017454704657094217238617558356166661387945606759476127956962221531 0 0 0 0 0 0 0 0 0 0 1 0 0 0 0 0 0 0 0 0 0 0 0 0 0 0 0 0 0 0 0 0 0 0 0 0 0 0 0 0 0 0 0 0 0 0 0 0 0 0 0 0 0 0 0 0 0]
[267679927030919100773598540912718882078822568198759287015126622710036743581697012806420759104321952666489346208196509324989550326241007376627200892936064003470733666043662868 0 0 0 0 0 0 0 0 0 0 0 1 0 0 0 0 0 0 0 0 0 0 0 0 0 0 0 0 0 0 0 0 0 0 0 0 0 0 0 0 0 0 0 0 0 0 0 0 0 0 0 0 0 0 0 0 0]
[476759489934991930531640717570794041091829874467677437726555479159409364808795009038103367774703230127147954281374460476292630646889761625325980779490279778353819476375948960 0 0 0 0 0 0 0 0 0 0 0 0 1 0 0 0 0 0 0 0 0 0 0 0 0 0 0 0 0 0 0 0 0 0 0 0 0 0 0 0 0 0 0 0 0 0 0 0 0 0 0 0 0 0 0 0 0]
[89926776064715246126560756127820689158909964508911297950530696575251598027868636298325486265343955581168439453013368766119827612488714664793443918022698535786648259956012528 0 0 0 0 0 0 0 0 0 0 0 0 0 1 0 0 0 0 0 0 0 0 0 0 0 0 0 0 0 0 0 0 0 0 0 0 0 0 0 0 0 0 0 0 0 0 0 0 0 0 0 0 0 0 0 0 0]
[2061081738003620974487506319960033203381177068905029072462731902746125235223464438363454789322476803117010850049335303902514244672773681346599594739911915474489401575040319175 0 0 0 0 0 0 0 0 0 0 0 0 0 0 1 0 0 0 0 0 0 0 0 0 0 0 0 0 0 0 0 0 0 0 0 0 0 0 0 0 0 0 0 0 0 0 0 0 0 0 0 0 0 0 0 0 0]
[1993809021527592679512006953978052441363019539313072804359661123927031449817417920138054537539392126539699647252348415204597033971826005511137772765570108808448541293013141798 0 0 0 0 0 0 0 0 0 0 0 0 0 0 0 1 0 0 0 0 0 0 0 0 0 0 0 0 0 0 0 0 0 0 0 0 0 0 0 0 0 0 0 0 0 0 0 0 0 0 0 0 0 0 0 0 0]
[1021841581261254571093563331120197041450686687209659478726498839068791298190306211163940686959463091188333688737164649144309738356544920106995922106966291362752841413008974922 0 0 0 0 0 0 0 0 0 0 0 0 0 0 0 0 1 0 0 0 0 0 0 0 0 0 0 0 0 0 0 0 0 0 0 0 0 0 0 0 0 0 0 0 0 0 0 0 0 0 0 0 0 0 0 0 0]
[3057086028549551503957834992180016882485283067613228937928629021251244029593932860568405235135346627457892553082615509391953566986005988954278107499149767560873688162668036752 0 0 0 0 0 0 0 0 0 0 0 0 0 0 0 0 0 1 0 0 0 0 0 0 0 0 0 0 0 0 0 0 0 0 0 0 0 0 0 0 0 0 0 0 0 0 0 0 0 0 0 0 0 0 0 0 0]
[852852300000094910706101062790396325962539474060329254937093616553536861441342941367073136484997137401083237372979370437552670330603301242913446313532598621756824708935128603 0 0 0 0 0 0 0 0 0 0 0 0 0 0 0 0 0 0 1 0 0 0 0 0 0 0 0 0 0 0 0 0 0 0 0 0 0 0 0 0 0 0 0 0 0 0 0 0 0 0 0 0 0 0 0 0 0]
[2120788664273658372711858962638857542392127950563370531844105563875218495720359743183457160943475333815742971301737617598200630874104818430015547971034511340975568367071848944 0 0 0 0 0 0 0 0 0 0 0 0 0 0 0 0 0 0 0 1 0 0 0 0 0 0 0 0 0 0 0 0 0 0 0 0 0 0 0 0 0 0 0 0 0 0 0 0 0 0 0 0 0 0 0 0 0]
[2509854123641558093096456990505651233712334770327659519495421606730160137894675979272778400563628926340471275385082133767210750978915567535419053801517779876850097937263251474 0 0 0 0 0 0 0 0 0 0 0 0 0 0 0 0 0 0 0 0 1 0 0 0 0 0 0 0 0 0 0 0 0 0 0 0 0 0 0 0 0 0 0 0 0 0 0 0 0 0 0 0 0 0 0 0 0]
[2983523267995632847449411736858102536224308315341444138692877851573378155358344234238416949104644710289403623223354226194033102646043562688408656597820698606024607979702855405 0 0 0 0 0 0 0 0 0 0 0 0 0 0 0 0 0 0 0 0 0 1 0 0 0 0 0 0 0 0 0 0 0 0 0 0 0 0 0 0 0 0 0 0 0 0 0 0 0 0 0 0 0 0 0 0 0]
[64990258461641810865994489002959509678890324958326150088062669257604659828413647724858223497141064056887539057499412123065766049229083085260375954123781206524484916773571288 0 0 0 0 0 0 0 0 0 0 0 0 0 0 0 0 0 0 0 0 0 0 1 0 0 0 0 0 0 0 0 0 0 0 0 0 0 0 0 0 0 0 0 0 0 0 0 0 0 0 0 0 0 0 0 0 0]
[2028418212303447212692839271670381666699218021332272634220570908317083594980279101225083980919061388129828949702771484761588778946255628297007805084023786087956896041944862172 0 0 0 0 0 0 0 0 0 0 0 0 0 0 0 0 0 0 0 0 0 0 0 1 0 0 0 0 0 0 0 0 0 0 0 0 0 0 0 0 0 0 0 0 0 0 0 0 0 0 0 0 0 0 0 0 0]
[949060089874146648968370917446425232574915378518205057758031642131813882522599315095364683133958433965229467573201717290357957606780717278038938217156016506242238643378786235 0 0 0 0 0 0 0 0 0 0 0 0 0 0 0 0 0 0 0 0 0 0 0 0 1 0 0 0 0 0 0 0 0 0 0 0 0 0 0 0 0 0 0 0 0 0 0 0 0 0 0 0 0 0 0 0 0]
[63365083387319923385117718830995226745866818029718298498645895856969813867471531944076843496659640927573808073159296411966322132521268297375713559832190159328358145064053163 0 0 0 0 0 0 0 0 0 0 0 0 0 0 0 0 0 0 0 0 0 0 0 0 0 1 0 0 0 0 0 0 0 0 0 0 0 0 0 0 0 0 0 0 0 0 0 0 0 0 0 0 0 0 0 0 0]
[569794278679132641749231242633451007114896982352132559407938075423539731865234273506127512815606990628716850349223721442836937271335158697186087387430548993129708658057807938 0 0 0 0 0 0 0 0 0 0 0 0 0 0 0 0 0 0 0 0 0 0 0 0 0 0 1 0 0 0 0 0 0 0 0 0 0 0 0 0 0 0 0 0 0 0 0 0 0 0 0 0 0 0 0 0 0]
[2574409433527689185446273881955754075768880990731504809049076167167705730169894022129106011120684794463220546715606128376216754207000738460888965371651887871602130796302455527 0 0 0 0 0 0 0 0 0 0 0 0 0 0 0 0 0 0 0 0 0 0 0 0 0 0 0 1 0 0 0 0 0 0 0 0 0 0 0 0 0 0 0 0 0 0 0 0 0 0 0 0 0 0 0 0 0]
[912962233202612560953675975637996128275046455040046904690613599930766238942919308604709954772416527364867649127815049722461434929509559669512009601267209901413860465443619538 0 0 0 0 0 0 0 0 0 0 0 0 0 0 0 0 0 0 0 0 0 0 0 0 0 0 0 0 1 0 0 0 0 0 0 0 0 0 0 0 0 0 0 0 0 0 0 0 0 0 0 0 0 0 0 0 0]
[1420926096726090303949235815674224454380146419679638981862499394917455645782329873184991508196442792235440972251892043934701034312257266893190921030680157262299661305406483379 0 0 0 0 0 0 0 0 0 0 0 0 0 0 0 0 0 0 0 0 0 0 0 0 0 0 0 0 0 1 0 0 0 0 0 0 0 0 0 0 0 0 0 0 0 0 0 0 0 0 0 0 0 0 0 0 0]
[2785657549477755194201363282133418734933958480427089046517087238887671950471870912474340224264838214686683165139663896329910413212537785512079620327116363224458537473102963740 0 0 0 0 0 0 0 0 0 0 0 0 0 0 0 0 0 0 0 0 0 0 0 0 0 0 0 0 0 0 1 0 0 0 0 0 0 0 0 0 0 0 0 0 0 0 0 0 0 0 0 0 0 0 0 0 0]
[1973547486181795492527674441572638345054881000565346123947964662318153894692115263490896175541247492886642051748947483426454741581838198471491897550145421686982597688203503935 0 0 0 0 0 0 0 0 0 0 0 0 0 0 0 0 0 0 0 0 0 0 0 0 0 0 0 0 0 0 0 1 0 0 0 0 0 0 0 0 0 0 0 0 0 0 0 0 0 0 0 0 0 0 0 0 0]
[2828941747451503683344204560530843388622950186757398450006876275207764742393194249249377871472490574282487607980950185924296208047928237048572207269494250198998250572176151399 0 0 0 0 0 0 0 0 0 0 0 0 0 0 0 0 0 0 0 0 0 0 0 0 0 0 0 0 0 0 0 0 1 0 0 0 0 0 0 0 0 0 0 0 0 0 0 0 0 0 0 0 0 0 0 0 0]
[2088306269604773080146672008630323366663922484383068526713413695980792071727616281966579652317117774293453094552963508499335909868819202765608679059846729178242871038447246425 0 0 0 0 0 0 0 0 0 0 0 0 0 0 0 0 0 0 0 0 0 0 0 0 0 0 0 0 0 0 0 0 0 1 0 0 0 0 0 0 0 0 0 0 0 0 0 0 0 0 0 0 0 0 0 0 0]
[362628162611424476104708881991490076236609491085944266301107395616558544755829514269269198304623654542471324130372045960268527849576518265343608711099308853325629626567569413 0 0 0 0 0 0 0 0 0 0 0 0 0 0 0 0 0 0 0 0 0 0 0 0 0 0 0 0 0 0 0 0 0 0 1 0 0 0 0 0 0 0 0 0 0 0 0 0 0 0 0 0 0 0 0 0 0]
[1007376353863241986054436806444265542250910011476666912271683107702174040172786699688098835997250794967009091105441176624377109672345446008015300223214914644241442857477322273 0 0 0 0 0 0 0 0 0 0 0 0 0 0 0 0 0 0 0 0 0 0 0 0 0 0 0 0 0 0 0 0 0 0 0 1 0 0 0 0 0 0 0 0 0 0 0 0 0 0 0 0 0 0 0 0 0]
[69137112460198107494418670410567401745080305751176749845215591596579825152704418446070182423217526737236947367370934094788142073213366760150723990106033410238815448698676697 0 0 0 0 0 0 0 0 0 0 0 0 0 0 0 0 0 0 0 0 0 0 0 0 0 0 0 0 0 0 0 0 0 0 0 0 1 0 0 0 0 0 0 0 0 0 0 0 0 0 0 0 0 0 0 0 0]
[2036075515245542782509979778827486050463897288420982139656158889545361398115110568162681931272544215747468897341545478820341386261963474099104569786477808224821983101085298092 0 0 0 0 0 0 0 0 0 0 0 0 0 0 0 0 0 0 0 0 0 0 0 0 0 0 0 0 0 0 0 0 0 0 0 0 0 1 0 0 0 0 0 0 0 0 0 0 0 0 0 0 0 0 0 0 0]
[381567788825889939679198883805712485738095338069230689827638459445952909008694810802901118606291559853217405654477000746517559807137244127169395940073517095925885522198563795 0 0 0 0 0 0 0 0 0 0 0 0 0 0 0 0 0 0 0 0 0 0 0 0 0 0 0 0 0 0 0 0 0 0 0 0 0 0 1 0 0 0 0 0 0 0 0 0 0 0 0 0 0 0 0 0 0]
[3244465848527048454619355344792865538758640905699055905018772241281527400184779366144535869440504939994083393063225717887493881204916800648979686188614735206256677376470184358 0 0 0 0 0 0 0 0 0 0 0 0 0 0 0 0 0 0 0 0 0 0 0 0 0 0 0 0 0 0 0 0 0 0 0 0 0 0 0 1 0 0 0 0 0 0 0 0 0 0 0 0 0 0 0 0 0]
[2457665569893292997047910229835066347958198607238776313741388087975617644952143956197965033168197164675321936966425756765697355312195632698003439046333192506643960101716641766 0 0 0 0 0 0 0 0 0 0 0 0 0 0 0 0 0 0 0 0 0 0 0 0 0 0 0 0 0 0 0 0 0 0 0 0 0 0 0 0 1 0 0 0 0 0 0 0 0 0 0 0 0 0 0 0 0]
[962321778422190270347376436749709168948607457234921541609932463289639528870125319415008603483496878270579875441634343889453121341596043196307250589474902706711594437783730865 0 0 0 0 0 0 0 0 0 0 0 0 0 0 0 0 0 0 0 0 0 0 0 0 0 0 0 0 0 0 0 0 0 0 0 0 0 0 0 0 0 1 0 0 0 0 0 0 0 0 0 0 0 0 0 0 0]
[137267323459637649452896806440898071229830212948776470408952857946580592334895842255276502058052428631339168804540748912975477135037290134095386776364194202969306356513222951 0 0 0 0 0 0 0 0 0 0 0 0 0 0 0 0 0 0 0 0 0 0 0 0 0 0 0 0 0 0 0 0 0 0 0 0 0 0 0 0 0 0 1 0 0 0 0 0 0 0 0 0 0 0 0 0 0]
[2026621542623198978494608028079289855102906296748594482923039618776758783299739630755628169599879665553306451284288367809651273867558184161829386078956451867806025291357703680 0 0 0 0 0 0 0 0 0 0 0 0 0 0 0 0 0 0 0 0 0 0 0 0 0 0 0 0 0 0 0 0 0 0 0 0 0 0 0 0 0 0 0 1 0 0 0 0 0 0 0 0 0 0 0 0 0]
[41454929186136573583239280703125187126254394478436319031353808304217529077011873556566521222378788530399418512400540986515661237728173431933726515635058283324558524187871405 0 0 0 0 0 0 0 0 0 0 0 0 0 0 0 0 0 0 0 0 0 0 0 0 0 0 0 0 0 0 0 0 0 0 0 0 0 0 0 0 0 0 0 0 1 0 0 0 0 0 0 0 0 0 0 0 0]
[1285111618481768092656178363571373361772344760980022994555162540762650568382377142385754994642842732137491191551713759873390740836804896211764770014376216886372162132214319113 0 0 0 0 0 0 0 0 0 0 0 0 0 0 0 0 0 0 0 0 0 0 0 0 0 0 0 0 0 0 0 0 0 0 0 0 0 0 0 0 0 0 0 0 0 1 0 0 0 0 0 0 0 0 0 0 0]
[216651116135676374672771753599807612830113275517239931020845572594674965554394856646347977376688675540574377377586147908779349029412123014142702744237525677576515977925103452 0 0 0 0 0 0 0 0 0 0 0 0 0 0 0 0 0 0 0 0 0 0 0 0 0 0 0 0 0 0 0 0 0 0 0 0 0 0 0 0 0 0 0 0 0 0 1 0 0 0 0 0 0 0 0 0 0]
[237545541240233051670503568003070626725898429810532789027737379864057904390950858839793509789553364457449872032742971982059947762222774279352360330862053742282113141008404477 0 0 0 0 0 0 0 0 0 0 0 0 0 0 0 0 0 0 0 0 0 0 0 0 0 0 0 0 0 0 0 0 0 0 0 0 0 0 0 0 0 0 0 0 0 0 0 1 0 0 0 0 0 0 0 0 0]
[2275697761380311016031082179965473631123909834033174648540622063677545329365306692376715274284876015416392283055437955421244676618702632955738629286505409214739923113750042018 0 0 0 0 0 0 0 0 0 0 0 0 0 0 0 0 0 0 0 0 0 0 0 0 0 0 0 0 0 0 0 0 0 0 0 0 0 0 0 0 0 0 0 0 0 0 0 0 1 0 0 0 0 0 0 0 0]
[1479895730836987144061205288612428312243063800314143677910259686093799599352678128394074229219788377549017577048618746862804028505285828050084105043281394222224278125418345441 0 0 0 0 0 0 0 0 0 0 0 0 0 0 0 0 0 0 0 0 0 0 0 0 0 0 0 0 0 0 0 0 0 0 0 0 0 0 0 0 0 0 0 0 0 0 0 0 0 1 0 0 0 0 0 0 0]
[2115847687699027833085485196591603876148306207711395817868058833122719950080285151724270014574337734516646616686536014047662354831250184547719461608009279601305881236171427262 0 0 0 0 0 0 0 0 0 0 0 0 0 0 0 0 0 0 0 0 0 0 0 0 0 0 0 0 0 0 0 0 0 0 0 0 0 0 0 0 0 0 0 0 0 0 0 0 0 0 1 0 0 0 0 0 0]
[262367904028464128892024355152714611235375554139002352104703409811706212225043732931421946005811057938213015423546541083343299533452361245883396635019541052023227441672679725 0 0 0 0 0 0 0 0 0 0 0 0 0 0 0 0 0 0 0 0 0 0 0 0 0 0 0 0 0 0 0 0 0 0 0 0 0 0 0 0 0 0 0 0 0 0 0 0 0 0 0 1 0 0 0 0 0]
[2403010503663557832329262910815362809768862458692052453998844552411800477992644791865669955860136701034679116688261621052511862165185113645502900274616979894876544628625861940 0 0 0 0 0 0 0 0 0 0 0 0 0 0 0 0 0 0 0 0 0 0 0 0 0 0 0 0 0 0 0 0 0 0 0 0 0 0 0 0 0 0 0 0 0 0 0 0 0 0 0 0 1 0 0 0 0]
[2543461718600357325579693934771640234580447857020283990162980489224202305348417732966900435650670444633475277171817608511175998543587846916587968762505838518726785614365554122 0 0 0 0 0 0 0 0 0 0 0 0 0 0 0 0 0 0 0 0 0 0 0 0 0 0 0 0 0 0 0 0 0 0 0 0 0 0 0 0 0 0 0 0 0 0 0 0 0 0 0 0 0 1 0 0 0]
[2863674054194669791823917964475851436096831895114683090078249915298357927948084861524595317552248920658861558594751977666593265330818525735942736289195953913822273828183129723 0 0 0 0 0 0 0 0 0 0 0 0 0 0 0 0 0 0 0 0 0 0 0 0 0 0 0 0 0 0 0 0 0 0 0 0 0 0 0 0 0 0 0 0 0 0 0 0 0 0 0 0 0 0 1 0 0]
[1574504828484987025542947488048626227078950412366521001961538483198812849762359757263435606123389522922988640826309887782881063496603907860489184500621629308232497887917916118 0 0 0 0 0 0 0 0 0 0 0 0 0 0 0 0 0 0 0 0 0 0 0 0 0 0 0 0 0 0 0 0 0 0 0 0 0 0 0 0 0 0 0 0 0 0 0 0 0 0 0 0 0 0 0 1 0]
[3221417349228178752747404209521983380181440075972828927907652408412692538013935875607060409573469127656653612028805836785648655498572522005794855873256244388611091376982555714 0 0 0 0 0 0 0 0 0 0 0 0 0 0 0 0 0 0 0 0 0 0 0 0 0 0 0 0 0 0 0 0 0 0 0 0 0 0 0 0 0 0 0 0 0 0 0 0 0 0 0 0 0 0 0 0 1]
]
58 59 2
[1 1 1 1 1 1 1 1 1 1 1 1 1 1 1 1 1 1 1 1 1 1 1 1 1 1 1 1 1 1 1 1 1 1 1 1 1 1 1 1 1 1 1 1 1 1 1 1 1 1 1 1 1 1 1 1 1 1 1]
