[[2158153047715526099718503748545153221746030574714793412534965962308681584431756642089084161306805379143666293717484490038184464125553533111995543719340043966384191998904659569 0 0 0 0 0 0 0 0 0 0 0 0 0 0 0 0 0 0 0 0 0 0 0 0 0 0 0 0 0 0 0 0 0 0 0 0 0 0 0 0 0 0 0 0 0 0 0 0 0 0 0 0 0 0 0 0 0]
[977446191836735942990780962348449667612162173088172531190338522153842829826968095736358670302683006947683420953934351041455985987531205002874575001932510046404046763807574754 1 0 0 0 0 0 0 0 0 0 0 0 0 0 0 0 0 0 0 0 0 0 0 0 0 0 0 0 0 0 0 0 0 0 0 0 0 0 0 0 0 0 0 0 0 0 0 0 0 0 0 0 0 0 0 0 0]
[436356877578584255995320821754750777416983459105497201008844349616398812066067653998617900703557026971802992773659470628822089880863159482793935967872566041022801025405725587 0 1 0 0 0 0 0 0 0 0 0 0 0 0 0 0 0 0 0 0 0 0 0 0 0 0 0 0 0 0 0 0 0 0 0 0 0 0 0 0 0 0 0 0 0 0 0 0 0 0 0 0 0 0 0 0 0]
[1898862330443055754921602324184961581508173950991265540984544483477293999691545922545926621019566173676855499959831587252512711179089473317307435948588134852395738113401202613 0 0 1 0 0 0 0 0 0 0 0 0 0 0 0 0 0 0 0 0 0 0 0 0 0 0 0 0 0 0 0 0 0 0 0 0 0 0 0 0 0 0 0 0 0 0 0 0 0 0 0 0 0 0 0 0 0]
[68543487341018219317905260963361656329009283528901263473808860325881531125716003811516808777073518202115257103319222874187496237913010594789608621081600718802566129696316921 0 0 0 1 0 0 0 0 0 0 0 0 0 0 0 0 0 0 0 0 0 0 0 0 0 0 0 0 0 0 0 0 0 0 0 0 0 0 0 0 0 0 0 0 0 0 0 0 0 0 0 0 0 0 0 0 0]
[85431664619366814686529992458374930635151648486114835108097589331582224537450840622095297181306185130126587120733211480495683867637766724622752819577173074111427049790165415 0 0 0 0 1 0 0 0 0 0 0 0 0 0 0 0 0 0 0 0 0 0 0 0 0 0 0 0 0 0 0 0 0 0 0 0 0 0 0 0 0 0 0 0 0 0 0 0 0 0 0 0 0 0 0 0 0]
[1836102431817149923372571037997467000837175774700338436853128064129079473677962725079558528417825914561855606427196417021410471633369710150723275118343503857982628956294703161 0 0 0 0 0 1 0 0 0 0 0 0 0 0 0 0 0 0 0 0 0 0 0 0 0 0 0 0 0 0 0 0 0 0 0 0 0 0 0 0 0 0 0 0 0 0 0 0 0 0 0 0 0 0 0 0 0]
[1728826888089020994194411957497728116964021390070531437634568673796932232434061436976404465888600547134075423804637708272859629078078021494004444388399392302464188122364211920 0 0 0 0 0 0 1 0 0 0 0 0 0 0 0 0 0 0 0 0 0 0 0 0 0 0 0 0 0 0 0 0 0 0 0 0 0 0 0 0 0 0 0 0 0 0 0 0 0 0 0 0 0 0 0 0 0]
[1616056309006524148232669901906906402670365979811471892365082765856799328726756297706386841871699502622261001099856600021501354623861249938843073890602058620007986373757695312 0 0 0 0 0 0 0 1 0 0 0 0 0 0 0 0 0 0 0 0 0 0 0 0 0 0 0 0 0 0 0 0 0 0 0 0 0 0 0 0 0 0 0 0 0 0 0 0 0 0 0 0 0 0 0 0 0]
[126230850012217840076620611638048311561099202505330608054872185286484072033982680786648474824466036694276797664520013138084052140357153706814861969261638471918341599485443519 0 0 0 0 0 0 0 0 1 0 0 0 0 0 0 0 0 0 0 0 0 0 0 0 0 0 0 0 0 0 0 0 0 0 0 0 0 0 0 0 0 0 0 0 0 0 0 0 0 0 0 0 0 0 0 0 0]
[262906048098483738138949446123734072891708515838559346839187187896329927282473267900509598124545911763949260604264638318643821670389034447374836399428432422170572188812946920 0 0 0 0 0 0 0 0 0 1 0 0 0 0 0 0 0 0 0 0 0 0 0 0 0 0 0 0 0 0 0 0 0 0 0 0 0 0 0 0 0 0 0 0 0 0 0 0 0 0 0 0 0 0 0 0 0]
[1446799674302882289575675815476361089094636937981593829681453449714373521793482644655974714680184237181025444209129590153688814126191535012608497208938485454908141104025797409 0 0 0 0 0 0 0 0 0 0 1 0 0 0 0 0 0 0 0 0 0 0 0 0 0 0 0 0 0 0 0 0 0 0 0 0 0 0 0 0 0 0 0 0 0 0 0 0 0 0 0 0 0 0 0 0 0]
[1521693732013227640092951660419077350967490089408874388706068336189745258250473324886886412055365020871377487210806813941003506913564397093770006149034990455223741776096953314 0 0 0 0 0 0 0 0 0 0 0 1 0 0 0 0 0 0 0 0 0 0 0 0 0 0 0 0 0 0 0 0 0 0 0 0 0 0 0 0 0 0 0 0 0 0 0 0 0 0 0 0 0 0 0 0 0]
[610893059036960344645747266272767715843114806591672962875467168729202254462279406456764199239366224205739068435017642886381896136132509476308464557155706862083720203515141894 0 0 0 0 0 0 0 0 0 0 0 0 1 0 0 0 0 0 0 0 0 0 0 0 0 0 0 0 0 0 0 0 0 0 0 0 0 0 0 0 0 0 0 0 0 0 0 0 0 0 0 0 0 0 0 0 0]
[608145341999910696283318859471626648469084207429675333571712003336473332353101226921967823731622093433464875596920953105049936940531854486596016095669456616392251260452916991 0 0 0 0 0 0 0 0 0 0 0 0 0 1 0 0 0 0 0 0 0 0 0 0 0 0 0 0 0 0 0 0 0 0 0 0 0 0 0 0 0 0 0 0 0 0 0 0 0 0 0 0 0 0 0 0 0]
[227029738481900128820130380848949129198301998183114996224618950040900366112116081726645893138300496022492769688025767307439941183172007344507231947472602562896195952256783463 0 0 0 0 0 0 0 0 0 0 0 0 0 0 1 0 0 0 0 0 0 0 0 0 0 0 0 0 0 0 0 0 0 0 0 0 0 0 0 0 0 0 0 0 0 0 0 0 0 0 0 0 0 0 0 0 0]
[1220362506010992038599843370700453337503636241551935436093416231352547828928772760083580341796777271603667755434524596872712410458858518565581303077707364508874501548971301180 0 0 0 0 0 0 0 0 0 0 0 0 0 0 0 1 0 0 0 0 0 0 0 0 0 0 0 0 0 0 0 0 0 0 0 0 0 0 0 0 0 0 0 0 0 0 0 0 0 0 0 0 0 0 0 0 0]
[1392865550392819427202054717937435654386917795571126114789431777886403772802294349556543807823753892477051513476213983708697733895002610694061246025411499967563504575457467311 0 0 0 0 0 0 0 0 0 0 0 0 0 0 0 0 1 0 0 0 0 0 0 0 0 0 0 0 0 0 0 0 0 0 0 0 0 0 0 0 0 0 0 0 0 0 0 0 0 0 0 0 0 0 0 0 0]
[255432008586464450820281643346268230894177143359418720260739753905804002278257980987316229753676518262229585921025434957274951651758314086099254470082047096530235009828897192 0 0 0 0 0 0 0 0 0 0 0 0 0 0 0 0 0 1 0 0 0 0 0 0 0 0 0 0 0 0 0 0 0 0 0 0 0 0 0 0 0 0 0 0 0 0 0 0 0 0 0 0 0 0 0 0 0]
[650071491264732848124169498517657766917762779557934579993786711200390230272438612375511829892720805081519183591091732514150716611183454397762765174514304452536642519536472203 0 0 0 0 0 0 0 0 0 0 0 0 0 0 0 0 0 0 1 0 0 0 0 0 0 0 0 0 0 0 0 0 0 0 0 0 0 0 0 0 0 0 0 0 0 0 0 0 0 0 0 0 0 0 0 0 0]
[762632740633805861441996306639378402931482468658475880996876794816262373278206032670684694136775661294821014851335244819794005414870970341933854760824565355232191437543859127 0 0 0 0 0 0 0 0 0 0 0 0 0 0 0 0 0 0 0 1 0 0 0 0 0 0 0 0 0 0 0 0 0 0 0 0 0 0 0 0 0 0 0 0 0 0 0 0 0 0 0 0 0 0 0 0 0]
[1690797921843728654928191322899482361584855765723941038855344940768633995786925801383438246651648405007627563522329540735863772463327465982860948313431021335165241039285853730 0 0 0 0 0 0 0 0 0 0 0 0 0 0 0 0 0 0 0 0 1 0 0 0 0 0 0 0 0 0 0 0 0 0 0 0 0 0 0 0 0 0 0 0 0 0 0 0 0 0 0 0 0 0 0 0 0]
[1670242019427454216020401330557874393264783385017099437295297189414328057521625183590401717545323514567545445397116179432776389859951649143935843020408841635464891806872468609 0 0 0 0 0 0 0 0 0 0 0 0 0 0 0 0 0 0 0 0 0 1 0 0 0 0 0 0 0 0 0 0 0 0 0 0 0 0 0 0 0 0 0 0 0 0 0 0 0 0 0 0 0 0 0 0 0]
[437316528782457949540280565929257664095901666512343630990207392348000925344438011145599771396091237263589220925953728329575978463678713528327688636892257037739511041699367319 0 0 0 0 0 0 0 0 0 0 0 0 0 0 0 0 0 0 0 0 0 0 1 0 0 0 0 0 0 0 0 0 0 0 0 0 0 0 0 0 0 0 0 0 0 0 0 0 0 0 0 0 0 0 0 0 0]
[553961713815029557564280065035371025892163798481692273656475870232798542155741197424958980359302194097807238044281766826211549173080975856400201216855615226886698662860114006 0 0 0 0 0 0 0 0 0 0 0 0 0 0 0 0 0 0 0 0 0 0 0 1 0 0 0 0 0 0 0 0 0 0 0 0 0 0 0 0 0 0 0 0 0 0 0 0 0 0 0 0 0 0 0 0 0]
[2143976303315368468070555126910604750896367190042419632059699863394035976225583634315855561777810693471456412385566642893396530191894976778415001443224352366764952110318625371 0 0 0 0 0 0 0 0 0 0 0 0 0 0 0 0 0 0 0 0 0 0 0 0 1 0 0 0 0 0 0 0 0 0 0 0 0 0 0 0 0 0 0 0 0 0 0 0 0 0 0 0 0 0 0 0 0]
[1075946912644626864588082954211697645423557658739046444153061774253184561002519049115812887810815172196122100853553532053518060271940949968831655545399155967672707175305587792 0 0 0 0 0 0 0 0 0 0 0 0 0 0 0 0 0 0 0 0 0 0 0 0 0 1 0 0 0 0 0 0 0 0 0 0 0 0 0 0 0 0 0 0 0 0 0 0 0 0 0 0 0 0 0 0 0]
[1449430096467434747072714191742140287496286091602147906088120181946819984081831824882408664805741551214138086971814861647127980252842195299638789240464058127941767686212625251 0 0 0 0 0 0 0 0 0 0 0 0 0 0 0 0 0 0 0 0 0 0 0 0 0 0 1 0 0 0 0 0 0 0 0 0 0 0 0 0 0 0 0 0 0 0 0 0 0 0 0 0 0 0 0 0 0]
[971142669782211459499956117700560992666905145584694475439147219917918393333255715314386876543412410409455489439848477641409149991589158516010233007451915999360674937692689785 0 0 0 0 0 0 0 0 0 0 0 0 0 0 0 0 0 0 0 0 0 0 0 0 0 0 0 1 0 0 0 0 0 0 0 0 0 0 0 0 0 0 0 0 0 0 0 0 0 0 0 0 0 0 0 0 0]
[517309379451622674720021296339085732171230881704941431319456372176754762947052585766213831474319736451560368741757267147064991344509794745601793967893222710255123936079980057 0 0 0 0 0 0 0 0 0 0 0 0 0 0 0 0 0 0 0 0 0 0 0 0 0 0 0 0 1 0 0 0 0 0 0 0 0 0 0 0 0 0 0 0 0 0 0 0 0 0 0 0 0 0 0 0 0]
[1179574477875797823466263970829203171118512549439001721938959752511867815913897087480792893411149328439179606551255080967505626903587056671556483494820533239011770247448916458 0 0 0 0 0 0 0 0 0 0 0 0 0 0 0 0 0 0 0 0 0 0 0 0 0 0 0 0 0 1 0 0 0 0 0 0 0 0 0 0 0 0 0 0 0 0 0 0 0 0 0 0 0 0 0 0 0]
[1804471447028207067345757319334702198017656892623721681020928585146527054400046696012028084042451284332364473039090070558447345302583694160172371127610282407702515468454388500 0 0 0 0 0 0 0 0 0 0 0 0 0 0 0 0 0 0 0 0 0 0 0 0 0 0 0 0 0 0 1 0 0 0 0 0 0 0 0 0 0 0 0 0 0 0 0 0 0 0 0 0 0 0 0 0 0]
[2135407420664095729885314303872837981879200983176356478963417672366216931378496694243142031905671984863820296450750572862528744118918959695038055791209648900830045766999308890 0 0 0 0 0 0 0 0 0 0 0 0 0 0 0 0 0 0 0 0 0 0 0 0 0 0 0 0 0 0 0 1 0 0 0 0 0 0 0 0 0 0 0 0 0 0 0 0 0 0 0 0 0 0 0 0 0]
[441421641502794338104612891442354775224007476196126295451752210338007338577333030887483227088362967869981898369335718394831410449970128815894962511672167898860414525058229943 0 0 0 0 0 0 0 0 0 0 0 0 0 0 0 0 0 0 0 0 0 0 0 0 0 0 0 0 0 0 0 0 1 0 0 0 0 0 0 0 0 0 0 0 0 0 0 0 0 0 0 0 0 0 0 0 0]
[355210754520741658172866230923545375710630810909109702924438854818441547113101516256174395018794957187531876658369989908287941735766564790451443404432680335300980690266595865 0 0 0 0 0 0 0 0 0 0 0 0 0 0 0 0 0 0 0 0 0 0 0 0 0 0 0 0 0 0 0 0 0 1 0 0 0 0 0 0 0 0 0 0 0 0 0 0 0 0 0 0 0 0 0 0 0]
[1303770587514337665705691657384465652174567336924666349644812461679566457186879268891791592568819818070526053443754657164841039557169598919231528828469863323612297236813315943 0 0 0 0 0 0 0 0 0 0 0 0 0 0 0 0 0 0 0 0 0 0 0 0 0 0 0 0 0 0 0 0 0 0 1 0 0 0 0 0 0 0 0 0 0 0 0 0 0 0 0 0 0 0 0 0 0]
[1295281404627818926526044704213611680389693516781298533505629302399149767361439357984610222516013080270269248317026854347805839073638220902845708206870646433784585502847920281 0 0 0 0 0 0 0 0 0 0 0 0 0 0 0 0 0 0 0 0 0 0 0 0 0 0 0 0 0 0 0 0 0 0 0 1 0 0 0 0 0 0 0 0 0 0 0 0 0 0 0 0 0 0 0 0 0]
[1513881971745717401656443848823031017684466255169650484164653285195993079333251106316258020350637796996251237763883563747295691135154556688307115146463822750501233035642854777 0 0 0 0 0 0 0 0 0 0 0 0 0 0 0 0 0 0 0 0 0 0 0 0 0 0 0 0 0 0 0 0 0 0 0 0 1 0 0 0 0 0 0 0 0 0 0 0 0 0 0 0 0 0 0 0 0]
[484801562535120273023405447970877837313085296784872954789642302070267754755671451421083114796376600367225217000271574540889697451281293664401025006491688173706817881662514080 0 0 0 0 0 0 0 0 0 0 0 0 0 0 0 0 0 0 0 0 0 0 0 0 0 0 0 0 0 0 0 0 0 0 0 0 0 1 0 0 0 0 0 0 0 0 0 0 0 0 0 0 0 0 0 0 0]
[1233580596973237820700687135339231413272873126988574988948510554749391259003694580666072101536452297330296279706930010560621991603717575899792739266017229041243440194603956817 0 0 0 0 0 0 0 0 0 0 0 0 0 0 0 0 0 0 0 0 0 0 0 0 0 0 0 0 0 0 0 0 0 0 0 0 0 0 1 0 0 0 0 0 0 0 0 0 0 0 0 0 0 0 0 0 0]
[1126227062448062405312647246814509026290775997857326814632301335757126830476019864895783749618253576012371271376778504498749707628833340141060246356236182639856125305543188229 0 0 0 0 0 0 0 0 0 0 0 0 0 0 0 0 0 0 0 0 0 0 0 0 0 0 0 0 0 0 0 0 0 0 0 0 0 0 0 1 0 0 0 0 0 0 0 0 0 0 0 0 0 0 0 0 0]
[1588958257566718143579918249321588806572601486713731340220171886100231551007808224725585219924860796134700049081404738662486077769891987799443853265219065350133318420472987201 0 0 0 0 0 0 0 0 0 0 0 0 0 0 0 0 0 0 0 0 0 0 0 0 0 0 0 0 0 0 0 0 0 0 0 0 0 0 0 0 1 0 0 0 0 0 0 0 0 0 0 0 0 0 0 0 0]
[412784267244249194049718408267960608680168562811729367915962814530538123469387360500183954450761528279805325048602222110994087086355536688381799904899403018682189970997387488 0 0 0 0 0 0 0 0 0 0 0 0 0 0 0 0 0 0 0 0 0 0 0 0 0 0 0 0 0 0 0 0 0 0 0 0 0 0 0 0 0 1 0 0 0 0 0 0 0 0 0 0 0 0 0 0 0]
[177150199955958809903769877649424138213421415260717542677220014384562827073329808305908864995081317321145265834169448866814577315823982703399999097274459611740583519145769297 0 0 0 0 0 0 0 0 0 0 0 0 0 0 0 0 0 0 0 0 0 0 0 0 0 0 0 0 0 0 0 0 0 0 0 0 0 0 0 0 0 0 1 0 0 0 0 0 0 0 0 0 0 0 0 0 0]
[708127338910028854296678465064475417609402867032582095781881726918422814339690073940044685702881101447312733438165370576490631588204194257282014157330419102107472262528464164 0 0 0 0 0 0 0 0 0 0 0 0 0 0 0 0 0 0 0 0 0 0 0 0 0 0 0 0 0 0 0 0 0 0 0 0 0 0 0 0 0 0 0 1 0 0 0 0 0 0 0 0 0 0 0 0 0]
[843890098762495896552341660688492703524836362004928036665428508072144749542255245248202629602854590185000263128000184008235661795037418559491421335973050150651101772136881855 0 0 0 0 0 0 0 0 0 0 0 0 0 0 0 0 0 0 0 0 0 0 0 0 0 0 0 0 0 0 0 0 0 0 0 0 0 0 0 0 0 0 0 0 1 0 0 0 0 0 0 0 0 0 0 0 0]
[216385486048401995378923150647289383582412730577264501846470960489449462883286451027234262175123149588309746316376923432783280506563530555970910745468847043579581759514090520 0 0 0 0 0 0 0 0 0 0 0 0 0 0 0 0 0 0 0 0 0 0 0 0 0 0 0 0 0 0 0 0 0 0 0 0 0 0 0 0 0 0 0 0 0 1 0 0 0 0 0 0 0 0 0 0 0]
[570779126682003020466137658298660160851671561154536276533298676113288859574330198057573956888055677930875830265423878423764120335738900033943577057016147653513291082318985859 0 0 0 0 0 0 0 0 0 0 0 0 0 0 0 0 0 0 0 0 0 0 0 0 0 0 0 0 0 0 0 0 0 0 0 0 0 0 0 0 0 0 0 0 0 0 1 0 0 0 0 0 0 0 0 0 0]
[619440303664543717204474879583249094484032421700144713964306019228429789342893280734930351691450317856425062467998608039878824721987354577508593577533735281349137118533101854 0 0 0 0 0 0 0 0 0 0 0 0 0 0 0 0 0 0 0 0 0 0 0 0 0 0 0 0 0 0 0 0 0 0 0 0 0 0 0 0 0 0 0 0 0 0 0 1 0 0 0 0 0 0 0 0 0]
[737449870896231290019429028847901621531790882109793410094232805220720172000899564624840611893002730383734032559833337680004855816946930614406914938973777792096111265635340278 0 0 0 0 0 0 0 0 0 0 0 0 0 0 0 0 0 0 0 0 0 0 0 0 0 0 0 0 0 0 0 0 0 0 0 0 0 0 0 0 0 0 0 0 0 0 0 0 1 0 0 0 0 0 0 0 0]
[1264918009700810964449303844423659998080180583821800177237154932591258714695540129852228506195490076715827984413919842404917172195506247552474008276976474057786861178513068088 0 0 0 0 0 0 0 0 0 0 0 0 0 0 0 0 0 0 0 0 0 0 0 0 0 0 0 0 0 0 0 0 0 0 0 0 0 0 0 0 0 0 0 0 0 0 0 0 0 1 0 0 0 0 0 0 0]
[1690051773077699750678172431462810042499682251929091230053963065045238409184265802081850163989705608903698065970298294446522854491577852425439839049884234749111768285081257473 0 0 0 0 0 0 0 0 0 0 0 0 0 0 0 0 0 0 0 0 0 0 0 0 0 0 0 0 0 0 0 0 0 0 0 0 0 0 0 0 0 0 0 0 0 0 0 0 0 0 1 0 0 0 0 0 0]
[997198602802284997381437387613512620795235443861356646769473513614863347127704275851049499250808743415364165708092368279247005724888538155915507342107241144667251548822744003 0 0 0 0 0 0 0 0 0 0 0 0 0 0 0 0 0 0 0 0 0 0 0 0 0 0 0 0 0 0 0 0 0 0 0 0 0 0 0 0 0 0 0 0 0 0 0 0 0 0 0 1 0 0 0 0 0]
[1541392502057779656350031743058371539889317989805795855537149051775843962668002887287807562733260535960030673593081927703317759026212512301398232126194922284357545472221609354 0 0 0 0 0 0 0 0 0 0 0 0 0 0 0 0 0 0 0 0 0 0 0 0 0 0 0 0 0 0 0 0 0 0 0 0 0 0 0 0 0 0 0 0 0 0 0 0 0 0 0 0 1 0 0 0 0]
[2021571977754926598793544194562030249421433656818109017774743229116013514396155068908504655994568617535685893399125021341052270630213727649920474352195308736854731514092083636 0 0 0 0 0 0 0 0 0 0 0 0 0 0 0 0 0 0 0 0 0 0 0 0 0 0 0 0 0 0 0 0 0 0 0 0 0 0 0 0 0 0 0 0 0 0 0 0 0 0 0 0 0 1 0 0 0]
[631726164694975070218035434257687788890585798203315093222050560741472206390788770444693446196331729404891757803094423282816063848632405243003211570653864664460702881069384053 0 0 0 0 0 0 0 0 0 0 0 0 0 0 0 0 0 0 0 0 0 0 0 0 0 0 0 0 0 0 0 0 0 0 0 0 0 0 0 0 0 0 0 0 0 0 0 0 0 0 0 0 0 0 1 0 0]
[249740757833578018305762517145346136073965097393863043922650974755144798510901103288862217000108805648232622739186194160184631821161099138112174797246524146888484517315300104 0 0 0 0 0 0 0 0 0 0 0 0 0 0 0 0 0 0 0 0 0 0 0 0 0 0 0 0 0 0 0 0 0 0 0 0 0 0 0 0 0 0 0 0 0 0 0 0 0 0 0 0 0 0 0 1 0]
[1035379166099555195125952530766987915947581282941495984306463420696370386289351399459354692734690775968518837667726249405198251686600218816189711807142743181119022834990429827 0 0 0 0 0 0 0 0 0 0 0 0 0 0 0 0 0 0 0 0 0 0 0 0 0 0 0 0 0 0 0 0 0 0 0 0 0 0 0 0 0 0 0 0 0 0 0 0 0 0 0 0 0 0 0 0 1]
]
58 59 8
[1 1 1 1 1 1 1 1 1 1 1 1 1 1 1 1 1 1 1 1 1 1 1 1 1 1 1 1 1 1 1 1 1 1 1 1 1 1 1 1 1 1 1 1 1 1 1 1 1 1 1 1 1 1 1 1 1 1 1]
