[[1957115965352991149917641108244640047060647224650609566607256719594319457254934235252786856334110386427057536958516080223 0 0 0 0 0 0 0 0 0 0 0 0 0 0 0 0 0 0 0 0 0 0 0 0 0 0 0 0 0 0 0 0 0 0 0 0 0 0 0]
[1633765203556629009246584932394823510610774554628814060285183212860979735809737689302973028041401917665127635544986982677 1 0 0 0 0 0 0 0 0 0 0 0 0 0 0 0 0 0 0 0 0 0 0 0 0 0 0 0 0 0 0 0 0 0 0 0 0 0 0]
[510767078838329062394383494240687519230734393479037631416002873889364244885031233412479279166373345624457921121978871423 0 1 0 0 0 0 0 0 0 0 0 0 0 0 0 0 0 0 0 0 0 0 0 0 0 0 0 0 0 0 0 0 0 0 0 0 0 0 0]
[173775411886589752322384397268410897992193739691262754495002927457536737231225087649969335266608995038715359211649801842 0 0 1 0 0 0 0 0 0 0 0 0 0 0 0 0 0 0 0 0 0 0 0 0 0 0 0 0 0 0 0 0 0 0 0 0 0 0 0]
[525393841321889624941260497729930235027527386782890066107522195951343808011319431905473088817324714651385963142637487203 0 0 0 1 0 0 0 0 0 0 0 0 0 0 0 0 0 0 0 0 0 0 0 0 0 0 0 0 0 0 0 0 0 0 0 0 0 0 0]
[313590209279913357632990679623134671117843674509579541871052108286871669146652276935869469976308671408026610130548106293 0 0 0 0 1 0 0 0 0 0 0 0 0 0 0 0 0 0 0 0 0 0 0 0 0 0 0 0 0 0 0 0 0 0 0 0 0 0 0]
[19411154898260303154089366523152825612767067292813121513354294341350773300913797708895560262332201111930302026594888575 0 0 0 0 0 1 0 0 0 0 0 0 0 0 0 0 0 0 0 0 0 0 0 0 0 0 0 0 0 0 0 0 0 0 0 0 0 0 0]
[1284322862579989872369637083077331419987548684796056762366447969211152622742987622256172664456072199061127681984731810694 0 0 0 0 0 0 1 0 0 0 0 0 0 0 0 0 0 0 0 0 0 0 0 0 0 0 0 0 0 0 0 0 0 0 0 0 0 0 0]
[1490729831647543417781394669761595056120754812457491876791422187828162814693342371418205576814789697883751957170408463887 0 0 0 0 0 0 0 1 0 0 0 0 0 0 0 0 0 0 0 0 0 0 0 0 0 0 0 0 0 0 0 0 0 0 0 0 0 0 0]
[1258165748342040671846823598578452956583473509439166649380379723497681818089251008747654238083557367079547116408292922082 0 0 0 0 0 0 0 0 1 0 0 0 0 0 0 0 0 0 0 0 0 0 0 0 0 0 0 0 0 0 0 0 0 0 0 0 0 0 0]
[276629886034951824943054158737919594661768687640753101917724755460408604396591706854870783136678986479475474911662012652 0 0 0 0 0 0 0 0 0 1 0 0 0 0 0 0 0 0 0 0 0 0 0 0 0 0 0 0 0 0 0 0 0 0 0 0 0 0 0]
[128267617367473552348948178755594890716440765193613150397435269571366847409434785360254415910590010491903777039678370165 0 0 0 0 0 0 0 0 0 0 1 0 0 0 0 0 0 0 0 0 0 0 0 0 0 0 0 0 0 0 0 0 0 0 0 0 0 0 0]
[1496241831226414545977967684717085331050552156817803762154542820621737943142358373536052748100315380731732867132787533557 0 0 0 0 0 0 0 0 0 0 0 1 0 0 0 0 0 0 0 0 0 0 0 0 0 0 0 0 0 0 0 0 0 0 0 0 0 0 0]
[287961931228965718408922499435443902957496247940565151530642282643987920047813558812479799076209086342402841545167213032 0 0 0 0 0 0 0 0 0 0 0 0 1 0 0 0 0 0 0 0 0 0 0 0 0 0 0 0 0 0 0 0 0 0 0 0 0 0 0]
[465239830201783827707482748287907592129064579895781782693698950919196398973027985638637887630933716949565252134769123961 0 0 0 0 0 0 0 0 0 0 0 0 0 1 0 0 0 0 0 0 0 0 0 0 0 0 0 0 0 0 0 0 0 0 0 0 0 0 0]
[661373184789245753025761651517768378428258027594074440802213874317926501314885812843918797876810180980941676672815284824 0 0 0 0 0 0 0 0 0 0 0 0 0 0 1 0 0 0 0 0 0 0 0 0 0 0 0 0 0 0 0 0 0 0 0 0 0 0 0]
[1463080370723430850751813845529424055553847984665431804623251462761984538915923579701773837524370709557040134768697856323 0 0 0 0 0 0 0 0 0 0 0 0 0 0 0 1 0 0 0 0 0 0 0 0 0 0 0 0 0 0 0 0 0 0 0 0 0 0 0]
[411352866042277677393211342036564271392056911537044828070716031597641115045303600609302114530351719230465728413240505707 0 0 0 0 0 0 0 0 0 0 0 0 0 0 0 0 1 0 0 0 0 0 0 0 0 0 0 0 0 0 0 0 0 0 0 0 0 0 0]
[1098973331535812102871263477303780908970402142376051983765572999162742139916120586766112493531749567662802222245732348877 0 0 0 0 0 0 0 0 0 0 0 0 0 0 0 0 0 1 0 0 0 0 0 0 0 0 0 0 0 0 0 0 0 0 0 0 0 0 0]
[1928734548924331422113572614316123894915244920218035398918061445068557835240346166288708224848499687528550423289052153844 0 0 0 0 0 0 0 0 0 0 0 0 0 0 0 0 0 0 1 0 0 0 0 0 0 0 0 0 0 0 0 0 0 0 0 0 0 0 0]
[454891243628749593138191000924411456716521912491135043917871327542931135511350410637716348607959406018446394184210135045 0 0 0 0 0 0 0 0 0 0 0 0 0 0 0 0 0 0 0 1 0 0 0 0 0 0 0 0 0 0 0 0 0 0 0 0 0 0 0]
[983367560747242114426930253935202347175676726590421110057263248057657488274458465430044470574681864270896381450093321404 0 0 0 0 0 0 0 0 0 0 0 0 0 0 0 0 0 0 0 0 1 0 0 0 0 0 0 0 0 0 0 0 0 0 0 0 0 0 0]
[1443917473945831141448868662321133643389807887603260193261596099473150543619979325312365711456928826016320277541530545278 0 0 0 0 0 0 0 0 0 0 0 0 0 0 0 0 0 0 0 0 0 1 0 0 0 0 0 0 0 0 0 0 0 0 0 0 0 0 0]
[1091267010393451419358386540887039441586897987139178936826370714867264588606129317885341670220310176238196163299816073974 0 0 0 0 0 0 0 0 0 0 0 0 0 0 0 0 0 0 0 0 0 0 1 0 0 0 0 0 0 0 0 0 0 0 0 0 0 0 0]
[116189305262672907157261314739764427373585919085869446668727240972119789256904521370502115708775549736289539763936156485 0 0 0 0 0 0 0 0 0 0 0 0 0 0 0 0 0 0 0 0 0 0 0 1 0 0 0 0 0 0 0 0 0 0 0 0 0 0 0]
[911500099562640522523520215380215381047342318968072381102030369571327406777657002771608877659625457018176081845556393033 0 0 0 0 0 0 0 0 0 0 0 0 0 0 0 0 0 0 0 0 0 0 0 0 1 0 0 0 0 0 0 0 0 0 0 0 0 0 0]
[830967967882080435505204532086255307260088867587748922486568359666599920491503084511592139185657260323905544238122402587 0 0 0 0 0 0 0 0 0 0 0 0 0 0 0 0 0 0 0 0 0 0 0 0 0 1 0 0 0 0 0 0 0 0 0 0 0 0 0]
[143931616019461981078042264927270874357956367685382003299771893658604041976966068668770000921191956445157090493439485948 0 0 0 0 0 0 0 0 0 0 0 0 0 0 0 0 0 0 0 0 0 0 0 0 0 0 1 0 0 0 0 0 0 0 0 0 0 0 0]
[1505431797981104281548749927969896020167204340602630784209041643395156923778224126612643797547423555858849730493221307590 0 0 0 0 0 0 0 0 0 0 0 0 0 0 0 0 0 0 0 0 0 0 0 0 0 0 0 1 0 0 0 0 0 0 0 0 0 0 0]
[1413187196328153268543191879416313053700207543673882668681023772410742620738104258678136039541651882004881240379795681666 0 0 0 0 0 0 0 0 0 0 0 0 0 0 0 0 0 0 0 0 0 0 0 0 0 0 0 0 1 0 0 0 0 0 0 0 0 0 0]
[387259130083548194777473775625979029218270624437422003026427498656311486077852330695285376467877038967184486685573473690 0 0 0 0 0 0 0 0 0 0 0 0 0 0 0 0 0 0 0 0 0 0 0 0 0 0 0 0 0 1 0 0 0 0 0 0 0 0 0]
[1179616399860951833723420670137940624099638914450905586599905662335486985182285408298485418213827921184506500723473288646 0 0 0 0 0 0 0 0 0 0 0 0 0 0 0 0 0 0 0 0 0 0 0 0 0 0 0 0 0 0 1 0 0 0 0 0 0 0 0]
[1070751782171405626002629905755771690898706661959349416147358838634781033273998860539521850261759558590043147634404501354 0 0 0 0 0 0 0 0 0 0 0 0 0 0 0 0 0 0 0 0 0 0 0 0 0 0 0 0 0 0 0 1 0 0 0 0 0 0 0]
[1859481058248755955395492340791929322208844263052773049592910690290884095881603274105997747357158374602109946652725333034 0 0 0 0 0 0 0 0 0 0 0 0 0 0 0 0 0 0 0 0 0 0 0 0 0 0 0 0 0 0 0 0 1 0 0 0 0 0 0]
[1438894575668276687516826943757229872668322844330512365942148252363975128465084924458099089216057644186155034952742257046 0 0 0 0 0 0 0 0 0 0 0 0 0 0 0 0 0 0 0 0 0 0 0 0 0 0 0 0 0 0 0 0 0 1 0 0 0 0 0]
[1014236726811987100473211734151767743664636981423846214817440349753733073007697802178375577401737882772749560013357342355 0 0 0 0 0 0 0 0 0 0 0 0 0 0 0 0 0 0 0 0 0 0 0 0 0 0 0 0 0 0 0 0 0 0 1 0 0 0 0]
[1545918832800625782350946296175634765370619474931833549186408424260818736425121165784943889124934314574805358531653753389 0 0 0 0 0 0 0 0 0 0 0 0 0 0 0 0 0 0 0 0 0 0 0 0 0 0 0 0 0 0 0 0 0 0 0 1 0 0 0]
[953281136795705369870186089017872821203042522815666345965815765290327759303335064920763134036631360184845058468889496016 0 0 0 0 0 0 0 0 0 0 0 0 0 0 0 0 0 0 0 0 0 0 0 0 0 0 0 0 0 0 0 0 0 0 0 0 1 0 0]
[819885328054467347885691696809216541846768985659693785957590496307036061554043595740274394930119330664031182650365197447 0 0 0 0 0 0 0 0 0 0 0 0 0 0 0 0 0 0 0 0 0 0 0 0 0 0 0 0 0 0 0 0 0 0 0 0 0 1 0]
[1935852833482940678602908669212499609539488059563360751075784195433471538665398637654371964196697594570485670482610425823 0 0 0 0 0 0 0 0 0 0 0 0 0 0 0 0 0 0 0 0 0 0 0 0 0 0 0 0 0 0 0 0 0 0 0 0 0 0 1]
]
40 41 2
[1 1 1 1 1 1 1 1 1 1 1 1 1 1 1 1 1 1 1 1 1 1 1 1 1 1 1 1 1 1 1 1 1 1 1 1 1 1 1 1 1]
