[[1850962938880447593444672177259847201258794594862377216043602820112888974028451903208210257138861959307710041489764111783 0 0 0 0 0 0 0 0 0 0 0 0 0 0 0 0 0 0 0 0 0 0 0 0 0 0 0 0 0 0 0 0 0 0 0 0 0 0 0]
[819542159087137601491577480858120504224602432390596387314010797988043648880119476559563186554899447963989945979543661402 1 0 0 0 0 0 0 0 0 0 0 0 0 0 0 0 0 0 0 0 0 0 0 0 0 0 0 0 0 0 0 0 0 0 0 0 0 0 0]
[378949674889191664287541740710754391671862508016528497107652776230774288486276424080373288833461411779047610710452775264 0 1 0 0 0 0 0 0 0 0 0 0 0 0 0 0 0 0 0 0 0 0 0 0 0 0 0 0 0 0 0 0 0 0 0 0 0 0 0]
[494003939346105280908588916169737913875950028419404785542118826888812154302337289388617897201244202514842240747136467405 0 0 1 0 0 0 0 0 0 0 0 0 0 0 0 0 0 0 0 0 0 0 0 0 0 0 0 0 0 0 0 0 0 0 0 0 0 0 0]
[24464491765232654277641270767211999702416456067757388230630445961192532621588458762855692330321596066101956118051822623 0 0 0 1 0 0 0 0 0 0 0 0 0 0 0 0 0 0 0 0 0 0 0 0 0 0 0 0 0 0 0 0 0 0 0 0 0 0 0]
[1034712439407796020273714076753580868754015335780598753072699181058410593449045059285836851592820936522953126926304624812 0 0 0 0 1 0 0 0 0 0 0 0 0 0 0 0 0 0 0 0 0 0 0 0 0 0 0 0 0 0 0 0 0 0 0 0 0 0 0]
[978035412802649953408990438431785133104286040522166362653665618187913843986247346114155485148456087695860111196052276091 0 0 0 0 0 1 0 0 0 0 0 0 0 0 0 0 0 0 0 0 0 0 0 0 0 0 0 0 0 0 0 0 0 0 0 0 0 0 0]
[1809461803977720299768068854565913364442238165443825076032100422669551528371652863054761867450252805003115555699578086736 0 0 0 0 0 0 1 0 0 0 0 0 0 0 0 0 0 0 0 0 0 0 0 0 0 0 0 0 0 0 0 0 0 0 0 0 0 0 0]
[423258864961208515889934590428278047534578144244808578237580585299785990163036727838229133395559545536713614348798007739 0 0 0 0 0 0 0 1 0 0 0 0 0 0 0 0 0 0 0 0 0 0 0 0 0 0 0 0 0 0 0 0 0 0 0 0 0 0 0]
[920867758850509564221545294828820741920231032656463836952021804659939619958336821245197165476461651082280161062655527071 0 0 0 0 0 0 0 0 1 0 0 0 0 0 0 0 0 0 0 0 0 0 0 0 0 0 0 0 0 0 0 0 0 0 0 0 0 0 0]
[1695671199004293990994780339127964294364961928690155389855062531854947220814208563209958117503061770719018991952331799951 0 0 0 0 0 0 0 0 0 1 0 0 0 0 0 0 0 0 0 0 0 0 0 0 0 0 0 0 0 0 0 0 0 0 0 0 0 0 0]
[67434021925714630486186310385980575150426345533640266709084278010218125240123125721436820977376383417056885568694237121 0 0 0 0 0 0 0 0 0 0 1 0 0 0 0 0 0 0 0 0 0 0 0 0 0 0 0 0 0 0 0 0 0 0 0 0 0 0 0]
[409775285203552588105935126364899421730180139672734415665882447827655851887717062589229389710323921143984085068416356301 0 0 0 0 0 0 0 0 0 0 0 1 0 0 0 0 0 0 0 0 0 0 0 0 0 0 0 0 0 0 0 0 0 0 0 0 0 0 0]
[692365909597484799675973569697002628241418181332808372486709920141940764523308612518478490294909513588258028356043111539 0 0 0 0 0 0 0 0 0 0 0 0 1 0 0 0 0 0 0 0 0 0 0 0 0 0 0 0 0 0 0 0 0 0 0 0 0 0 0]
[1775639856123843903456510439357296475422251287257341972276547951407445193442138620244196010200128198861115784407185154177 0 0 0 0 0 0 0 0 0 0 0 0 0 1 0 0 0 0 0 0 0 0 0 0 0 0 0 0 0 0 0 0 0 0 0 0 0 0 0]
[1407107480949369200154983849782497734477701669088650297430089721475080510899151671291329889312640161587071096092921150742 0 0 0 0 0 0 0 0 0 0 0 0 0 0 1 0 0 0 0 0 0 0 0 0 0 0 0 0 0 0 0 0 0 0 0 0 0 0 0]
[396704573888505244317230564040847959010291986826379810111015435199538160800533644014789201811342425174433160621673445438 0 0 0 0 0 0 0 0 0 0 0 0 0 0 0 1 0 0 0 0 0 0 0 0 0 0 0 0 0 0 0 0 0 0 0 0 0 0 0]
[1743505628775809220566403829815820550090532676205846017330066847917864934329231484498128507071510624615080168367412206957 0 0 0 0 0 0 0 0 0 0 0 0 0 0 0 0 1 0 0 0 0 0 0 0 0 0 0 0 0 0 0 0 0 0 0 0 0 0 0]
[237926016088324570657914305612305930010098593181885916320272446002748065223781286925152354094704333926672110658519144720 0 0 0 0 0 0 0 0 0 0 0 0 0 0 0 0 0 1 0 0 0 0 0 0 0 0 0 0 0 0 0 0 0 0 0 0 0 0 0]
[357242888926756867122831504563972706435990435825038202425371726785184680697383222371233631485191454013205769698079376541 0 0 0 0 0 0 0 0 0 0 0 0 0 0 0 0 0 0 1 0 0 0 0 0 0 0 0 0 0 0 0 0 0 0 0 0 0 0 0]
[375466272853498721540713944562912109600497955440719990479300944296303266820855076359127682072656966245448277342094864078 0 0 0 0 0 0 0 0 0 0 0 0 0 0 0 0 0 0 0 1 0 0 0 0 0 0 0 0 0 0 0 0 0 0 0 0 0 0 0]
[312880516177926400970330628140944435712343568416527204875022441185729764643820514954991729768894964785730403091874624556 0 0 0 0 0 0 0 0 0 0 0 0 0 0 0 0 0 0 0 0 1 0 0 0 0 0 0 0 0 0 0 0 0 0 0 0 0 0 0]
[1171088948614100974108487129171800210870924077463823686244719443738531619308033569311214032262014554634339647286695717554 0 0 0 0 0 0 0 0 0 0 0 0 0 0 0 0 0 0 0 0 0 1 0 0 0 0 0 0 0 0 0 0 0 0 0 0 0 0 0]
[819413968122960825333434556735394548308135485633872548635527433386154572318805507856087706050966961073935474820818387825 0 0 0 0 0 0 0 0 0 0 0 0 0 0 0 0 0 0 0 0 0 0 1 0 0 0 0 0 0 0 0 0 0 0 0 0 0 0 0]
[1828822724828567027301129527030238075287808816502509218086731408443425754400836196695792580037416869388400096044006890331 0 0 0 0 0 0 0 0 0 0 0 0 0 0 0 0 0 0 0 0 0 0 0 1 0 0 0 0 0 0 0 0 0 0 0 0 0 0 0]
[1161235447293133544774330896640332015517954266334399582774814007967238462808200505089305336590125275346860570598053544784 0 0 0 0 0 0 0 0 0 0 0 0 0 0 0 0 0 0 0 0 0 0 0 0 1 0 0 0 0 0 0 0 0 0 0 0 0 0 0]
[919905779950344549249491016289080369466223176337252685213484840151170429261316142001354321432889420428510705769626815608 0 0 0 0 0 0 0 0 0 0 0 0 0 0 0 0 0 0 0 0 0 0 0 0 0 1 0 0 0 0 0 0 0 0 0 0 0 0 0]
[841784143351066404570721646145499355074716861062027572573724231978013209573374561745649695284368972810179036874432505118 0 0 0 0 0 0 0 0 0 0 0 0 0 0 0 0 0 0 0 0 0 0 0 0 0 0 1 0 0 0 0 0 0 0 0 0 0 0 0]
[1089143200090437472090062269285037198510073067176940736853842532728883186622009772388358547630860246529574141791336067166 0 0 0 0 0 0 0 0 0 0 0 0 0 0 0 0 0 0 0 0 0 0 0 0 0 0 0 1 0 0 0 0 0 0 0 0 0 0 0]
[1107647935727055087099862337505169175638889680299090482045542924508710493361410244622253927692283898951193154875551195169 0 0 0 0 0 0 0 0 0 0 0 0 0 0 0 0 0 0 0 0 0 0 0 0 0 0 0 0 1 0 0 0 0 0 0 0 0 0 0]
[969069601786302606451881998193808875639447013631165146309472203492203448342199482190955720658864007266207191512573757141 0 0 0 0 0 0 0 0 0 0 0 0 0 0 0 0 0 0 0 0 0 0 0 0 0 0 0 0 0 1 0 0 0 0 0 0 0 0 0]
[1048056527603864722769561230369728058042142439045096385147733024190497520996577925250096173022245030293570483178745873736 0 0 0 0 0 0 0 0 0 0 0 0 0 0 0 0 0 0 0 0 0 0 0 0 0 0 0 0 0 0 1 0 0 0 0 0 0 0 0]
[1706191500692380659040448467904019956475704707944910099593199772701879567874627653695064470032122293258724480897162073222 0 0 0 0 0 0 0 0 0 0 0 0 0 0 0 0 0 0 0 0 0 0 0 0 0 0 0 0 0 0 0 1 0 0 0 0 0 0 0]
[576605113879425043292496230255853758268677097183610979776363040833055095594863731347158488409554750306605547694737667604 0 0 0 0 0 0 0 0 0 0 0 0 0 0 0 0 0 0 0 0 0 0 0 0 0 0 0 0 0 0 0 0 1 0 0 0 0 0 0]
[1203585232260427044004507048342178277547688380546957419109064605121669493882695200591778630567626896826903596494120750201 0 0 0 0 0 0 0 0 0 0 0 0 0 0 0 0 0 0 0 0 0 0 0 0 0 0 0 0 0 0 0 0 0 1 0 0 0 0 0]
[722373798931849660492811213433744990698880850587926520420700273381750286595402955390067467664307370942506913305763680583 0 0 0 0 0 0 0 0 0 0 0 0 0 0 0 0 0 0 0 0 0 0 0 0 0 0 0 0 0 0 0 0 0 0 1 0 0 0 0]
[474001545905273512612640516708006805448395059829920201176488713662932619834095880744361493625308835905720984504847977207 0 0 0 0 0 0 0 0 0 0 0 0 0 0 0 0 0 0 0 0 0 0 0 0 0 0 0 0 0 0 0 0 0 0 0 1 0 0 0]
[1605343802615436901534913254784627746048127257804360692741728685161682731558119825659590000343178104817660546898065213152 0 0 0 0 0 0 0 0 0 0 0 0 0 0 0 0 0 0 0 0 0 0 0 0 0 0 0 0 0 0 0 0 0 0 0 0 1 0 0]
[1197314140663922160405917049089836009210068774207181282860079137420955593802496850609048290561820365356765216784542058247 0 0 0 0 0 0 0 0 0 0 0 0 0 0 0 0 0 0 0 0 0 0 0 0 0 0 0 0 0 0 0 0 0 0 0 0 0 1 0]
[772514919001010197774410408941754226297266892295981416164791547445998344345633583037925361912781815455192428426688258582 0 0 0 0 0 0 0 0 0 0 0 0 0 0 0 0 0 0 0 0 0 0 0 0 0 0 0 0 0 0 0 0 0 0 0 0 0 0 1]
]
40 41 8
[1 1 1 1 1 1 1 1 1 1 1 1 1 1 1 1 1 1 1 1 1 1 1 1 1 1 1 1 1 1 1 1 1 1 1 1 1 1 1 1 1]
