[[1452950700746379625654844224257314076930941625829421517525785027504288392579878102849751700178632284480897535758905084293 0 0 0 0 0 0 0 0 0 0 0 0 0 0 0 0 0 0 0 0 0 0 0 0 0 0 0 0 0 0 0 0 0 0 0 0 0 0 0]
[1298001912012220635484419315670434435409185245418722961768356373706749860404304770560319182089172710548233576702639183524 1 0 0 0 0 0 0 0 0 0 0 0 0 0 0 0 0 0 0 0 0 0 0 0 0 0 0 0 0 0 0 0 0 0 0 0 0 0 0]
[542718661039922482708567300625184563378604576267307540538608959219234731834093527292987305015985299870010331261298844281 0 1 0 0 0 0 0 0 0 0 0 0 0 0 0 0 0 0 0 0 0 0 0 0 0 0 0 0 0 0 0 0 0 0 0 0 0 0 0]
[613335895889457800502787321234857103825586840344761950084468114232739630404439977056995083622900611562600852876755442829 0 0 1 0 0 0 0 0 0 0 0 0 0 0 0 0 0 0 0 0 0 0 0 0 0 0 0 0 0 0 0 0 0 0 0 0 0 0 0]
[1293102148721445189575577245919499818074330823677900067311564487150707122610343335367185234626033205662676249087602357695 0 0 0 1 0 0 0 0 0 0 0 0 0 0 0 0 0 0 0 0 0 0 0 0 0 0 0 0 0 0 0 0 0 0 0 0 0 0 0]
[30190564250235337596064008393026505349630503151380347527814458440318916688400660521372439561872095379059208436335689043 0 0 0 0 1 0 0 0 0 0 0 0 0 0 0 0 0 0 0 0 0 0 0 0 0 0 0 0 0 0 0 0 0 0 0 0 0 0 0]
[555493355629276865504637544328474377685260390265101624452671512914234530133049821190879645859271995827442200052239250166 0 0 0 0 0 1 0 0 0 0 0 0 0 0 0 0 0 0 0 0 0 0 0 0 0 0 0 0 0 0 0 0 0 0 0 0 0 0 0]
[821398517958642600081138447595822734974666931210484952402710871849949007984352765936485920894455363962652491450064125555 0 0 0 0 0 0 1 0 0 0 0 0 0 0 0 0 0 0 0 0 0 0 0 0 0 0 0 0 0 0 0 0 0 0 0 0 0 0 0]
[1363872535077423105429068179065951830412749676130238864290396495569814750350948200533536891311601352258334541966394873480 0 0 0 0 0 0 0 1 0 0 0 0 0 0 0 0 0 0 0 0 0 0 0 0 0 0 0 0 0 0 0 0 0 0 0 0 0 0 0]
[116639147945787822754822740905006502187192778939712481427442643550438686517729604004223278555039560209485628593636422934 0 0 0 0 0 0 0 0 1 0 0 0 0 0 0 0 0 0 0 0 0 0 0 0 0 0 0 0 0 0 0 0 0 0 0 0 0 0 0]
[537602188541718460958514636277366227967403048069758487543284126108215228551394981794653370244844113008254339932079146379 0 0 0 0 0 0 0 0 0 1 0 0 0 0 0 0 0 0 0 0 0 0 0 0 0 0 0 0 0 0 0 0 0 0 0 0 0 0 0]
[1196298930694670539277456106800009508495655910966239576251891641807016320730032119727700990720203475703529103490202935342 0 0 0 0 0 0 0 0 0 0 1 0 0 0 0 0 0 0 0 0 0 0 0 0 0 0 0 0 0 0 0 0 0 0 0 0 0 0 0]
[661669828799310544735556523102418333411266338429761482291816574541453245109463745280861536986607002549647611748439551833 0 0 0 0 0 0 0 0 0 0 0 1 0 0 0 0 0 0 0 0 0 0 0 0 0 0 0 0 0 0 0 0 0 0 0 0 0 0 0]
[769842772530511774940387616851711223281266212770702573142424975481120538029914683333761809728646163384516024224472556077 0 0 0 0 0 0 0 0 0 0 0 0 1 0 0 0 0 0 0 0 0 0 0 0 0 0 0 0 0 0 0 0 0 0 0 0 0 0 0]
[1160902946701501693832037281245597524565205091818383080817021326798293003171795312527992948607135805368055658848245755659 0 0 0 0 0 0 0 0 0 0 0 0 0 1 0 0 0 0 0 0 0 0 0 0 0 0 0 0 0 0 0 0 0 0 0 0 0 0 0]
[1303453809249820542693278257189556420097687918130287015315583952108160675001434587308560631140940511584937801733293810536 0 0 0 0 0 0 0 0 0 0 0 0 0 0 1 0 0 0 0 0 0 0 0 0 0 0 0 0 0 0 0 0 0 0 0 0 0 0 0]
[1308771851294188419468401356141570039049302648184895481605986067981296061270654983021868583299921072220428686833177938850 0 0 0 0 0 0 0 0 0 0 0 0 0 0 0 1 0 0 0 0 0 0 0 0 0 0 0 0 0 0 0 0 0 0 0 0 0 0 0]
[522033376721533740880054368554529257394484722484929583394521614765706813520107103366003775706287783288961135952156627179 0 0 0 0 0 0 0 0 0 0 0 0 0 0 0 0 1 0 0 0 0 0 0 0 0 0 0 0 0 0 0 0 0 0 0 0 0 0 0]
[1171158713081739009119110643845276096722612749181798156917422609978204601090877309889041837204564302439869246656785903231 0 0 0 0 0 0 0 0 0 0 0 0 0 0 0 0 0 1 0 0 0 0 0 0 0 0 0 0 0 0 0 0 0 0 0 0 0 0 0]
[519307211872058012037665521706903186696506573309029152006195449278781057019099169537581356171034208310091134747091011912 0 0 0 0 0 0 0 0 0 0 0 0 0 0 0 0 0 0 1 0 0 0 0 0 0 0 0 0 0 0 0 0 0 0 0 0 0 0 0]
[1048967328535503881103997777896118546874268180084439233220380675518991813412118056959671393200549575864825480246302300137 0 0 0 0 0 0 0 0 0 0 0 0 0 0 0 0 0 0 0 1 0 0 0 0 0 0 0 0 0 0 0 0 0 0 0 0 0 0 0]
[1019707701766333243017356797983104570196259241421831949269414578699652055062716296863420429639982003724529475718192036236 0 0 0 0 0 0 0 0 0 0 0 0 0 0 0 0 0 0 0 0 1 0 0 0 0 0 0 0 0 0 0 0 0 0 0 0 0 0 0]
[737388504702480096117496600481171587640219137085028963207633422154065628591436990015635002891880340964648761765710538611 0 0 0 0 0 0 0 0 0 0 0 0 0 0 0 0 0 0 0 0 0 1 0 0 0 0 0 0 0 0 0 0 0 0 0 0 0 0 0]
[421765726736734095455288524933329639123166870136780019245191794198189902878464234352354653222673588126478858515304255824 0 0 0 0 0 0 0 0 0 0 0 0 0 0 0 0 0 0 0 0 0 0 1 0 0 0 0 0 0 0 0 0 0 0 0 0 0 0 0]
[211725731778542566327194346394818261024006948653351874782964245416847332892172755958567850556080277956442104659371621067 0 0 0 0 0 0 0 0 0 0 0 0 0 0 0 0 0 0 0 0 0 0 0 1 0 0 0 0 0 0 0 0 0 0 0 0 0 0 0]
[157365106965450789945316537442676548187567370475595690324278364396393755172249448612776770097236445270481864200496477066 0 0 0 0 0 0 0 0 0 0 0 0 0 0 0 0 0 0 0 0 0 0 0 0 1 0 0 0 0 0 0 0 0 0 0 0 0 0 0]
[674215912239982542447873484987799749503157508786304763723966031267913202949293827469216398034022905103105484610658298747 0 0 0 0 0 0 0 0 0 0 0 0 0 0 0 0 0 0 0 0 0 0 0 0 0 1 0 0 0 0 0 0 0 0 0 0 0 0 0]
[1021157783459631495079599301659227087354510388690676929238405013603536358139830019370861245365938086578196536344239253911 0 0 0 0 0 0 0 0 0 0 0 0 0 0 0 0 0 0 0 0 0 0 0 0 0 0 1 0 0 0 0 0 0 0 0 0 0 0 0]
[796254961792848511895024675829519625696916905874365310213256103231529983387306392067888168218704127170349025540840988525 0 0 0 0 0 0 0 0 0 0 0 0 0 0 0 0 0 0 0 0 0 0 0 0 0 0 0 1 0 0 0 0 0 0 0 0 0 0 0]
[431710437719707297036744209449836369503784063983562046381556322147088959933662574888456708393165338764342527529904759631 0 0 0 0 0 0 0 0 0 0 0 0 0 0 0 0 0 0 0 0 0 0 0 0 0 0 0 0 1 0 0 0 0 0 0 0 0 0 0]
[1270733232741971073418667919787295777225811826911897405855955684718346847530629545401897915285589237168355610845729073402 0 0 0 0 0 0 0 0 0 0 0 0 0 0 0 0 0 0 0 0 0 0 0 0 0 0 0 0 0 1 0 0 0 0 0 0 0 0 0]
[630479601036054155037145433116493047821773872412738093649453608570124845543282093600231959585153702351719866911749821271 0 0 0 0 0 0 0 0 0 0 0 0 0 0 0 0 0 0 0 0 0 0 0 0 0 0 0 0 0 0 1 0 0 0 0 0 0 0 0]
[1388099997813794849810726464150061174699301383329963914898423827576457824771752821436783761156314619029150186437730398521 0 0 0 0 0 0 0 0 0 0 0 0 0 0 0 0 0 0 0 0 0 0 0 0 0 0 0 0 0 0 0 1 0 0 0 0 0 0 0]
[1284230523424883833930824987007288325335503588973267522898513629237060262223700776008133309892346487466296651857530291292 0 0 0 0 0 0 0 0 0 0 0 0 0 0 0 0 0 0 0 0 0 0 0 0 0 0 0 0 0 0 0 0 1 0 0 0 0 0 0]
[313493499240248485144464142887905825557583770339642604150429147497775289371247879804317325064971343494871979037107919636 0 0 0 0 0 0 0 0 0 0 0 0 0 0 0 0 0 0 0 0 0 0 0 0 0 0 0 0 0 0 0 0 0 1 0 0 0 0 0]
[1443477086110529362454840613926053231058998872779686604432237839099250832950758602052452653389154773911530487386781183891 0 0 0 0 0 0 0 0 0 0 0 0 0 0 0 0 0 0 0 0 0 0 0 0 0 0 0 0 0 0 0 0 0 0 1 0 0 0 0]
[755208902140317638924034960912739535201230636775836057830424007696538606047300173419361683918267138212100396918371916637 0 0 0 0 0 0 0 0 0 0 0 0 0 0 0 0 0 0 0 0 0 0 0 0 0 0 0 0 0 0 0 0 0 0 0 1 0 0 0]
[1379210720798515892541826973838562449065613797138351200372595451449402976126709604953596602050811789601875704154706069994 0 0 0 0 0 0 0 0 0 0 0 0 0 0 0 0 0 0 0 0 0 0 0 0 0 0 0 0 0 0 0 0 0 0 0 0 1 0 0]
[272562902131632280861996327204764052823399454231364053256537917763603884947976795737139751980414194654642321377456333820 0 0 0 0 0 0 0 0 0 0 0 0 0 0 0 0 0 0 0 0 0 0 0 0 0 0 0 0 0 0 0 0 0 0 0 0 0 1 0]
[938431365737468626976711869276678364445863626504853917811983439319429240786075808217119230753859743939159704440583116583 0 0 0 0 0 0 0 0 0 0 0 0 0 0 0 0 0 0 0 0 0 0 0 0 0 0 0 0 0 0 0 0 0 0 0 0 0 0 1]
]
40 41 4
[1 1 1 1 1 1 1 1 1 1 1 1 1 1 1 1 1 1 1 1 1 1 1 1 1 1 1 1 1 1 1 1 1 1 1 1 1 1 1 1 1]
