[[2322586469427256314269285584082527116983376300027525935823972526322215542752235924603823652973908072259212454337089103261 0 0 0 0 0 0 0 0 0 0 0 0 0 0 0 0 0 0 0 0 0 0 0 0 0 0 0 0 0 0 0 0 0 0 0 0 0 0 0]
[1102220992765814120852478189089922339339063255148669175597219958809665612990500150392302993038100413156941039079790014551 1 0 0 0 0 0 0 0 0 0 0 0 0 0 0 0 0 0 0 0 0 0 0 0 0 0 0 0 0 0 0 0 0 0 0 0 0 0 0]
[2201606279903243978343840001518753360306112159008062817987043151611720372351920963967141181714250972472309788044433768363 0 1 0 0 0 0 0 0 0 0 0 0 0 0 0 0 0 0 0 0 0 0 0 0 0 0 0 0 0 0 0 0 0 0 0 0 0 0 0]
[455700145045674469977511150772966967467657173546187798197015766260228285364067706521456321057225080631590936471154087232 0 0 1 0 0 0 0 0 0 0 0 0 0 0 0 0 0 0 0 0 0 0 0 0 0 0 0 0 0 0 0 0 0 0 0 0 0 0 0]
[1487643845026104229442551539611726588328581941563051628612363715468761401332826080410626854939632946935862021757388682630 0 0 0 1 0 0 0 0 0 0 0 0 0 0 0 0 0 0 0 0 0 0 0 0 0 0 0 0 0 0 0 0 0 0 0 0 0 0 0]
[590091053151311835589414864823315125697660821644524794232817904765456834154616135707488878334221025287569932753321221150 0 0 0 0 1 0 0 0 0 0 0 0 0 0 0 0 0 0 0 0 0 0 0 0 0 0 0 0 0 0 0 0 0 0 0 0 0 0 0]
[173042187567197431031960147200963458110649216410123155926533957184795276849520009889831853314342628986855294951612042410 0 0 0 0 0 1 0 0 0 0 0 0 0 0 0 0 0 0 0 0 0 0 0 0 0 0 0 0 0 0 0 0 0 0 0 0 0 0 0]
[1553464536252937947070244883891223020170515551286612567923455480507276556981210665940293347500107404780614204752525528162 0 0 0 0 0 0 1 0 0 0 0 0 0 0 0 0 0 0 0 0 0 0 0 0 0 0 0 0 0 0 0 0 0 0 0 0 0 0 0]
[1900630562530506891004557982577968974745842237699504782000620899787589293628893770952300880161358837453506734595040536413 0 0 0 0 0 0 0 1 0 0 0 0 0 0 0 0 0 0 0 0 0 0 0 0 0 0 0 0 0 0 0 0 0 0 0 0 0 0 0]
[839588486132111800129586989251234066649080190015715438254449996152521456163875446535272959657143546769401824107199011440 0 0 0 0 0 0 0 0 1 0 0 0 0 0 0 0 0 0 0 0 0 0 0 0 0 0 0 0 0 0 0 0 0 0 0 0 0 0 0]
[125724195837479391337614697774273103911766830315139733865387391550497828542508195373951188105305679489154420699348323346 0 0 0 0 0 0 0 0 0 1 0 0 0 0 0 0 0 0 0 0 0 0 0 0 0 0 0 0 0 0 0 0 0 0 0 0 0 0 0]
[184849865704876501690491149389435242684115086114524270703424585294609326200201095627816709717276506235684570979426012356 0 0 0 0 0 0 0 0 0 0 1 0 0 0 0 0 0 0 0 0 0 0 0 0 0 0 0 0 0 0 0 0 0 0 0 0 0 0 0]
[1765831357576859868807118249767260308121148774155590735563728350121146280154008738171703183505533595667665730656821167705 0 0 0 0 0 0 0 0 0 0 0 1 0 0 0 0 0 0 0 0 0 0 0 0 0 0 0 0 0 0 0 0 0 0 0 0 0 0 0]
[1810388233612696096083749604628665959504280408251714345742619691027876808905775323290671615270727929906752310207197938596 0 0 0 0 0 0 0 0 0 0 0 0 1 0 0 0 0 0 0 0 0 0 0 0 0 0 0 0 0 0 0 0 0 0 0 0 0 0 0]
[1095659319202775984375316412230145630060400055106249388923882732054550519289307631676840943069830176406895853437563236379 0 0 0 0 0 0 0 0 0 0 0 0 0 1 0 0 0 0 0 0 0 0 0 0 0 0 0 0 0 0 0 0 0 0 0 0 0 0 0]
[1620935398247977100719533125571234505763274127946710783661689663579087855930764676714984870625619021853449999029568101406 0 0 0 0 0 0 0 0 0 0 0 0 0 0 1 0 0 0 0 0 0 0 0 0 0 0 0 0 0 0 0 0 0 0 0 0 0 0 0]
[1993038433918036998487014892507724289491403188904148646287130486359536671856286056928015476309797910451439062399043270148 0 0 0 0 0 0 0 0 0 0 0 0 0 0 0 1 0 0 0 0 0 0 0 0 0 0 0 0 0 0 0 0 0 0 0 0 0 0 0]
[1349149730457632786635074877593329321946329911830499442156551976640539149472893896637356522941143714887341345025096356160 0 0 0 0 0 0 0 0 0 0 0 0 0 0 0 0 1 0 0 0 0 0 0 0 0 0 0 0 0 0 0 0 0 0 0 0 0 0 0]
[1942380054254512450126970712458481215516414708531156667608676838611463968623658956822416613390672215322542708959496824086 0 0 0 0 0 0 0 0 0 0 0 0 0 0 0 0 0 1 0 0 0 0 0 0 0 0 0 0 0 0 0 0 0 0 0 0 0 0 0]
[774457307410109992541169139146512672996594748530660991599274302264409477396743847906505490682162079921610462586968288344 0 0 0 0 0 0 0 0 0 0 0 0 0 0 0 0 0 0 1 0 0 0 0 0 0 0 0 0 0 0 0 0 0 0 0 0 0 0 0]
[1636617667965862589491130977616320310211685136785298669146988199033576963200550141771846189050022643203026815242723838166 0 0 0 0 0 0 0 0 0 0 0 0 0 0 0 0 0 0 0 1 0 0 0 0 0 0 0 0 0 0 0 0 0 0 0 0 0 0 0]
[206917114193150190134366613457809869370333396092388710330801653764468029476247306200284360334673964649385794320782035350 0 0 0 0 0 0 0 0 0 0 0 0 0 0 0 0 0 0 0 0 1 0 0 0 0 0 0 0 0 0 0 0 0 0 0 0 0 0 0]
[24124873880437217973146209038216227338444052149717967073539105568717351149343870700750819377907212447470742457673391699 0 0 0 0 0 0 0 0 0 0 0 0 0 0 0 0 0 0 0 0 0 1 0 0 0 0 0 0 0 0 0 0 0 0 0 0 0 0 0]
[634957113642208773674506798859064210822987690030517676189862071428422502762625659595475129303181180049663455420116422492 0 0 0 0 0 0 0 0 0 0 0 0 0 0 0 0 0 0 0 0 0 0 1 0 0 0 0 0 0 0 0 0 0 0 0 0 0 0 0]
[1187607138838169343134410688735456645831690105109722227504630362907699779501560591834300812145183621711866972501985114612 0 0 0 0 0 0 0 0 0 0 0 0 0 0 0 0 0 0 0 0 0 0 0 1 0 0 0 0 0 0 0 0 0 0 0 0 0 0 0]
[1759435070340603765550683260173912386636908028137938594703627262851113747568003010755014112072207549987549095255699560258 0 0 0 0 0 0 0 0 0 0 0 0 0 0 0 0 0 0 0 0 0 0 0 0 1 0 0 0 0 0 0 0 0 0 0 0 0 0 0]
[1276052674789911010130648613449477492944575200516180879598691220628647233279259055720265472082068387551727208300647527682 0 0 0 0 0 0 0 0 0 0 0 0 0 0 0 0 0 0 0 0 0 0 0 0 0 1 0 0 0 0 0 0 0 0 0 0 0 0 0]
[1557837556137087525238241146536933980378647751224886746007576886034475335701111349638861145299060853581463488474171568643 0 0 0 0 0 0 0 0 0 0 0 0 0 0 0 0 0 0 0 0 0 0 0 0 0 0 1 0 0 0 0 0 0 0 0 0 0 0 0]
[1671467292002838362519074370443626657537954158516849887646767317022635091534663057311005215877082283797564581473521457375 0 0 0 0 0 0 0 0 0 0 0 0 0 0 0 0 0 0 0 0 0 0 0 0 0 0 0 1 0 0 0 0 0 0 0 0 0 0 0]
[652262377245466278474503591905550184160946706672428792548634993485203376821093006299238496730917717275807881227243840251 0 0 0 0 0 0 0 0 0 0 0 0 0 0 0 0 0 0 0 0 0 0 0 0 0 0 0 0 1 0 0 0 0 0 0 0 0 0 0]
[1680252103817609289513557405899875082640682249799065955048123811570785657427365889582547287790710638893687708280477980818 0 0 0 0 0 0 0 0 0 0 0 0 0 0 0 0 0 0 0 0 0 0 0 0 0 0 0 0 0 1 0 0 0 0 0 0 0 0 0]
[1754170954008348672451637180181680238514634740571456412742073315230813314667436466000511951063303463377178447833376357200 0 0 0 0 0 0 0 0 0 0 0 0 0 0 0 0 0 0 0 0 0 0 0 0 0 0 0 0 0 0 1 0 0 0 0 0 0 0 0]
[685189072781764520167582755184554209593678751733551396409039576273942018019264116998485220061336496674154318989404607876 0 0 0 0 0 0 0 0 0 0 0 0 0 0 0 0 0 0 0 0 0 0 0 0 0 0 0 0 0 0 0 1 0 0 0 0 0 0 0]
[989123740373800106816207371258320307144172143516085047561516427422964991230054298458175337608813272088880608247309579519 0 0 0 0 0 0 0 0 0 0 0 0 0 0 0 0 0 0 0 0 0 0 0 0 0 0 0 0 0 0 0 0 1 0 0 0 0 0 0]
[447809966884510098066043633979151453685868854906034611319721959706062033106460167035735393081249726966683616465618243508 0 0 0 0 0 0 0 0 0 0 0 0 0 0 0 0 0 0 0 0 0 0 0 0 0 0 0 0 0 0 0 0 0 1 0 0 0 0 0]
[1345001989410560676799701207421192663151387740769319742504145906329662780628909771194086801554160975147139657740883463138 0 0 0 0 0 0 0 0 0 0 0 0 0 0 0 0 0 0 0 0 0 0 0 0 0 0 0 0 0 0 0 0 0 0 1 0 0 0 0]
[2052902683121745134183679844931410508285231682994808301337103095038920392688281116399814562323268182443736078643172825596 0 0 0 0 0 0 0 0 0 0 0 0 0 0 0 0 0 0 0 0 0 0 0 0 0 0 0 0 0 0 0 0 0 0 0 1 0 0 0]
[441905877121795670224941635774532067930943280121182924617963960941662130106577681139557227665469697285625670320327387534 0 0 0 0 0 0 0 0 0 0 0 0 0 0 0 0 0 0 0 0 0 0 0 0 0 0 0 0 0 0 0 0 0 0 0 0 1 0 0]
[555813925108900221192255327911736428579166322798155668194166426302655152472528627253185591992124044144775616033038783830 0 0 0 0 0 0 0 0 0 0 0 0 0 0 0 0 0 0 0 0 0 0 0 0 0 0 0 0 0 0 0 0 0 0 0 0 0 1 0]
[214721275214822390867071255905475895600761107690669908920456496505570703283549150833235500236014888966896627459863850710 0 0 0 0 0 0 0 0 0 0 0 0 0 0 0 0 0 0 0 0 0 0 0 0 0 0 0 0 0 0 0 0 0 0 0 0 0 0 1]
]
40 41 5
[1 1 1 1 1 1 1 1 1 1 1 1 1 1 1 1 1 1 1 1 1 1 1 1 1 1 1 1 1 1 1 1 1 1 1 1 1 1 1 1 1]
