[[2153790394515954439829575676776051699316027055792662274738550614698163501459547135719364582154533142498203571595637575031 0 0 0 0 0 0 0 0 0 0 0 0 0 0 0 0 0 0 0 0 0 0 0 0 0 0 0 0 0 0 0 0 0 0 0 0 0 0 0]
[2114041635043514440388133983279306062866221499724533876722303211459655222620635293313404162207267103033053156791376833104 1 0 0 0 0 0 0 0 0 0 0 0 0 0 0 0 0 0 0 0 0 0 0 0 0 0 0 0 0 0 0 0 0 0 0 0 0 0 0]
[1321364790971918956710919611019853407992232168151091667712442313439078254900424939999628758782968572166541448934865155961 0 1 0 0 0 0 0 0 0 0 0 0 0 0 0 0 0 0 0 0 0 0 0 0 0 0 0 0 0 0 0 0 0 0 0 0 0 0 0]
[1275033852081284668738076279487708147747856634843065993632482645182967335459324951774322533279064909378867805890402929090 0 0 1 0 0 0 0 0 0 0 0 0 0 0 0 0 0 0 0 0 0 0 0 0 0 0 0 0 0 0 0 0 0 0 0 0 0 0 0]
[1475260235613622339510484783412743693245254229712350669372249711595986255703554090993329857607936411717913063810814568114 0 0 0 1 0 0 0 0 0 0 0 0 0 0 0 0 0 0 0 0 0 0 0 0 0 0 0 0 0 0 0 0 0 0 0 0 0 0 0]
[41375044498631054518993781086006563772424282645575096781259598251633202119478563930295935059313762823863041971522183348 0 0 0 0 1 0 0 0 0 0 0 0 0 0 0 0 0 0 0 0 0 0 0 0 0 0 0 0 0 0 0 0 0 0 0 0 0 0 0]
[968564323630550985651214616917250511264150540887002451853781216764470994879682686116139971535698336584932818173438801168 0 0 0 0 0 1 0 0 0 0 0 0 0 0 0 0 0 0 0 0 0 0 0 0 0 0 0 0 0 0 0 0 0 0 0 0 0 0 0]
[638629236000094756671569314265260710507416176978442147504312391344742418651132358987307647529495398118209513358429246717 0 0 0 0 0 0 1 0 0 0 0 0 0 0 0 0 0 0 0 0 0 0 0 0 0 0 0 0 0 0 0 0 0 0 0 0 0 0 0]
[1143871909925405393302681970226741685894254299389873355118833849873133663998069933652360640075964150668319220714321020786 0 0 0 0 0 0 0 1 0 0 0 0 0 0 0 0 0 0 0 0 0 0 0 0 0 0 0 0 0 0 0 0 0 0 0 0 0 0 0]
[281784321379960214849792084075371675035850202924855850863460661899332088914728918449230232200528506055822925562140666014 0 0 0 0 0 0 0 0 1 0 0 0 0 0 0 0 0 0 0 0 0 0 0 0 0 0 0 0 0 0 0 0 0 0 0 0 0 0 0]
[76036453514573872116685805428582501813294804436625084414061543909906960346071680613270114983564299239740245740798475672 0 0 0 0 0 0 0 0 0 1 0 0 0 0 0 0 0 0 0 0 0 0 0 0 0 0 0 0 0 0 0 0 0 0 0 0 0 0 0]
[225485878974661120715053787130976523204704125173573788945283871183831479705895314496948437449441265255021249941932335174 0 0 0 0 0 0 0 0 0 0 1 0 0 0 0 0 0 0 0 0 0 0 0 0 0 0 0 0 0 0 0 0 0 0 0 0 0 0 0]
[1927409550590319794075032726052282282386664098620810369810709375546166488763379834342887997104922920326621976427868440689 0 0 0 0 0 0 0 0 0 0 0 1 0 0 0 0 0 0 0 0 0 0 0 0 0 0 0 0 0 0 0 0 0 0 0 0 0 0 0]
[1922376583584578090191344349762422453017644541061611828184391253738878793605849573239488852016951691674206567326065268966 0 0 0 0 0 0 0 0 0 0 0 0 1 0 0 0 0 0 0 0 0 0 0 0 0 0 0 0 0 0 0 0 0 0 0 0 0 0 0]
[214184725116479720308635621973337045721990205516211964652372744895855660012411287404518288368246367655100249467490447255 0 0 0 0 0 0 0 0 0 0 0 0 0 1 0 0 0 0 0 0 0 0 0 0 0 0 0 0 0 0 0 0 0 0 0 0 0 0 0]
[25331284783141308884710935735133343897482188219300072166637352437050587784177610364018011772746621783091042818774661644 0 0 0 0 0 0 0 0 0 0 0 0 0 0 1 0 0 0 0 0 0 0 0 0 0 0 0 0 0 0 0 0 0 0 0 0 0 0 0]
[745362201395259042756579854814026707693784940285336177222976231804250927390799064717647490123998809169142164154629211654 0 0 0 0 0 0 0 0 0 0 0 0 0 0 0 1 0 0 0 0 0 0 0 0 0 0 0 0 0 0 0 0 0 0 0 0 0 0 0]
[1791702165655288443470701452446657667858527548290151360182298607082980760463734634173974688789497380573494769860215442502 0 0 0 0 0 0 0 0 0 0 0 0 0 0 0 0 1 0 0 0 0 0 0 0 0 0 0 0 0 0 0 0 0 0 0 0 0 0 0]
[1176137527224100827547379345714328593851911841860491394821862840710621477511057230787381271882954304403581367622731535125 0 0 0 0 0 0 0 0 0 0 0 0 0 0 0 0 0 1 0 0 0 0 0 0 0 0 0 0 0 0 0 0 0 0 0 0 0 0 0]
[69028266620912042761810187123301460480730687906743873078435438537318606404523475609592210472589755751439154761346795066 0 0 0 0 0 0 0 0 0 0 0 0 0 0 0 0 0 0 1 0 0 0 0 0 0 0 0 0 0 0 0 0 0 0 0 0 0 0 0]
[223951777724880851515526579313358875438326162113878605225970727180925974246645128680777974618992799151153624971108091340 0 0 0 0 0 0 0 0 0 0 0 0 0 0 0 0 0 0 0 1 0 0 0 0 0 0 0 0 0 0 0 0 0 0 0 0 0 0 0]
[2089311095815004634488200514960832086249195385515655316667884751533237999622363565896166765055349964315030124153316798497 0 0 0 0 0 0 0 0 0 0 0 0 0 0 0 0 0 0 0 0 1 0 0 0 0 0 0 0 0 0 0 0 0 0 0 0 0 0 0]
[2007568986781337312949783184344151662131922997596359042243391711500636855533978312809524225667137670247389047860916036247 0 0 0 0 0 0 0 0 0 0 0 0 0 0 0 0 0 0 0 0 0 1 0 0 0 0 0 0 0 0 0 0 0 0 0 0 0 0 0]
[1595327769608635212891676332401271947524698294500851729525281992586160445833624331089613032302965610589597723693569933632 0 0 0 0 0 0 0 0 0 0 0 0 0 0 0 0 0 0 0 0 0 0 1 0 0 0 0 0 0 0 0 0 0 0 0 0 0 0 0]
[1353143451898939747820184168521931772423790318065436181729923722468617944263763141130345313222030806122806349975389576115 0 0 0 0 0 0 0 0 0 0 0 0 0 0 0 0 0 0 0 0 0 0 0 1 0 0 0 0 0 0 0 0 0 0 0 0 0 0 0]
[1814616185438830399163641331254306457746750210467538450680092878351304348874026137401408842051604560186121073607027168801 0 0 0 0 0 0 0 0 0 0 0 0 0 0 0 0 0 0 0 0 0 0 0 0 1 0 0 0 0 0 0 0 0 0 0 0 0 0 0]
[1135717554838893923153019187527149499937695098530455112752575446667408440247188369636804275218577020720526223063981813961 0 0 0 0 0 0 0 0 0 0 0 0 0 0 0 0 0 0 0 0 0 0 0 0 0 1 0 0 0 0 0 0 0 0 0 0 0 0 0]
[602887497172494126922693505488861505818641423982971176596702279980957204259009822948105131772368901355636950568201655443 0 0 0 0 0 0 0 0 0 0 0 0 0 0 0 0 0 0 0 0 0 0 0 0 0 0 1 0 0 0 0 0 0 0 0 0 0 0 0]
[190381136258713675694049005027294001494790433360602958234034012215020590206428647093947661285036617751938433057405333085 0 0 0 0 0 0 0 0 0 0 0 0 0 0 0 0 0 0 0 0 0 0 0 0 0 0 0 1 0 0 0 0 0 0 0 0 0 0 0]
[929257433185590231937842556090684856683714530257434577952006267276317752822507055940096904845525824068069574582712185398 0 0 0 0 0 0 0 0 0 0 0 0 0 0 0 0 0 0 0 0 0 0 0 0 0 0 0 0 1 0 0 0 0 0 0 0 0 0 0]
[1189359594865185626012975582629834138186066086389389129612698110129173608731443308747118204901395614412880726825441086822 0 0 0 0 0 0 0 0 0 0 0 0 0 0 0 0 0 0 0 0 0 0 0 0 0 0 0 0 0 1 0 0 0 0 0 0 0 0 0]
[2065875594615949598824936064884053346980553346016714155124027881914902773269837814662557013681510824549108962920020801217 0 0 0 0 0 0 0 0 0 0 0 0 0 0 0 0 0 0 0 0 0 0 0 0 0 0 0 0 0 0 1 0 0 0 0 0 0 0 0]
[289046500132190859372890282959632829629508522242424282307856354973639009068818098181015981225469161601818814147588059432 0 0 0 0 0 0 0 0 0 0 0 0 0 0 0 0 0 0 0 0 0 0 0 0 0 0 0 0 0 0 0 1 0 0 0 0 0 0 0]
[502287055522586475753234903598354743338250867113457881326540200830090178857521639022639494228178784464487791563762417933 0 0 0 0 0 0 0 0 0 0 0 0 0 0 0 0 0 0 0 0 0 0 0 0 0 0 0 0 0 0 0 0 1 0 0 0 0 0 0]
[1782560091012014716583891370300244384992759477801491318989545120650442993016715432611554285510136079037344638840911983384 0 0 0 0 0 0 0 0 0 0 0 0 0 0 0 0 0 0 0 0 0 0 0 0 0 0 0 0 0 0 0 0 0 1 0 0 0 0 0]
[1645477072083404007076284802460146795363525017541042054556618196200759486742983991646460375318458852747156077600606221086 0 0 0 0 0 0 0 0 0 0 0 0 0 0 0 0 0 0 0 0 0 0 0 0 0 0 0 0 0 0 0 0 0 0 1 0 0 0 0]
[92443232222166198083072292331964146594975222163228491518979296496726203650641198896086392395886928704436143923522174712 0 0 0 0 0 0 0 0 0 0 0 0 0 0 0 0 0 0 0 0 0 0 0 0 0 0 0 0 0 0 0 0 0 0 0 1 0 0 0]
[1816743568835741396155029284654024685389975652925898671245550132088433512259530942894198768724319077448556925843334410806 0 0 0 0 0 0 0 0 0 0 0 0 0 0 0 0 0 0 0 0 0 0 0 0 0 0 0 0 0 0 0 0 0 0 0 0 1 0 0]
[2011707341895620997442492528246703243185599013009676565456586721077920410599672018513596430008293832293015565545727033102 0 0 0 0 0 0 0 0 0 0 0 0 0 0 0 0 0 0 0 0 0 0 0 0 0 0 0 0 0 0 0 0 0 0 0 0 0 1 0]
[559188361154964463821943035189441599365333219963425303531362400102733503014906880145372091623497883551179769036387476745 0 0 0 0 0 0 0 0 0 0 0 0 0 0 0 0 0 0 0 0 0 0 0 0 0 0 0 0 0 0 0 0 0 0 0 0 0 0 1]
]
40 41 3
[1 1 1 1 1 1 1 1 1 1 1 1 1 1 1 1 1 1 1 1 1 1 1 1 1 1 1 1 1 1 1 1 1 1 1 1 1 1 1 1 1]
