[[1832578915129542928223111105224793904171498881697892132662779361281909624836641299501792966553998033995787924391577796969 0 0 0 0 0 0 0 0 0 0 0 0 0 0 0 0 0 0 0 0 0 0 0 0 0 0 0 0 0 0 0 0 0 0 0 0 0 0 0]
[506967784106133756413149523013221308010042248020446952718717373374032401534730903944281412671231073251139761448940888076 1 0 0 0 0 0 0 0 0 0 0 0 0 0 0 0 0 0 0 0 0 0 0 0 0 0 0 0 0 0 0 0 0 0 0 0 0 0 0]
[1766251282614924382312273291407736591317321285615471574961928237133553812094731307310401729383583178751194506495277280814 0 1 0 0 0 0 0 0 0 0 0 0 0 0 0 0 0 0 0 0 0 0 0 0 0 0 0 0 0 0 0 0 0 0 0 0 0 0 0]
[1534536518463107234296208106152389652942370377636221021059983077590469381535170005210240392436936759619654018786466361577 0 0 1 0 0 0 0 0 0 0 0 0 0 0 0 0 0 0 0 0 0 0 0 0 0 0 0 0 0 0 0 0 0 0 0 0 0 0 0]
[614316117322390838138521653082889658623791483242929880987833180350551650436530348488035099730540065862856593880870111658 0 0 0 1 0 0 0 0 0 0 0 0 0 0 0 0 0 0 0 0 0 0 0 0 0 0 0 0 0 0 0 0 0 0 0 0 0 0 0]
[25000868798859728229683047368707979553398787316340834087589136534272964212379849672534201528298481922565406499479618052 0 0 0 0 1 0 0 0 0 0 0 0 0 0 0 0 0 0 0 0 0 0 0 0 0 0 0 0 0 0 0 0 0 0 0 0 0 0 0]
[988136977651962510442541111358050405264168538317619591401929399394290350888516837907814310635672553656699354943389010671 0 0 0 0 0 1 0 0 0 0 0 0 0 0 0 0 0 0 0 0 0 0 0 0 0 0 0 0 0 0 0 0 0 0 0 0 0 0 0]
[378158965415742151465614144637459840706750878288049779988026420699875056252105300303938630191182424462762155538223141362 0 0 0 0 0 0 1 0 0 0 0 0 0 0 0 0 0 0 0 0 0 0 0 0 0 0 0 0 0 0 0 0 0 0 0 0 0 0 0]
[603979795604078012097221259109564739990117900972233880476161041691399952424408184655866833909343378400508760768051864143 0 0 0 0 0 0 0 1 0 0 0 0 0 0 0 0 0 0 0 0 0 0 0 0 0 0 0 0 0 0 0 0 0 0 0 0 0 0 0]
[38402000303957264257215149274802151385179088698414681303187309768871264385511753583832712570074502394578811631859364741 0 0 0 0 0 0 0 0 1 0 0 0 0 0 0 0 0 0 0 0 0 0 0 0 0 0 0 0 0 0 0 0 0 0 0 0 0 0 0]
[1288448706327084069716986008933083813893340789077051213368727393905998829378510871848782066337332557460125004734524758780 0 0 0 0 0 0 0 0 0 1 0 0 0 0 0 0 0 0 0 0 0 0 0 0 0 0 0 0 0 0 0 0 0 0 0 0 0 0 0]
[589743062724180591143554494539796205318491968888756876445854744027476299132279586187746117465339532502027378571584785024 0 0 0 0 0 0 0 0 0 0 1 0 0 0 0 0 0 0 0 0 0 0 0 0 0 0 0 0 0 0 0 0 0 0 0 0 0 0 0]
[94446657869848595189170218566459346441270897826164184049732122786702156818905572668535231122566912242719650431463515867 0 0 0 0 0 0 0 0 0 0 0 1 0 0 0 0 0 0 0 0 0 0 0 0 0 0 0 0 0 0 0 0 0 0 0 0 0 0 0]
[1644762291465364978513682905526890617376418892775392209834154060418294868369031908989679760496842125377042574006363691745 0 0 0 0 0 0 0 0 0 0 0 0 1 0 0 0 0 0 0 0 0 0 0 0 0 0 0 0 0 0 0 0 0 0 0 0 0 0 0]
[1518427117642974092554704991691222558287341633702157463524611402800438496432533820200414589289125624932420850366020610403 0 0 0 0 0 0 0 0 0 0 0 0 0 1 0 0 0 0 0 0 0 0 0 0 0 0 0 0 0 0 0 0 0 0 0 0 0 0 0]
[1142006861115868687142895312176845592012633668233422539870936862012390113691881290062641052186175843618195637329320952892 0 0 0 0 0 0 0 0 0 0 0 0 0 0 1 0 0 0 0 0 0 0 0 0 0 0 0 0 0 0 0 0 0 0 0 0 0 0 0]
[19830671629580382687504646108085310963343877963131822884560381677132225368801977021889513979847062734253353850832422885 0 0 0 0 0 0 0 0 0 0 0 0 0 0 0 1 0 0 0 0 0 0 0 0 0 0 0 0 0 0 0 0 0 0 0 0 0 0 0]
[481200314461682918757628040012429651791933337570925080653190696464320437318314512557262941846059599719292044459631003659 0 0 0 0 0 0 0 0 0 0 0 0 0 0 0 0 1 0 0 0 0 0 0 0 0 0 0 0 0 0 0 0 0 0 0 0 0 0 0]
[1740463830703391588863555774659677613018902075852652875482846230471974437997309303878738632054460430663451053733418633416 0 0 0 0 0 0 0 0 0 0 0 0 0 0 0 0 0 1 0 0 0 0 0 0 0 0 0 0 0 0 0 0 0 0 0 0 0 0 0]
[900063195553154609501941815565850752919800753615121315813725581568431566089617383449973469857999798217009191067798712518 0 0 0 0 0 0 0 0 0 0 0 0 0 0 0 0 0 0 1 0 0 0 0 0 0 0 0 0 0 0 0 0 0 0 0 0 0 0 0]
[613978078643638915863350895511524282233725266534906237584525345876013868026866862154988234776385592354400147065178801817 0 0 0 0 0 0 0 0 0 0 0 0 0 0 0 0 0 0 0 1 0 0 0 0 0 0 0 0 0 0 0 0 0 0 0 0 0 0 0]
[420311293380832658195321657651608050048352417585715410448495741148088360099429369188809120842106086638124430767215236606 0 0 0 0 0 0 0 0 0 0 0 0 0 0 0 0 0 0 0 0 1 0 0 0 0 0 0 0 0 0 0 0 0 0 0 0 0 0 0]
[622096647190100978270475188278696443275448688785265415526986474406052017676595686768017177619545757500618399483530756191 0 0 0 0 0 0 0 0 0 0 0 0 0 0 0 0 0 0 0 0 0 1 0 0 0 0 0 0 0 0 0 0 0 0 0 0 0 0 0]
[93248986496666327054567126946720814108259570857782714046192635771805904345067733939885143784326270320344782451040671768 0 0 0 0 0 0 0 0 0 0 0 0 0 0 0 0 0 0 0 0 0 0 1 0 0 0 0 0 0 0 0 0 0 0 0 0 0 0 0]
[1644432846252378737535831552566040641722679266775197869477734665822921993134413729584702147982251754536766487701867440921 0 0 0 0 0 0 0 0 0 0 0 0 0 0 0 0 0 0 0 0 0 0 0 1 0 0 0 0 0 0 0 0 0 0 0 0 0 0 0]
[1753539960822616406942533246937189108881220099505236280404037094139987092134487031455294810093813180471185843543997810699 0 0 0 0 0 0 0 0 0 0 0 0 0 0 0 0 0 0 0 0 0 0 0 0 1 0 0 0 0 0 0 0 0 0 0 0 0 0 0]
[1019174205559881379729982071539469487221641542697795585922660865505030548782007341067914379593632812701025630704241125472 0 0 0 0 0 0 0 0 0 0 0 0 0 0 0 0 0 0 0 0 0 0 0 0 0 1 0 0 0 0 0 0 0 0 0 0 0 0 0]
[904032523977607602143409054516928632861759636204504986561427076452328734894500391972536207458518156700092912820223445813 0 0 0 0 0 0 0 0 0 0 0 0 0 0 0 0 0 0 0 0 0 0 0 0 0 0 1 0 0 0 0 0 0 0 0 0 0 0 0]
[1770275363561060849881240420387798918876217666580947209005540254218594595972641540515824677258200891557036965858824867995 0 0 0 0 0 0 0 0 0 0 0 0 0 0 0 0 0 0 0 0 0 0 0 0 0 0 0 1 0 0 0 0 0 0 0 0 0 0 0]
[1481492233378976221116320073132322453229039322626120506621452142201232754644843155751764384028986200411422840322287910138 0 0 0 0 0 0 0 0 0 0 0 0 0 0 0 0 0 0 0 0 0 0 0 0 0 0 0 0 1 0 0 0 0 0 0 0 0 0 0]
[788250838457146384098182707863544883206361103957375373015378697431540057881540722573534558829712675585070106644554692018 0 0 0 0 0 0 0 0 0 0 0 0 0 0 0 0 0 0 0 0 0 0 0 0 0 0 0 0 0 1 0 0 0 0 0 0 0 0 0]
[111702196130404251322131967010640112962050895478511405358088150003052889619671278545294647416059282538494371847795120912 0 0 0 0 0 0 0 0 0 0 0 0 0 0 0 0 0 0 0 0 0 0 0 0 0 0 0 0 0 0 1 0 0 0 0 0 0 0 0]
[236420645872926578131109792226680568768378339712986485502838707551815147195672463193397006488088229389739294014636356384 0 0 0 0 0 0 0 0 0 0 0 0 0 0 0 0 0 0 0 0 0 0 0 0 0 0 0 0 0 0 0 1 0 0 0 0 0 0 0]
[660876831573227117555182566357237282358441523666715777956157677624705483246827805096475511507565517718680261518600909907 0 0 0 0 0 0 0 0 0 0 0 0 0 0 0 0 0 0 0 0 0 0 0 0 0 0 0 0 0 0 0 0 1 0 0 0 0 0 0]
[1741819943280709208733289429532615244567568588111570242112401739751175224373608857569756494059792378397777214646746836356 0 0 0 0 0 0 0 0 0 0 0 0 0 0 0 0 0 0 0 0 0 0 0 0 0 0 0 0 0 0 0 0 0 1 0 0 0 0 0]
[397715676035077080820629999381400807013170901102010147442699698187359767933753568951866673162079455864885094446665351383 0 0 0 0 0 0 0 0 0 0 0 0 0 0 0 0 0 0 0 0 0 0 0 0 0 0 0 0 0 0 0 0 0 0 1 0 0 0 0]
[527693326295465077605275111459209603463762690195171026989281688405761405360706555868369045282424699654314245371718661335 0 0 0 0 0 0 0 0 0 0 0 0 0 0 0 0 0 0 0 0 0 0 0 0 0 0 0 0 0 0 0 0 0 0 0 1 0 0 0]
[423749721343119079516328328985298141277770866689298556216402661960614885727392138854758556160914948461305861057660594134 0 0 0 0 0 0 0 0 0 0 0 0 0 0 0 0 0 0 0 0 0 0 0 0 0 0 0 0 0 0 0 0 0 0 0 0 1 0 0]
[1359269850804417158818866148234096032914053728418132517020115403575476394828568717129753803077414686110222836979234049280 0 0 0 0 0 0 0 0 0 0 0 0 0 0 0 0 0 0 0 0 0 0 0 0 0 0 0 0 0 0 0 0 0 0 0 0 0 1 0]
[1706588976711156364332751454877136767881172899061201033643178928480606221721709952954281042972622959695401482197070769521 0 0 0 0 0 0 0 0 0 0 0 0 0 0 0 0 0 0 0 0 0 0 0 0 0 0 0 0 0 0 0 0 0 0 0 0 0 0 1]
]
40 41 0
[1 1 1 1 1 1 1 1 1 1 1 1 1 1 1 1 1 1 1 1 1 1 1 1 1 1 1 1 1 1 1 1 1 1 1 1 1 1 1 1 1]
