[[1875794228967259918993337639654343631933805127944313545032222141079668880778081596413268992011670002997104756560911152083 0 0 0 0 0 0 0 0 0 0 0 0 0 0 0 0 0 0 0 0 0 0 0 0 0 0 0 0 0 0 0 0 0 0 0 0 0 0 0]
[664035409516099426179288451952406746114196810600326690796797525492125224982176936940868952980174632258470946086254518108 1 0 0 0 0 0 0 0 0 0 0 0 0 0 0 0 0 0 0 0 0 0 0 0 0 0 0 0 0 0 0 0 0 0 0 0 0 0 0]
[944113221766620752534630872740892153970156077024493185815015339320332236786110940190664022763975360711613235894535347972 0 1 0 0 0 0 0 0 0 0 0 0 0 0 0 0 0 0 0 0 0 0 0 0 0 0 0 0 0 0 0 0 0 0 0 0 0 0 0]
[1484772054564206773655699405020141087232212362326215379276114119922750317878857428896166765946043309467433349193164069278 0 0 1 0 0 0 0 0 0 0 0 0 0 0 0 0 0 0 0 0 0 0 0 0 0 0 0 0 0 0 0 0 0 0 0 0 0 0 0]
[501557208226183569818736004669856333098618187536843236227027823767449807576199122378738793176036490863282176803235294564 0 0 0 1 0 0 0 0 0 0 0 0 0 0 0 0 0 0 0 0 0 0 0 0 0 0 0 0 0 0 0 0 0 0 0 0 0 0 0]
[181169772255403125905742621870018370708035806338614728375903139950794170858948672702280924791939815982409833512796899553 0 0 0 0 1 0 0 0 0 0 0 0 0 0 0 0 0 0 0 0 0 0 0 0 0 0 0 0 0 0 0 0 0 0 0 0 0 0 0]
[1316791967887314765446883827421799857392195693760179555480792683464735853797719302071680100591011258152250607524956590866 0 0 0 0 0 1 0 0 0 0 0 0 0 0 0 0 0 0 0 0 0 0 0 0 0 0 0 0 0 0 0 0 0 0 0 0 0 0 0]
[954872134396926875529618815041730408453941372353715509023654028382859065779567684289226152849585093979250383932054162314 0 0 0 0 0 0 1 0 0 0 0 0 0 0 0 0 0 0 0 0 0 0 0 0 0 0 0 0 0 0 0 0 0 0 0 0 0 0 0]
[602030932216919307672050318282244100156339587137449426997867046663148610668505394815554440403446265973088599329059952412 0 0 0 0 0 0 0 1 0 0 0 0 0 0 0 0 0 0 0 0 0 0 0 0 0 0 0 0 0 0 0 0 0 0 0 0 0 0 0]
[910026242871786507937005360883505286586810052276118705582264424029728175486244421713278014980931822154703287418955139927 0 0 0 0 0 0 0 0 1 0 0 0 0 0 0 0 0 0 0 0 0 0 0 0 0 0 0 0 0 0 0 0 0 0 0 0 0 0 0]
[3775406099783093475321031493993550159012290353639904705735334036018045111080396166549713084080635339731597837578289243 0 0 0 0 0 0 0 0 0 1 0 0 0 0 0 0 0 0 0 0 0 0 0 0 0 0 0 0 0 0 0 0 0 0 0 0 0 0 0]
[1598757429125662916076578454771445432947220780021591679835817625285351606271085607977717714273859621017885276055249069084 0 0 0 0 0 0 0 0 0 0 1 0 0 0 0 0 0 0 0 0 0 0 0 0 0 0 0 0 0 0 0 0 0 0 0 0 0 0 0]
[833209719832787820560501092706861226765024429021214906654514708937676447003231704274298396358018819438268247867509005395 0 0 0 0 0 0 0 0 0 0 0 1 0 0 0 0 0 0 0 0 0 0 0 0 0 0 0 0 0 0 0 0 0 0 0 0 0 0 0]
[1047875383825138298809390433214594828224271942912032823972848013269935121497424109983928770711153066918260784885190707599 0 0 0 0 0 0 0 0 0 0 0 0 1 0 0 0 0 0 0 0 0 0 0 0 0 0 0 0 0 0 0 0 0 0 0 0 0 0 0]
[20995106903345427108594340141578839663463260207358686715242532344291212986717613256004788486417912797530089675383298623 0 0 0 0 0 0 0 0 0 0 0 0 0 1 0 0 0 0 0 0 0 0 0 0 0 0 0 0 0 0 0 0 0 0 0 0 0 0 0]
[95656526718516904738514050613916753968893109060517394637876393197767026776222765413637620795942969280034291790697449067 0 0 0 0 0 0 0 0 0 0 0 0 0 0 1 0 0 0 0 0 0 0 0 0 0 0 0 0 0 0 0 0 0 0 0 0 0 0 0]
[1393325914199894128771712968274085098291722857979839647636215229345964741468828771030839126296926012344149797209526620984 0 0 0 0 0 0 0 0 0 0 0 0 0 0 0 1 0 0 0 0 0 0 0 0 0 0 0 0 0 0 0 0 0 0 0 0 0 0 0]
[1391403078659105176142766018252491208020266820063986901275576067532075937537856209534524620717790985691453086856289500030 0 0 0 0 0 0 0 0 0 0 0 0 0 0 0 0 1 0 0 0 0 0 0 0 0 0 0 0 0 0 0 0 0 0 0 0 0 0 0]
[462050363090454062026839219375137178831263317217070625148503040807270496448833002773901851638468163324537181478477883070 0 0 0 0 0 0 0 0 0 0 0 0 0 0 0 0 0 1 0 0 0 0 0 0 0 0 0 0 0 0 0 0 0 0 0 0 0 0 0]
[1824598332573294496026877781146639341384303384197042358880310411702544379746508228339047358213803877519568749496325404637 0 0 0 0 0 0 0 0 0 0 0 0 0 0 0 0 0 0 1 0 0 0 0 0 0 0 0 0 0 0 0 0 0 0 0 0 0 0 0]
[47444474515525233238158734659492985057256010654795711932793113575921300614191761217347275356293001209216884669761989826 0 0 0 0 0 0 0 0 0 0 0 0 0 0 0 0 0 0 0 1 0 0 0 0 0 0 0 0 0 0 0 0 0 0 0 0 0 0 0]
[82464867239923483609358812018930169695331734412366353754936764305775053566670529600514596971764793464539602522718844688 0 0 0 0 0 0 0 0 0 0 0 0 0 0 0 0 0 0 0 0 1 0 0 0 0 0 0 0 0 0 0 0 0 0 0 0 0 0 0]
[712818402880172769877623991520957787670760971826200613467798752635869602395004623581171517656976624937971890364085990935 0 0 0 0 0 0 0 0 0 0 0 0 0 0 0 0 0 0 0 0 0 1 0 0 0 0 0 0 0 0 0 0 0 0 0 0 0 0 0]
[339561668425282648624759046485488130803141083180840344271806134606344600071421946311229418279430124624518784728433325782 0 0 0 0 0 0 0 0 0 0 0 0 0 0 0 0 0 0 0 0 0 0 1 0 0 0 0 0 0 0 0 0 0 0 0 0 0 0 0]
[92091955563392560177517563241021618726612881544956319729218607931140547193373066686279765937086016363567097447572000836 0 0 0 0 0 0 0 0 0 0 0 0 0 0 0 0 0 0 0 0 0 0 0 1 0 0 0 0 0 0 0 0 0 0 0 0 0 0 0]
[1474950917691359887174496373701714417452730857980336873711057204132119385510209581190866073044611606929349466760282415455 0 0 0 0 0 0 0 0 0 0 0 0 0 0 0 0 0 0 0 0 0 0 0 0 1 0 0 0 0 0 0 0 0 0 0 0 0 0 0]
[1443565981100887504980197596473465061404803097741982805140400424486943465416868854454808756160247817967633432165897290257 0 0 0 0 0 0 0 0 0 0 0 0 0 0 0 0 0 0 0 0 0 0 0 0 0 1 0 0 0 0 0 0 0 0 0 0 0 0 0]
[1415791660763464067912138570162506063303084189551647865149248445737483897635269438001721894533568244235663273212922915573 0 0 0 0 0 0 0 0 0 0 0 0 0 0 0 0 0 0 0 0 0 0 0 0 0 0 1 0 0 0 0 0 0 0 0 0 0 0 0]
[765006689171948047413653303378250736500152470988232562784376204259634613582011202856429044059804539112136360798317401487 0 0 0 0 0 0 0 0 0 0 0 0 0 0 0 0 0 0 0 0 0 0 0 0 0 0 0 1 0 0 0 0 0 0 0 0 0 0 0]
[117061053289401094899868413598314309666327135474762194573926143833196977771817636856888112372971874981211193694687449157 0 0 0 0 0 0 0 0 0 0 0 0 0 0 0 0 0 0 0 0 0 0 0 0 0 0 0 0 1 0 0 0 0 0 0 0 0 0 0]
[805537962025963834989940312991510786511441396720254055918282447996861132453963803001340449664867043979990936832852716932 0 0 0 0 0 0 0 0 0 0 0 0 0 0 0 0 0 0 0 0 0 0 0 0 0 0 0 0 0 1 0 0 0 0 0 0 0 0 0]
[1782177165858106120950291953163158201618042502708820014461474262431372058083792079982311956072772979492863410824255775205 0 0 0 0 0 0 0 0 0 0 0 0 0 0 0 0 0 0 0 0 0 0 0 0 0 0 0 0 0 0 1 0 0 0 0 0 0 0 0]
[634709788036091162829391871507145903585283928816923250683826265930021756262004663063509058723608579950643036771677844078 0 0 0 0 0 0 0 0 0 0 0 0 0 0 0 0 0 0 0 0 0 0 0 0 0 0 0 0 0 0 0 1 0 0 0 0 0 0 0]
[1171671664417902082881081455736806731612873224006093457798917267109589846494947702582371619183108305134018981187850144354 0 0 0 0 0 0 0 0 0 0 0 0 0 0 0 0 0 0 0 0 0 0 0 0 0 0 0 0 0 0 0 0 1 0 0 0 0 0 0]
[660036468409602535045436524774680178535021757161409898766976051864031505681118956255918486024105078517086234053701714500 0 0 0 0 0 0 0 0 0 0 0 0 0 0 0 0 0 0 0 0 0 0 0 0 0 0 0 0 0 0 0 0 0 1 0 0 0 0 0]
[1010391900131248621383052333073997469009168130758469101390781001184949448209620135081882398388891405281225244449754830341 0 0 0 0 0 0 0 0 0 0 0 0 0 0 0 0 0 0 0 0 0 0 0 0 0 0 0 0 0 0 0 0 0 0 1 0 0 0 0]
[1260192794962481889433555186526045807204397554576262450558379981692675573633685521012043566561827724381030618153791387019 0 0 0 0 0 0 0 0 0 0 0 0 0 0 0 0 0 0 0 0 0 0 0 0 0 0 0 0 0 0 0 0 0 0 0 1 0 0 0]
[1675361299898393623390260516626772860803387145021513804241177311306024809402988020680517353676559468961649825980830141478 0 0 0 0 0 0 0 0 0 0 0 0 0 0 0 0 0 0 0 0 0 0 0 0 0 0 0 0 0 0 0 0 0 0 0 0 1 0 0]
[1028879833925452362852714852702933908747876892428099303103908224611687341071882881539422726792031733838240014454971398582 0 0 0 0 0 0 0 0 0 0 0 0 0 0 0 0 0 0 0 0 0 0 0 0 0 0 0 0 0 0 0 0 0 0 0 0 0 1 0]
[91084365475759173615114205058218948646398986414266415076735569407950428942802495865444415473369549382121078937949858399 0 0 0 0 0 0 0 0 0 0 0 0 0 0 0 0 0 0 0 0 0 0 0 0 0 0 0 0 0 0 0 0 0 0 0 0 0 0 1]
]
40 41 7
[1 1 1 1 1 1 1 1 1 1 1 1 1 1 1 1 1 1 1 1 1 1 1 1 1 1 1 1 1 1 1 1 1 1 1 1 1 1 1 1 1]
