[[2256337062359590935195981001782098312576470137883298270289996739288445505705859221516479271478524799540956445191959338657 0 0 0 0 0 0 0 0 0 0 0 0 0 0 0 0 0 0 0 0 0 0 0 0 0 0 0 0 0 0 0 0 0 0 0 0 0 0 0]
[154635126000916532919265221580516425978437382252177977514426222525587377303623437853953037838123477429766259550975410096 1 0 0 0 0 0 0 0 0 0 0 0 0 0 0 0 0 0 0 0 0 0 0 0 0 0 0 0 0 0 0 0 0 0 0 0 0 0 0]
[401862047264779877596843286430979515144536467985276339243205204026973884263012924159127611700712742488826372249295894182 0 1 0 0 0 0 0 0 0 0 0 0 0 0 0 0 0 0 0 0 0 0 0 0 0 0 0 0 0 0 0 0 0 0 0 0 0 0 0]
[915628887472502422835427512355785039075719518713894709122195568265968741604462348457878931890898976509223964792101293859 0 0 1 0 0 0 0 0 0 0 0 0 0 0 0 0 0 0 0 0 0 0 0 0 0 0 0 0 0 0 0 0 0 0 0 0 0 0 0]
[999620332931064799801319217669941504015872133511125559024693808477757650406214795564888515405330804193963663673393393602 0 0 0 1 0 0 0 0 0 0 0 0 0 0 0 0 0 0 0 0 0 0 0 0 0 0 0 0 0 0 0 0 0 0 0 0 0 0 0]
[506015524025773346051916069392714695781841949882061001364008857979505946807101469391246919435776366655436079495357946993 0 0 0 0 1 0 0 0 0 0 0 0 0 0 0 0 0 0 0 0 0 0 0 0 0 0 0 0 0 0 0 0 0 0 0 0 0 0 0]
[1749268032451893370838758872309402829364866153508716404660354553371655479091506760366903823758842128056128943436945328681 0 0 0 0 0 1 0 0 0 0 0 0 0 0 0 0 0 0 0 0 0 0 0 0 0 0 0 0 0 0 0 0 0 0 0 0 0 0 0]
[855005693894892726936341722329672736162498515570271817691829183463586721038214369601004477488012807372169972956730301884 0 0 0 0 0 0 1 0 0 0 0 0 0 0 0 0 0 0 0 0 0 0 0 0 0 0 0 0 0 0 0 0 0 0 0 0 0 0 0]
[173237465946515247575990539401714337505491357008613104405219307084330651263368542208696138670751242873696961564139579234 0 0 0 0 0 0 0 1 0 0 0 0 0 0 0 0 0 0 0 0 0 0 0 0 0 0 0 0 0 0 0 0 0 0 0 0 0 0 0]
[683197520883051731269904699511423791055504495519088413553956133953018814841659781081274359072744761476922375373554367137 0 0 0 0 0 0 0 0 1 0 0 0 0 0 0 0 0 0 0 0 0 0 0 0 0 0 0 0 0 0 0 0 0 0 0 0 0 0 0]
[969519400498821376487762145313613814066739003024476331839098660888329517172471827117893173043574673580405941759734268950 0 0 0 0 0 0 0 0 0 1 0 0 0 0 0 0 0 0 0 0 0 0 0 0 0 0 0 0 0 0 0 0 0 0 0 0 0 0 0]
[462269479350512209391776919861946179370484027414568363992299498222504830054632040255447167488335838581202062104672983143 0 0 0 0 0 0 0 0 0 0 1 0 0 0 0 0 0 0 0 0 0 0 0 0 0 0 0 0 0 0 0 0 0 0 0 0 0 0 0]
[1799015636300961693044810017289335245408339344954816524476627759437765415946907194665192052208812915413594826345201104081 0 0 0 0 0 0 0 0 0 0 0 1 0 0 0 0 0 0 0 0 0 0 0 0 0 0 0 0 0 0 0 0 0 0 0 0 0 0 0]
[88843002929222387684095338869672749765997116000649030933809239004426125209826663345259949373963445157556337186168540331 0 0 0 0 0 0 0 0 0 0 0 0 1 0 0 0 0 0 0 0 0 0 0 0 0 0 0 0 0 0 0 0 0 0 0 0 0 0 0]
[252026497889284211185710559608489486740157493403136537311924795699501298307090485020771350447759047011556244305491563104 0 0 0 0 0 0 0 0 0 0 0 0 0 1 0 0 0 0 0 0 0 0 0 0 0 0 0 0 0 0 0 0 0 0 0 0 0 0 0]
[566555099777434906507042607457043497411658680569337948156638230670860046571954614243154202387285086108046802754260936107 0 0 0 0 0 0 0 0 0 0 0 0 0 0 1 0 0 0 0 0 0 0 0 0 0 0 0 0 0 0 0 0 0 0 0 0 0 0 0]
[1478641214705111805217735253919906854112692104542390106873069980819004415419283259435722260162986346982263362081871813927 0 0 0 0 0 0 0 0 0 0 0 0 0 0 0 1 0 0 0 0 0 0 0 0 0 0 0 0 0 0 0 0 0 0 0 0 0 0 0]
[1356326480162820095343784907395050393946665151520977100381174852946072029787857258488473505934931524271528910471750906060 0 0 0 0 0 0 0 0 0 0 0 0 0 0 0 0 1 0 0 0 0 0 0 0 0 0 0 0 0 0 0 0 0 0 0 0 0 0 0]
[615256018779302278774349141118802681786381061699120513061117161436138187604137963104310577949591474135472759536742242424 0 0 0 0 0 0 0 0 0 0 0 0 0 0 0 0 0 1 0 0 0 0 0 0 0 0 0 0 0 0 0 0 0 0 0 0 0 0 0]
[693983822157890401534715960501066288191346475424969750512638763723616477377346809620551667962343347839104943316904290349 0 0 0 0 0 0 0 0 0 0 0 0 0 0 0 0 0 0 1 0 0 0 0 0 0 0 0 0 0 0 0 0 0 0 0 0 0 0 0]
[1899172629059965009898144314380466358445070673668866650480638092967505446270092484649328844605726081136823620262476023592 0 0 0 0 0 0 0 0 0 0 0 0 0 0 0 0 0 0 0 1 0 0 0 0 0 0 0 0 0 0 0 0 0 0 0 0 0 0 0]
[68110720706002814901216879424399263247020475460368012862890818263936947129372205685562715232429295567942207862461401327 0 0 0 0 0 0 0 0 0 0 0 0 0 0 0 0 0 0 0 0 1 0 0 0 0 0 0 0 0 0 0 0 0 0 0 0 0 0 0]
[1672297635644685957258462669024584175054155837624312565073439169313463425455608449683370953245040916290962066909226650817 0 0 0 0 0 0 0 0 0 0 0 0 0 0 0 0 0 0 0 0 0 1 0 0 0 0 0 0 0 0 0 0 0 0 0 0 0 0 0]
[1585390003460130376015940858327325145783818780027723819173942823977362455191872343387944481909474117188559134797564665297 0 0 0 0 0 0 0 0 0 0 0 0 0 0 0 0 0 0 0 0 0 0 1 0 0 0 0 0 0 0 0 0 0 0 0 0 0 0 0]
[1796029166620519870339403270461246144240215121804412722434680539514676128941227481736453657236986291594142286643357676638 0 0 0 0 0 0 0 0 0 0 0 0 0 0 0 0 0 0 0 0 0 0 0 1 0 0 0 0 0 0 0 0 0 0 0 0 0 0 0]
[793459563934857009203418335950988926179648388819013255134136788252529396496990978797887776802331691663873015754947184900 0 0 0 0 0 0 0 0 0 0 0 0 0 0 0 0 0 0 0 0 0 0 0 0 1 0 0 0 0 0 0 0 0 0 0 0 0 0 0]
[1068144691590011475301956363316228000989582677993810877337479252707276235532045722645275765539456690010753972004650261551 0 0 0 0 0 0 0 0 0 0 0 0 0 0 0 0 0 0 0 0 0 0 0 0 0 1 0 0 0 0 0 0 0 0 0 0 0 0 0]
[1223534193788162645513584394702818518379947208026270057111234087103229015046972697395868370270529457715470201246921825291 0 0 0 0 0 0 0 0 0 0 0 0 0 0 0 0 0 0 0 0 0 0 0 0 0 0 1 0 0 0 0 0 0 0 0 0 0 0 0]
[1316858167495684082930692928813311898868200708651132277656822996096033924669460582446963625708569853997504698565032235905 0 0 0 0 0 0 0 0 0 0 0 0 0 0 0 0 0 0 0 0 0 0 0 0 0 0 0 1 0 0 0 0 0 0 0 0 0 0 0]
[766353973232926804303836250747293742654880617131232277921617767987208356441755792938897142136262253970683978393591215760 0 0 0 0 0 0 0 0 0 0 0 0 0 0 0 0 0 0 0 0 0 0 0 0 0 0 0 0 1 0 0 0 0 0 0 0 0 0 0]
[507292238002503233124180939834590795724373754195977751784569507860907889359148274686848913632030423218332936364775221110 0 0 0 0 0 0 0 0 0 0 0 0 0 0 0 0 0 0 0 0 0 0 0 0 0 0 0 0 0 1 0 0 0 0 0 0 0 0 0]
[1712838565797220647661683848523135406985630603037640581218298197779817128663801862768433807602161996795528286266599514194 0 0 0 0 0 0 0 0 0 0 0 0 0 0 0 0 0 0 0 0 0 0 0 0 0 0 0 0 0 0 1 0 0 0 0 0 0 0 0]
[579148466250440196653735574533240861311827114973345046704152027205513252983426962511594549624050157438230022383203537747 0 0 0 0 0 0 0 0 0 0 0 0 0 0 0 0 0 0 0 0 0 0 0 0 0 0 0 0 0 0 0 1 0 0 0 0 0 0 0]
[1865377643457734041036546926904546927967642085579769796846348871944439689030526045367267476553092725621007233525060211287 0 0 0 0 0 0 0 0 0 0 0 0 0 0 0 0 0 0 0 0 0 0 0 0 0 0 0 0 0 0 0 0 1 0 0 0 0 0 0]
[879251895198040742820322379985630827129405828272507066224459538944105230390054581873358761021440248749829567744696150252 0 0 0 0 0 0 0 0 0 0 0 0 0 0 0 0 0 0 0 0 0 0 0 0 0 0 0 0 0 0 0 0 0 1 0 0 0 0 0]
[1169611384036709915883962822421474663538599044753907248657830482781794016960481468896770477674244750718476645522226097937 0 0 0 0 0 0 0 0 0 0 0 0 0 0 0 0 0 0 0 0 0 0 0 0 0 0 0 0 0 0 0 0 0 0 1 0 0 0 0]
[350477601318703909908095877742703473974975485344575010185419370406646860189312689910381162646613689120695249928000273198 0 0 0 0 0 0 0 0 0 0 0 0 0 0 0 0 0 0 0 0 0 0 0 0 0 0 0 0 0 0 0 0 0 0 0 1 0 0 0]
[1754902288955319392071976278837118668094768348067291540814385097935472710203668440054847973609041555271312327415546527183 0 0 0 0 0 0 0 0 0 0 0 0 0 0 0 0 0 0 0 0 0 0 0 0 0 0 0 0 0 0 0 0 0 0 0 0 1 0 0]
[1412659901058563067390418879291616404089332436630513458843772849393655781280098575963975689831312419805102657045321758229 0 0 0 0 0 0 0 0 0 0 0 0 0 0 0 0 0 0 0 0 0 0 0 0 0 0 0 0 0 0 0 0 0 0 0 0 0 1 0]
[1522906949761847431600908983853420953655193805672925724278679747338349303410747956904924717796035484317860767328115824157 0 0 0 0 0 0 0 0 0 0 0 0 0 0 0 0 0 0 0 0 0 0 0 0 0 0 0 0 0 0 0 0 0 0 0 0 0 0 1]
]
40 41 9
[1 1 1 1 1 1 1 1 1 1 1 1 1 1 1 1 1 1 1 1 1 1 1 1 1 1 1 1 1 1 1 1 1 1 1 1 1 1 1 1 1]
