[[2262832077935693607597844779574266300266868261320822499711185140100212158861476884560062380669389992348684056483179385967 0 0 0 0 0 0 0 0 0 0 0 0 0 0 0 0 0 0 0 0 0 0 0 0 0 0 0 0 0 0 0 0 0 0 0 0 0 0 0]
[399689058177289701127659673716050959067762301718344478393123026439374758614428674016061701848163091444774381900783081794 1 0 0 0 0 0 0 0 0 0 0 0 0 0 0 0 0 0 0 0 0 0 0 0 0 0 0 0 0 0 0 0 0 0 0 0 0 0 0]
[835540548407301641332451985050366123365800834234293776870147560978901455787155986297735710331330797451416362247949274973 0 1 0 0 0 0 0 0 0 0 0 0 0 0 0 0 0 0 0 0 0 0 0 0 0 0 0 0 0 0 0 0 0 0 0 0 0 0 0]
[1840655372681289517125560604612847994856891197359157151171003891769388892724389367371615535002031226531655748536988738577 0 0 1 0 0 0 0 0 0 0 0 0 0 0 0 0 0 0 0 0 0 0 0 0 0 0 0 0 0 0 0 0 0 0 0 0 0 0 0]
[1373034141178975491489978748033040395990702541510190326281362029166461770248796888684570675113639521426176634554399368243 0 0 0 1 0 0 0 0 0 0 0 0 0 0 0 0 0 0 0 0 0 0 0 0 0 0 0 0 0 0 0 0 0 0 0 0 0 0 0]
[1546091651763908920450417988502558722377893401013803182126833065739941621515545282162643629432491261332229751806417780954 0 0 0 0 1 0 0 0 0 0 0 0 0 0 0 0 0 0 0 0 0 0 0 0 0 0 0 0 0 0 0 0 0 0 0 0 0 0 0]
[378740536492537013450463984674417873026091255306299148306917079757038508624005614647461403179010064059414568839904097438 0 0 0 0 0 1 0 0 0 0 0 0 0 0 0 0 0 0 0 0 0 0 0 0 0 0 0 0 0 0 0 0 0 0 0 0 0 0 0]
[1940686724801755599680429311886172162495522055796068379095456527102879352845473256935726190730056789301292319147735797281 0 0 0 0 0 0 1 0 0 0 0 0 0 0 0 0 0 0 0 0 0 0 0 0 0 0 0 0 0 0 0 0 0 0 0 0 0 0 0]
[1963363221526518704826156907409872730734918792132381640334575477649012979533395721134652089178725362256088760251569587603 0 0 0 0 0 0 0 1 0 0 0 0 0 0 0 0 0 0 0 0 0 0 0 0 0 0 0 0 0 0 0 0 0 0 0 0 0 0 0]
[2214935345973613537981556423068450915758142679646001329925485674426441911452575055355227797040915110079640240564069942233 0 0 0 0 0 0 0 0 1 0 0 0 0 0 0 0 0 0 0 0 0 0 0 0 0 0 0 0 0 0 0 0 0 0 0 0 0 0 0]
[1358431702447682895936931421860985377246263098664463851142703509694121226307211528282452964049874852261719221086232210632 0 0 0 0 0 0 0 0 0 1 0 0 0 0 0 0 0 0 0 0 0 0 0 0 0 0 0 0 0 0 0 0 0 0 0 0 0 0 0]
[785677644561703786483212465942190192930360121831502279504419663405690194578522129855816785939658609943842185282759551385 0 0 0 0 0 0 0 0 0 0 1 0 0 0 0 0 0 0 0 0 0 0 0 0 0 0 0 0 0 0 0 0 0 0 0 0 0 0 0]
[1856305050683615409831619926354733004407502458213024342612566836738763153852341768638837716053809268764783658939186466967 0 0 0 0 0 0 0 0 0 0 0 1 0 0 0 0 0 0 0 0 0 0 0 0 0 0 0 0 0 0 0 0 0 0 0 0 0 0 0]
[1193861036769720365907272254794851885077848157392691326532922697775092107856683557667737918445215358625026078074315556569 0 0 0 0 0 0 0 0 0 0 0 0 1 0 0 0 0 0 0 0 0 0 0 0 0 0 0 0 0 0 0 0 0 0 0 0 0 0 0]
[789194504837580942130922161840941470470023157211211234242493709591020677319772577447956722745380905876613664262618819235 0 0 0 0 0 0 0 0 0 0 0 0 0 1 0 0 0 0 0 0 0 0 0 0 0 0 0 0 0 0 0 0 0 0 0 0 0 0 0]
[2103961007798714175071305706188540923268430917714922687742619399367880549683165711338782542882496939639731221827867196230 0 0 0 0 0 0 0 0 0 0 0 0 0 0 1 0 0 0 0 0 0 0 0 0 0 0 0 0 0 0 0 0 0 0 0 0 0 0 0]
[257657617693691720859848445858546314231691891904540275135362042230902944979174859824836175635332357303973896534110670211 0 0 0 0 0 0 0 0 0 0 0 0 0 0 0 1 0 0 0 0 0 0 0 0 0 0 0 0 0 0 0 0 0 0 0 0 0 0 0]
[106392791626335929524510991604410536104517893829733765451747886478011510616228004395297327710948623547669673239152588099 0 0 0 0 0 0 0 0 0 0 0 0 0 0 0 0 1 0 0 0 0 0 0 0 0 0 0 0 0 0 0 0 0 0 0 0 0 0 0]
[1998310831775269474401769873274358901160233691459070599087466025622482031820576683971780635301532403558805903703822268997 0 0 0 0 0 0 0 0 0 0 0 0 0 0 0 0 0 1 0 0 0 0 0 0 0 0 0 0 0 0 0 0 0 0 0 0 0 0 0]
[801343942247643803028966166179032072921264264813698498128942332470018971611639164519056782411386070129975740398161505243 0 0 0 0 0 0 0 0 0 0 0 0 0 0 0 0 0 0 1 0 0 0 0 0 0 0 0 0 0 0 0 0 0 0 0 0 0 0 0]
[980471566706296767771274973494957205937625841971616158499792263814503629267665447067094416941665044398328251168766247502 0 0 0 0 0 0 0 0 0 0 0 0 0 0 0 0 0 0 0 1 0 0 0 0 0 0 0 0 0 0 0 0 0 0 0 0 0 0 0]
[98697348696337462882974740061842081672847526123628416319858131763267221658939543992750002257239663260050409926320402605 0 0 0 0 0 0 0 0 0 0 0 0 0 0 0 0 0 0 0 0 1 0 0 0 0 0 0 0 0 0 0 0 0 0 0 0 0 0 0]
[225135820323281006947581338436801666788214984641683598863021058668412283900140021586351761014192317175520033926332575934 0 0 0 0 0 0 0 0 0 0 0 0 0 0 0 0 0 0 0 0 0 1 0 0 0 0 0 0 0 0 0 0 0 0 0 0 0 0 0]
[257491312268446130889671098676427625427661214233349462158486933688055386486810823638607065262043120920121754310806232506 0 0 0 0 0 0 0 0 0 0 0 0 0 0 0 0 0 0 0 0 0 0 1 0 0 0 0 0 0 0 0 0 0 0 0 0 0 0 0]
[1054352249199070281672519912565999496766007205606342396477962759687467686093651256485069192145341525208313574107886791800 0 0 0 0 0 0 0 0 0 0 0 0 0 0 0 0 0 0 0 0 0 0 0 1 0 0 0 0 0 0 0 0 0 0 0 0 0 0 0]
[2067085657905785156116082835236488552594837453508654729507812620057810870199101212576208937753433830261083740383170882385 0 0 0 0 0 0 0 0 0 0 0 0 0 0 0 0 0 0 0 0 0 0 0 0 1 0 0 0 0 0 0 0 0 0 0 0 0 0 0]
[2126297480949382552143050371242089497350103188018744914872464741434633689821386847301504135770924816349752603662153798454 0 0 0 0 0 0 0 0 0 0 0 0 0 0 0 0 0 0 0 0 0 0 0 0 0 1 0 0 0 0 0 0 0 0 0 0 0 0 0]
[989657798148205902630757313281097836960258861303913316194906044315577197137468092960347559362009661374307133713303957573 0 0 0 0 0 0 0 0 0 0 0 0 0 0 0 0 0 0 0 0 0 0 0 0 0 0 1 0 0 0 0 0 0 0 0 0 0 0 0]
[1331345008018386783179469869091426969455180136580887556454374869345266394221509272281704833018741496259595012690549593801 0 0 0 0 0 0 0 0 0 0 0 0 0 0 0 0 0 0 0 0 0 0 0 0 0 0 0 1 0 0 0 0 0 0 0 0 0 0 0]
[603899201736471050723361814273089495973545911784776591005942902631988435666813082022388041877572175381493795991518367023 0 0 0 0 0 0 0 0 0 0 0 0 0 0 0 0 0 0 0 0 0 0 0 0 0 0 0 0 1 0 0 0 0 0 0 0 0 0 0]
[461171900387394237978281833017538794158299406338642325671986860414119700679833317029462244460792253798591475443842063204 0 0 0 0 0 0 0 0 0 0 0 0 0 0 0 0 0 0 0 0 0 0 0 0 0 0 0 0 0 1 0 0 0 0 0 0 0 0 0]
[2129806956989015682736053641945188634970078009096750046632176430091785803042482855032037847458892839971954612106470948972 0 0 0 0 0 0 0 0 0 0 0 0 0 0 0 0 0 0 0 0 0 0 0 0 0 0 0 0 0 0 1 0 0 0 0 0 0 0 0]
[1142457229918370104909146097823352584223795633857420499790597413111069917217966985154902304543316746184140364690052302553 0 0 0 0 0 0 0 0 0 0 0 0 0 0 0 0 0 0 0 0 0 0 0 0 0 0 0 0 0 0 0 1 0 0 0 0 0 0 0]
[457529293044362384361095615332869506885962171919853326719010529561511200288924539475062663391112965866614936008057225641 0 0 0 0 0 0 0 0 0 0 0 0 0 0 0 0 0 0 0 0 0 0 0 0 0 0 0 0 0 0 0 0 1 0 0 0 0 0 0]
[1368417805923930777907182310051329082982718711911271378987150020582446418634234937371626209801676158210640311958322309443 0 0 0 0 0 0 0 0 0 0 0 0 0 0 0 0 0 0 0 0 0 0 0 0 0 0 0 0 0 0 0 0 0 1 0 0 0 0 0]
[32824796153903805572331438539581150464257251138035167471167672943256294667872919904898427416293784566471023654619768562 0 0 0 0 0 0 0 0 0 0 0 0 0 0 0 0 0 0 0 0 0 0 0 0 0 0 0 0 0 0 0 0 0 0 1 0 0 0 0]
[1849365406438019239220345886535213508363055218934112706345427324499620897783194715313304740136822595246140685668213055196 0 0 0 0 0 0 0 0 0 0 0 0 0 0 0 0 0 0 0 0 0 0 0 0 0 0 0 0 0 0 0 0 0 0 0 1 0 0 0]
[2254892155737589633589342176253776270824490723318784176723345895650854809688233572588393162370119238794002074517411337035 0 0 0 0 0 0 0 0 0 0 0 0 0 0 0 0 0 0 0 0 0 0 0 0 0 0 0 0 0 0 0 0 0 0 0 0 1 0 0]
[1771368535928533397271983789663181048934501031902088589910544010644275620936996227956523545928124693895960788477505036464 0 0 0 0 0 0 0 0 0 0 0 0 0 0 0 0 0 0 0 0 0 0 0 0 0 0 0 0 0 0 0 0 0 0 0 0 0 1 0]
[265233848027474306383478883270571248605177801540872855592432506665497277209340828649250133291710215929968504538745460926 0 0 0 0 0 0 0 0 0 0 0 0 0 0 0 0 0 0 0 0 0 0 0 0 0 0 0 0 0 0 0 0 0 0 0 0 0 0 1]
]
40 41 1
[1 1 1 1 1 1 1 1 1 1 1 1 1 1 1 1 1 1 1 1 1 1 1 1 1 1 1 1 1 1 1 1 1 1 1 1 1 1 1 1 1]
