[[2461631309414491322623325923405553703996585016165359491307798791021588251384282777074634818363235730198536384290800211251 0 0 0 0 0 0 0 0 0 0 0 0 0 0 0 0 0 0 0 0 0 0 0 0 0 0 0 0 0 0 0 0 0 0 0 0 0 0 0]
[702142990586747576883667501813559267128417259440631682010695650822086097732665908997862789312168685265171914063861473825 1 0 0 0 0 0 0 0 0 0 0 0 0 0 0 0 0 0 0 0 0 0 0 0 0 0 0 0 0 0 0 0 0 0 0 0 0 0 0]
[1245715032299905864028608918824268277900836741712747516850453240206406682279114141444909966096770668993855903536229432771 0 1 0 0 0 0 0 0 0 0 0 0 0 0 0 0 0 0 0 0 0 0 0 0 0 0 0 0 0 0 0 0 0 0 0 0 0 0 0]
[260097477193093801541578788570796561759557187208376191702650871380811821263415194632439873527471283317079140026730525646 0 0 1 0 0 0 0 0 0 0 0 0 0 0 0 0 0 0 0 0 0 0 0 0 0 0 0 0 0 0 0 0 0 0 0 0 0 0 0]
[302188088256701158329269014269482944028075359461813752036885588812750352888555017510144540491368160076899801482666972384 0 0 0 1 0 0 0 0 0 0 0 0 0 0 0 0 0 0 0 0 0 0 0 0 0 0 0 0 0 0 0 0 0 0 0 0 0 0 0]
[616201541999645957116303308012431007679613785387165895695661435916319973724937983641862574685905271643852834352261019600 0 0 0 0 1 0 0 0 0 0 0 0 0 0 0 0 0 0 0 0 0 0 0 0 0 0 0 0 0 0 0 0 0 0 0 0 0 0 0]
[2172063669817643001924554943837093356891887565436362126482665393798008991428105467698708418872135461688529988890599140035 0 0 0 0 0 1 0 0 0 0 0 0 0 0 0 0 0 0 0 0 0 0 0 0 0 0 0 0 0 0 0 0 0 0 0 0 0 0 0]
[2238545640462504449016363674951120984457317284966255286911733924620476301480484754603927382624151789318513219630369617187 0 0 0 0 0 0 1 0 0 0 0 0 0 0 0 0 0 0 0 0 0 0 0 0 0 0 0 0 0 0 0 0 0 0 0 0 0 0 0]
[682974890028747174339626808088725346563698166103757530023797463872514966561315134546292651862335455994879578267260208659 0 0 0 0 0 0 0 1 0 0 0 0 0 0 0 0 0 0 0 0 0 0 0 0 0 0 0 0 0 0 0 0 0 0 0 0 0 0 0]
[1265771404120650957361743398448547574940424964037537587746040655530381044632256897512025613735474598334239223849251897699 0 0 0 0 0 0 0 0 1 0 0 0 0 0 0 0 0 0 0 0 0 0 0 0 0 0 0 0 0 0 0 0 0 0 0 0 0 0 0]
[449876339993290911902360844778292888624858763644122962490186264626262996378228450106125302021248780322698891181464432974 0 0 0 0 0 0 0 0 0 1 0 0 0 0 0 0 0 0 0 0 0 0 0 0 0 0 0 0 0 0 0 0 0 0 0 0 0 0 0]
[2078908507544207409007561912458891100683610646385844859644446613326495241322257780980220241435527004536508263567622143329 0 0 0 0 0 0 0 0 0 0 1 0 0 0 0 0 0 0 0 0 0 0 0 0 0 0 0 0 0 0 0 0 0 0 0 0 0 0 0]
[1645806782603763674011604014943838358651884483713192243804489563156436389964431512886212470612514879498142131346512982714 0 0 0 0 0 0 0 0 0 0 0 1 0 0 0 0 0 0 0 0 0 0 0 0 0 0 0 0 0 0 0 0 0 0 0 0 0 0 0]
[1859404118999559104390310822483629137807518251764834339356276395244384593305303377354175739242987610044992953575692950745 0 0 0 0 0 0 0 0 0 0 0 0 1 0 0 0 0 0 0 0 0 0 0 0 0 0 0 0 0 0 0 0 0 0 0 0 0 0 0]
[1766781552200340347917261716825496590839907138191981154896713337502625590622525835644435749226677639870376798561399873399 0 0 0 0 0 0 0 0 0 0 0 0 0 1 0 0 0 0 0 0 0 0 0 0 0 0 0 0 0 0 0 0 0 0 0 0 0 0 0]
[1239672849882291476944554660370429926553633514171453446910732407061841786254478377446168597614238518734476417949862977135 0 0 0 0 0 0 0 0 0 0 0 0 0 0 1 0 0 0 0 0 0 0 0 0 0 0 0 0 0 0 0 0 0 0 0 0 0 0 0]
[1327846102565566396102393784934597160973593382398808830978780165933131468596520110642987042219478492482372709920756427356 0 0 0 0 0 0 0 0 0 0 0 0 0 0 0 1 0 0 0 0 0 0 0 0 0 0 0 0 0 0 0 0 0 0 0 0 0 0 0]
[456573984764036978117452557561440188329129310499105837457924275249434826292800537010243327358401792142966532794486550686 0 0 0 0 0 0 0 0 0 0 0 0 0 0 0 0 1 0 0 0 0 0 0 0 0 0 0 0 0 0 0 0 0 0 0 0 0 0 0]
[627804126878740016108437047935760407336989388546762087487382753445565997813923342791385577177289645099711182878726290351 0 0 0 0 0 0 0 0 0 0 0 0 0 0 0 0 0 1 0 0 0 0 0 0 0 0 0 0 0 0 0 0 0 0 0 0 0 0 0]
[1147790382579837013687945924341602090540154729607604790909042239618536128442796531273793896065889039136311295899806021559 0 0 0 0 0 0 0 0 0 0 0 0 0 0 0 0 0 0 1 0 0 0 0 0 0 0 0 0 0 0 0 0 0 0 0 0 0 0 0]
[265880497808575162356784079729362178144857448733269464961564974536801246063288993883113490587749188225111716682220904731 0 0 0 0 0 0 0 0 0 0 0 0 0 0 0 0 0 0 0 1 0 0 0 0 0 0 0 0 0 0 0 0 0 0 0 0 0 0 0]
[99230769805367744087798736666029715898711102772814578362746867688081469586472040777630592224658374685034803289662192805 0 0 0 0 0 0 0 0 0 0 0 0 0 0 0 0 0 0 0 0 1 0 0 0 0 0 0 0 0 0 0 0 0 0 0 0 0 0 0]
[1652656271588012639879461190729606092358177224540216266440714130624509576499100643556683934897831191536040261334228024339 0 0 0 0 0 0 0 0 0 0 0 0 0 0 0 0 0 0 0 0 0 1 0 0 0 0 0 0 0 0 0 0 0 0 0 0 0 0 0]
[1659191139439246205333285453842039346401734439607003386577788316008461454606526116418314868747774120953889977042677938574 0 0 0 0 0 0 0 0 0 0 0 0 0 0 0 0 0 0 0 0 0 0 1 0 0 0 0 0 0 0 0 0 0 0 0 0 0 0 0]
[2453627593868509244297494946330306610485008074740503841423112782763103489329581978803074792861731910560089767145636021840 0 0 0 0 0 0 0 0 0 0 0 0 0 0 0 0 0 0 0 0 0 0 0 1 0 0 0 0 0 0 0 0 0 0 0 0 0 0 0]
[294374097174819387603887349213812403129207105876117025430925945802909863821191842828115760955495895637183315750312737509 0 0 0 0 0 0 0 0 0 0 0 0 0 0 0 0 0 0 0 0 0 0 0 0 1 0 0 0 0 0 0 0 0 0 0 0 0 0 0]
[1182231102860360020690007045161119397210205360939141787953397226700911341616685524067160403128810685191724307681252606738 0 0 0 0 0 0 0 0 0 0 0 0 0 0 0 0 0 0 0 0 0 0 0 0 0 1 0 0 0 0 0 0 0 0 0 0 0 0 0]
[577961315694890336245707827705756972152233300770362975313688712030569463705727549510019201150452224321157408211424670995 0 0 0 0 0 0 0 0 0 0 0 0 0 0 0 0 0 0 0 0 0 0 0 0 0 0 1 0 0 0 0 0 0 0 0 0 0 0 0]
[1566774860028260486879525484642802430541841938723781362614247607331937012447561384622839558532232712181882228069701371473 0 0 0 0 0 0 0 0 0 0 0 0 0 0 0 0 0 0 0 0 0 0 0 0 0 0 0 1 0 0 0 0 0 0 0 0 0 0 0]
[2329599539362773736499730503233202972561667539806606115357273227824945746894609657105727473595334775509805189553664395770 0 0 0 0 0 0 0 0 0 0 0 0 0 0 0 0 0 0 0 0 0 0 0 0 0 0 0 0 1 0 0 0 0 0 0 0 0 0 0]
[955820762994085785258667522471732576264826802716576109703791253898146134253680479368378000141056982169682371812834840603 0 0 0 0 0 0 0 0 0 0 0 0 0 0 0 0 0 0 0 0 0 0 0 0 0 0 0 0 0 1 0 0 0 0 0 0 0 0 0]
[2313949176240879317888761869523863626626085934706225832207806134714072996595135337412686019107492348349004105605476560006 0 0 0 0 0 0 0 0 0 0 0 0 0 0 0 0 0 0 0 0 0 0 0 0 0 0 0 0 0 0 1 0 0 0 0 0 0 0 0]
[1460133720869128196336218531648437615959825983867038407115951275967158323866891475965181355332698240405878857731139128225 0 0 0 0 0 0 0 0 0 0 0 0 0 0 0 0 0 0 0 0 0 0 0 0 0 0 0 0 0 0 0 1 0 0 0 0 0 0 0]
[1511783165586684606690065880624139714378695622928616635247365142012593027533491679185467469101766933798048397122828021275 0 0 0 0 0 0 0 0 0 0 0 0 0 0 0 0 0 0 0 0 0 0 0 0 0 0 0 0 0 0 0 0 1 0 0 0 0 0 0]
[693502796934967767575621547156748023222541668439688446102043020122511043023310983243127102355058316030449112769625983309 0 0 0 0 0 0 0 0 0 0 0 0 0 0 0 0 0 0 0 0 0 0 0 0 0 0 0 0 0 0 0 0 0 1 0 0 0 0 0]
[2212657386554923055051563420329858421468122103231711297847702821327895164845041096441222463371648270472166785138118754590 0 0 0 0 0 0 0 0 0 0 0 0 0 0 0 0 0 0 0 0 0 0 0 0 0 0 0 0 0 0 0 0 0 0 1 0 0 0 0]
[626580845174641346639188811521910155222643099517492967623829689142343603547115067477899847675456855765784163430496612053 0 0 0 0 0 0 0 0 0 0 0 0 0 0 0 0 0 0 0 0 0 0 0 0 0 0 0 0 0 0 0 0 0 0 0 1 0 0 0]
[1241948198898317468707750743301986288790633620818697405540447185671254001057604963793516400685221460917518881880485387471 0 0 0 0 0 0 0 0 0 0 0 0 0 0 0 0 0 0 0 0 0 0 0 0 0 0 0 0 0 0 0 0 0 0 0 0 1 0 0]
[1504293234704642274853155421305884288424524829185909750142501728051899848884321466990944892073706702967352384150999123071 0 0 0 0 0 0 0 0 0 0 0 0 0 0 0 0 0 0 0 0 0 0 0 0 0 0 0 0 0 0 0 0 0 0 0 0 0 1 0]
[1231952099189591740885138121816648222158875789992756820274884698674719683449114345433803141433720992587162542340780596471 0 0 0 0 0 0 0 0 0 0 0 0 0 0 0 0 0 0 0 0 0 0 0 0 0 0 0 0 0 0 0 0 0 0 0 0 0 0 1]
]
40 41 6
[1 1 1 1 1 1 1 1 1 1 1 1 1 1 1 1 1 1 1 1 1 1 1 1 1 1 1 1 1 1 1 1 1 1 1 1 1 1 1 1 1]
