[[3623385285635263025717782438846801328780686219538932620469472998330792118735506107872741396395591209379126722904939321283041615798270857188218123896695925508476864016367428331441035910311494927453181519826858671371718865212239880324322751764370439 0 0 0 0 0 0 0 0 0 0 0 0 0 0 0 0 0 0 0 0 0 0 0 0 0 0 0 0 0 0 0 0 0 0 0 0 0 0 0 0 0 0 0 0 0 0 0 0 0 0 0 0 0 0 0 0 0 0 0 0 0 0 0 0 0 0 0 0 0 0 0 0 0 0 0 0 0 0 0 0 0]
[3010969826203669490552544618723752596547562511893615056329423115263321098970353895890951772346585386303685111408727228748951737261182015396940170556749548214864822560433090537877763977336664188775649910129636034864302247781366396932331075353747945 1 0 0 0 0 0 0 0 0 0 0 0 0 0 0 0 0 0 0 0 0 0 0 0 0 0 0 0 0 0 0 0 0 0 0 0 0 0 0 0 0 0 0 0 0 0 0 0 0 0 0 0 0 0 0 0 0 0 0 0 0 0 0 0 0 0 0 0 0 0 0 0 0 0 0 0 0 0 0 0 0]
[1300319074082531119162943779153494879839124340915222849723154270347620970623807308355834528920429129572258857881913748731575440635776683684901838393291585347404479583012600196633144939326992762630258849272499097763144274285798958538926195376285401 0 1 0 0 0 0 0 0 0 0 0 0 0 0 0 0 0 0 0 0 0 0 0 0 0 0 0 0 0 0 0 0 0 0 0 0 0 0 0 0 0 0 0 0 0 0 0 0 0 0 0 0 0 0 0 0 0 0 0 0 0 0 0 0 0 0 0 0 0 0 0 0 0 0 0 0 0 0 0 0 0]
[3164690040923400487165899537910698018205165909620918738626755144231919739217605975719394537012397719021104675988586139783584635946889285055222312152862815078097526323744761508096336367630020712951383095984104194051435066584288462626525228113197094 0 0 1 0 0 0 0 0 0 0 0 0 0 0 0 0 0 0 0 0 0 0 0 0 0 0 0 0 0 0 0 0 0 0 0 0 0 0 0 0 0 0 0 0 0 0 0 0 0 0 0 0 0 0 0 0 0 0 0 0 0 0 0 0 0 0 0 0 0 0 0 0 0 0 0 0 0 0 0 0 0]
[2552322405423922775176991933678517944485109297683131989399332022145388519940524209551727501072251247412022572813294527799764124681844947222220341205780793555055926068207841375189053420090232344407020711759051152472045157656561073561494549308601730 0 0 0 1 0 0 0 0 0 0 0 0 0 0 0 0 0 0 0 0 0 0 0 0 0 0 0 0 0 0 0 0 0 0 0 0 0 0 0 0 0 0 0 0 0 0 0 0 0 0 0 0 0 0 0 0 0 0 0 0 0 0 0 0 0 0 0 0 0 0 0 0 0 0 0 0 0 0 0 0 0]
[1965242269736019690231139732726106315804477246311498351625850547261514618334532520189981865197868124811606527714947008617731645925002813960946516004937964959123449625066406168570316756556348381287997533066264769963033110561312258877676638273637844 0 0 0 0 1 0 0 0 0 0 0 0 0 0 0 0 0 0 0 0 0 0 0 0 0 0 0 0 0 0 0 0 0 0 0 0 0 0 0 0 0 0 0 0 0 0 0 0 0 0 0 0 0 0 0 0 0 0 0 0 0 0 0 0 0 0 0 0 0 0 0 0 0 0 0 0 0 0 0 0 0]
[36430736633868923799691680637102087229384155150798020632118535174078715007775601724647954302068209245323990810757441385725693126319569071346546037656351107711183705170122931606259651567240495610023964849042318871969504154864627692413279611866513 0 0 0 0 0 1 0 0 0 0 0 0 0 0 0 0 0 0 0 0 0 0 0 0 0 0 0 0 0 0 0 0 0 0 0 0 0 0 0 0 0 0 0 0 0 0 0 0 0 0 0 0 0 0 0 0 0 0 0 0 0 0 0 0 0 0 0 0 0 0 0 0 0 0 0 0 0 0 0 0 0]
[2410500351961510805004759283139363064753974648892802360260807627395544056443217535833767874275015542885625417201895607742818096019888324904188141851957551639708177261918484342676323259969566251813493299772425448003822403665922454826800556370185820 0 0 0 0 0 0 1 0 0 0 0 0 0 0 0 0 0 0 0 0 0 0 0 0 0 0 0 0 0 0 0 0 0 0 0 0 0 0 0 0 0 0 0 0 0 0 0 0 0 0 0 0 0 0 0 0 0 0 0 0 0 0 0 0 0 0 0 0 0 0 0 0 0 0 0 0 0 0 0 0 0]
[3301148651592545159534516022284269594131104692769825902048032088357571837735897379356178319819930768307332783270088547349896371393769458207668348126209471004932444643331310777343849770461885428691802157460236410613711064896120855469233705777597989 0 0 0 0 0 0 0 1 0 0 0 0 0 0 0 0 0 0 0 0 0 0 0 0 0 0 0 0 0 0 0 0 0 0 0 0 0 0 0 0 0 0 0 0 0 0 0 0 0 0 0 0 0 0 0 0 0 0 0 0 0 0 0 0 0 0 0 0 0 0 0 0 0 0 0 0 0 0 0 0 0]
[611015364405652839764435122685887449931856660470725479086137560503294742354167686766872655841385929042554781746007211754693869684361260704611424023722328759340577677423071401898022752272255289778436207978754241300941430656599360825049247313157800 0 0 0 0 0 0 0 0 1 0 0 0 0 0 0 0 0 0 0 0 0 0 0 0 0 0 0 0 0 0 0 0 0 0 0 0 0 0 0 0 0 0 0 0 0 0 0 0 0 0 0 0 0 0 0 0 0 0 0 0 0 0 0 0 0 0 0 0 0 0 0 0 0 0 0 0 0 0 0 0 0]
[1838908651461333287126084274655723595524821892985596724713498742527845140205129988327051136219218112449313672169219567084398707981804028496020184068660695430937469266117788499999958555793502299658157698876763972327808517855305921510803157999907421 0 0 0 0 0 0 0 0 0 1 0 0 0 0 0 0 0 0 0 0 0 0 0 0 0 0 0 0 0 0 0 0 0 0 0 0 0 0 0 0 0 0 0 0 0 0 0 0 0 0 0 0 0 0 0 0 0 0 0 0 0 0 0 0 0 0 0 0 0 0 0 0 0 0 0 0 0 0 0 0 0]
[2417869148921319620649604536268577530852542108620463904660184243865556598040929559467163032059985248212052300588309035058558696056682206412954015998484999634555253105611066366100263639536286188419659963159200040700929273518627676342507173114137205 0 0 0 0 0 0 0 0 0 0 1 0 0 0 0 0 0 0 0 0 0 0 0 0 0 0 0 0 0 0 0 0 0 0 0 0 0 0 0 0 0 0 0 0 0 0 0 0 0 0 0 0 0 0 0 0 0 0 0 0 0 0 0 0 0 0 0 0 0 0 0 0 0 0 0 0 0 0 0 0 0]
[668392962843124295454774638102713210514973310909718472737036577128802394389295675915019186768435591891699240443095911621525556905925619685128013278329475869700625412379638434110916885627060626199671865277799603104880474179479095565411514071907431 0 0 0 0 0 0 0 0 0 0 0 1 0 0 0 0 0 0 0 0 0 0 0 0 0 0 0 0 0 0 0 0 0 0 0 0 0 0 0 0 0 0 0 0 0 0 0 0 0 0 0 0 0 0 0 0 0 0 0 0 0 0 0 0 0 0 0 0 0 0 0 0 0 0 0 0 0 0 0 0 0]
[3149889001456325522722461990123843705521998883464817529441038381239382600811138808842470066945134595013225216332823791480125886139983544438905747994570683552548062580563725323828079958246701163151771914330980734280340327461827949452031291963086788 0 0 0 0 0 0 0 0 0 0 0 0 1 0 0 0 0 0 0 0 0 0 0 0 0 0 0 0 0 0 0 0 0 0 0 0 0 0 0 0 0 0 0 0 0 0 0 0 0 0 0 0 0 0 0 0 0 0 0 0 0 0 0 0 0 0 0 0 0 0 0 0 0 0 0 0 0 0 0 0 0]
[59733256340154817101591113496117380627229315233375014657281377010407462186951501986414389287681981543904182109647486288075535540705959001316412242270694837127776773988922257725602381432772693447180449244907119131163750837363317027977278999628315 0 0 0 0 0 0 0 0 0 0 0 0 0 1 0 0 0 0 0 0 0 0 0 0 0 0 0 0 0 0 0 0 0 0 0 0 0 0 0 0 0 0 0 0 0 0 0 0 0 0 0 0 0 0 0 0 0 0 0 0 0 0 0 0 0 0 0 0 0 0 0 0 0 0 0 0 0 0 0 0 0]
[3361535327903319222773575295863857155920458392689782516188505283967217417619561846670238171344810239811918277485001199137675254897537190314001903987314294807147860709595587776616701259941562613874836726552309406999152850280962948997827854636880503 0 0 0 0 0 0 0 0 0 0 0 0 0 0 1 0 0 0 0 0 0 0 0 0 0 0 0 0 0 0 0 0 0 0 0 0 0 0 0 0 0 0 0 0 0 0 0 0 0 0 0 0 0 0 0 0 0 0 0 0 0 0 0 0 0 0 0 0 0 0 0 0 0 0 0 0 0 0 0 0 0]
[3304475998268441056244680319841556116496763736841401961304142453344428550465484724829846280728318774953775697710108827358801693910045708554775334751753541013688260441867930983053273514669235372220973661937217157490728959930065026407045713406532876 0 0 0 0 0 0 0 0 0 0 0 0 0 0 0 1 0 0 0 0 0 0 0 0 0 0 0 0 0 0 0 0 0 0 0 0 0 0 0 0 0 0 0 0 0 0 0 0 0 0 0 0 0 0 0 0 0 0 0 0 0 0 0 0 0 0 0 0 0 0 0 0 0 0 0 0 0 0 0 0 0]
[1706081539176618963298568557204079559467796230841408957626926002532116699344214855505731103328841171621972347042307845063090229166087869987104947939599716428909966761199825610451622739742917620767800936866472741223234661680491608013800208737159173 0 0 0 0 0 0 0 0 0 0 0 0 0 0 0 0 1 0 0 0 0 0 0 0 0 0 0 0 0 0 0 0 0 0 0 0 0 0 0 0 0 0 0 0 0 0 0 0 0 0 0 0 0 0 0 0 0 0 0 0 0 0 0 0 0 0 0 0 0 0 0 0 0 0 0 0 0 0 0 0 0]
[512443352560592456992305448972240822944143902363492011815556289537468337788434594184717256163153185597164310721912900634255662122220511032800406757133757077280526961537470107412641392937138743026484403324679737623692306592951246112824120009721085 0 0 0 0 0 0 0 0 0 0 0 0 0 0 0 0 0 1 0 0 0 0 0 0 0 0 0 0 0 0 0 0 0 0 0 0 0 0 0 0 0 0 0 0 0 0 0 0 0 0 0 0 0 0 0 0 0 0 0 0 0 0 0 0 0 0 0 0 0 0 0 0 0 0 0 0 0 0 0 0 0]
[2968176632017212028042783137399619657557631222170787133530073662424956365145946436136181504108873152650117207459705751080868743390663757723328420019076793045626964873530844279033078048617294865629148848552104153378990932679162395658645773635081415 0 0 0 0 0 0 0 0 0 0 0 0 0 0 0 0 0 0 1 0 0 0 0 0 0 0 0 0 0 0 0 0 0 0 0 0 0 0 0 0 0 0 0 0 0 0 0 0 0 0 0 0 0 0 0 0 0 0 0 0 0 0 0 0 0 0 0 0 0 0 0 0 0 0 0 0 0 0 0 0 0]
[1332802840741357848588662916935073592518771313864191308874008462828295431300312644134597761956896003957566080682369001860174718348850323850577848455982220186752496072911606885177092184889200130566411434424048889732177159928959802531760153420278038 0 0 0 0 0 0 0 0 0 0 0 0 0 0 0 0 0 0 0 1 0 0 0 0 0 0 0 0 0 0 0 0 0 0 0 0 0 0 0 0 0 0 0 0 0 0 0 0 0 0 0 0 0 0 0 0 0 0 0 0 0 0 0 0 0 0 0 0 0 0 0 0 0 0 0 0 0 0 0 0 0]
[2568446313483051857644576391624039329868161141786817568995628593342268698862728651353632658621831324948050860226616511821557200948379948615499712270289017198559809290514557248588013354143518594029858443859560339297111149697179421166533049130399862 0 0 0 0 0 0 0 0 0 0 0 0 0 0 0 0 0 0 0 0 1 0 0 0 0 0 0 0 0 0 0 0 0 0 0 0 0 0 0 0 0 0 0 0 0 0 0 0 0 0 0 0 0 0 0 0 0 0 0 0 0 0 0 0 0 0 0 0 0 0 0 0 0 0 0 0 0 0 0 0 0]
[2324439472088558686750276291446062994191095323147923661750137705865521636035610169417862728290898939217771002882063872865995336959118051720657760417791620387275216991643245263029886877302027437659589706357743900867900412235279758162003635944391277 0 0 0 0 0 0 0 0 0 0 0 0 0 0 0 0 0 0 0 0 0 1 0 0 0 0 0 0 0 0 0 0 0 0 0 0 0 0 0 0 0 0 0 0 0 0 0 0 0 0 0 0 0 0 0 0 0 0 0 0 0 0 0 0 0 0 0 0 0 0 0 0 0 0 0 0 0 0 0 0 0]
[280090367553155659996624963391951599053190054171073837410021722925088572480207985624095819047114252808420984011988765971374966259045449705176320138956763054912242958869895782208985014986179544526163628223656072880341216319696482875085851060822829 0 0 0 0 0 0 0 0 0 0 0 0 0 0 0 0 0 0 0 0 0 0 1 0 0 0 0 0 0 0 0 0 0 0 0 0 0 0 0 0 0 0 0 0 0 0 0 0 0 0 0 0 0 0 0 0 0 0 0 0 0 0 0 0 0 0 0 0 0 0 0 0 0 0 0 0 0 0 0 0 0]
[633437042707558462775654608465658228659483579071025492749431929678857818158404315531524313164728495040228003348027968838475254442586744442694587111070212230791773369707782203910329736662998755601747697938309599868979624833207068275310721137213415 0 0 0 0 0 0 0 0 0 0 0 0 0 0 0 0 0 0 0 0 0 0 0 1 0 0 0 0 0 0 0 0 0 0 0 0 0 0 0 0 0 0 0 0 0 0 0 0 0 0 0 0 0 0 0 0 0 0 0 0 0 0 0 0 0 0 0 0 0 0 0 0 0 0 0 0 0 0 0 0 0]
[978528765138139161105546817842179004879554419855774176445801369108077596898967833284765798236488096510285142851480216089674067098075231559751567377512108978604684079235528674562328858138832417964041003110586116194606620319857756558237992796747363 0 0 0 0 0 0 0 0 0 0 0 0 0 0 0 0 0 0 0 0 0 0 0 0 1 0 0 0 0 0 0 0 0 0 0 0 0 0 0 0 0 0 0 0 0 0 0 0 0 0 0 0 0 0 0 0 0 0 0 0 0 0 0 0 0 0 0 0 0 0 0 0 0 0 0 0 0 0 0 0 0]
[211826247946724963927831568382766438319417497471719444376324162977287524068395689870470020012394590814618053643088812368049112014440615353431801588684484792817103883645328428401807940428063883603769338457355137034028436304522188662499069591632630 0 0 0 0 0 0 0 0 0 0 0 0 0 0 0 0 0 0 0 0 0 0 0 0 0 1 0 0 0 0 0 0 0 0 0 0 0 0 0 0 0 0 0 0 0 0 0 0 0 0 0 0 0 0 0 0 0 0 0 0 0 0 0 0 0 0 0 0 0 0 0 0 0 0 0 0 0 0 0 0 0]
[3690103292424501601160149220080175891512616656015680941889951651170237911985394993289830977805312380871634864215670840143582995224347224073638710253509122989321646995437400306933295430510023566971273230707463797348834548346348479156242437281524 0 0 0 0 0 0 0 0 0 0 0 0 0 0 0 0 0 0 0 0 0 0 0 0 0 0 1 0 0 0 0 0 0 0 0 0 0 0 0 0 0 0 0 0 0 0 0 0 0 0 0 0 0 0 0 0 0 0 0 0 0 0 0 0 0 0 0 0 0 0 0 0 0 0 0 0 0 0 0 0 0]
[2325192731156781517405919629808135060946381762713741216151162778784275535451912054015457385667790534871184157809122332253708282345978661571548947577649762329696828159933040154645016810569867936704248916244191712070320379813054136870256990777977044 0 0 0 0 0 0 0 0 0 0 0 0 0 0 0 0 0 0 0 0 0 0 0 0 0 0 0 1 0 0 0 0 0 0 0 0 0 0 0 0 0 0 0 0 0 0 0 0 0 0 0 0 0 0 0 0 0 0 0 0 0 0 0 0 0 0 0 0 0 0 0 0 0 0 0 0 0 0 0 0 0]
[3329845870260842294055318462936622235782234194808339898133030906304626090951380096051468765210990432655578972341421607011111935298948349605782742699507798348301564416776691793305839857254473995638978300706409795792415354593826777236519014612630254 0 0 0 0 0 0 0 0 0 0 0 0 0 0 0 0 0 0 0 0 0 0 0 0 0 0 0 0 1 0 0 0 0 0 0 0 0 0 0 0 0 0 0 0 0 0 0 0 0 0 0 0 0 0 0 0 0 0 0 0 0 0 0 0 0 0 0 0 0 0 0 0 0 0 0 0 0 0 0 0 0]
[2937941629474970395429720930069000379260643665159635466110977858593934121674946568316144637114697848343809561957432863954378306917970577646990333776447384431060858758553559267235080411424694480306985287226800029788570970972033315926579579906092361 0 0 0 0 0 0 0 0 0 0 0 0 0 0 0 0 0 0 0 0 0 0 0 0 0 0 0 0 0 1 0 0 0 0 0 0 0 0 0 0 0 0 0 0 0 0 0 0 0 0 0 0 0 0 0 0 0 0 0 0 0 0 0 0 0 0 0 0 0 0 0 0 0 0 0 0 0 0 0 0 0]
[1121044662870628497783113842692668141306647082796873410136885735678837712870315756661716847056678271224669602720327821489341630605868553738490991153641065136667561896509528014977384184000724700946283151713967966253143291272138038962044120847136974 0 0 0 0 0 0 0 0 0 0 0 0 0 0 0 0 0 0 0 0 0 0 0 0 0 0 0 0 0 0 1 0 0 0 0 0 0 0 0 0 0 0 0 0 0 0 0 0 0 0 0 0 0 0 0 0 0 0 0 0 0 0 0 0 0 0 0 0 0 0 0 0 0 0 0 0 0 0 0 0 0]
[1020010177551808161655548634595227334930401662513317915978776425312877885909448529855419310676408806751175498714347819871337389767305998012243489552704425676137208191116574858346333930998404981173613352202216011513362103880509975385232991130788532 0 0 0 0 0 0 0 0 0 0 0 0 0 0 0 0 0 0 0 0 0 0 0 0 0 0 0 0 0 0 0 1 0 0 0 0 0 0 0 0 0 0 0 0 0 0 0 0 0 0 0 0 0 0 0 0 0 0 0 0 0 0 0 0 0 0 0 0 0 0 0 0 0 0 0 0 0 0 0 0 0]
[3534316417726123305751450500732539234985348186795955413217510608086445164329751336868232455958302654345104793249635292543589405523305755915199099392116569652262110318651074763913684223389931248550509200469906427740687123558107149958347502315053885 0 0 0 0 0 0 0 0 0 0 0 0 0 0 0 0 0 0 0 0 0 0 0 0 0 0 0 0 0 0 0 0 1 0 0 0 0 0 0 0 0 0 0 0 0 0 0 0 0 0 0 0 0 0 0 0 0 0 0 0 0 0 0 0 0 0 0 0 0 0 0 0 0 0 0 0 0 0 0 0 0]
[3278114354179361009498140517966664688891371169983603170034644361268523256725621116737011818177486685195063896324907453305180521443383893856769883439046374977554855102039377032318613770473950615715908226627036286499800707259762483213872645816470452 0 0 0 0 0 0 0 0 0 0 0 0 0 0 0 0 0 0 0 0 0 0 0 0 0 0 0 0 0 0 0 0 0 1 0 0 0 0 0 0 0 0 0 0 0 0 0 0 0 0 0 0 0 0 0 0 0 0 0 0 0 0 0 0 0 0 0 0 0 0 0 0 0 0 0 0 0 0 0 0 0]
[2595102739063031877521865907413883938273636597216544019698870665713370677161829891808691095743564801007912485572531177181066024042296224049460571781629678221850650934803469570895975673065241389938884909669949387233566261152602461549647772277757982 0 0 0 0 0 0 0 0 0 0 0 0 0 0 0 0 0 0 0 0 0 0 0 0 0 0 0 0 0 0 0 0 0 0 1 0 0 0 0 0 0 0 0 0 0 0 0 0 0 0 0 0 0 0 0 0 0 0 0 0 0 0 0 0 0 0 0 0 0 0 0 0 0 0 0 0 0 0 0 0 0]
[1336812277118523119535239231982204809723289292012117041550660655725371344551099969042774666275900158369187838583570619051282177326526718189837073974910824282798284776441901838141156854118036199798746051299309177640575695156049694518084370958717352 0 0 0 0 0 0 0 0 0 0 0 0 0 0 0 0 0 0 0 0 0 0 0 0 0 0 0 0 0 0 0 0 0 0 0 1 0 0 0 0 0 0 0 0 0 0 0 0 0 0 0 0 0 0 0 0 0 0 0 0 0 0 0 0 0 0 0 0 0 0 0 0 0 0 0 0 0 0 0 0 0]
[1344124240953090274995900980096041983363541197579507111651488784625750362028966019800927845889509233456861634112858206891129744517845782530851808109855691519711795574664091979743870327659952475306136718690129283723404119298814087409470076138216205 0 0 0 0 0 0 0 0 0 0 0 0 0 0 0 0 0 0 0 0 0 0 0 0 0 0 0 0 0 0 0 0 0 0 0 0 1 0 0 0 0 0 0 0 0 0 0 0 0 0 0 0 0 0 0 0 0 0 0 0 0 0 0 0 0 0 0 0 0 0 0 0 0 0 0 0 0 0 0 0 0]
[1828318392876320565756864582919200471447930757545696816020099552495385181326051908393017682557281894532892372231735073764670759725460118495085509395509090767463528879450162660959721229176702346009357224562006434487654580265065034210922350058054408 0 0 0 0 0 0 0 0 0 0 0 0 0 0 0 0 0 0 0 0 0 0 0 0 0 0 0 0 0 0 0 0 0 0 0 0 0 1 0 0 0 0 0 0 0 0 0 0 0 0 0 0 0 0 0 0 0 0 0 0 0 0 0 0 0 0 0 0 0 0 0 0 0 0 0 0 0 0 0 0 0]
[2521605649716217699618285685245184879124964345424768664841366212659465686032086439871003973264453497459010495355611032226175809601353868586222499744998592498909040999993411597346045540537379466276904994572023259598871736257188789078842954194171360 0 0 0 0 0 0 0 0 0 0 0 0 0 0 0 0 0 0 0 0 0 0 0 0 0 0 0 0 0 0 0 0 0 0 0 0 0 0 1 0 0 0 0 0 0 0 0 0 0 0 0 0 0 0 0 0 0 0 0 0 0 0 0 0 0 0 0 0 0 0 0 0 0 0 0 0 0 0 0 0 0]
[634215117100903887651863765969471356673408663023925155839186894804430939284555226643663232235628123841835310770549277088342546609916268104446440870967286583693250954453479163743685456543394694880803673022242780314558343741214673174524889543854522 0 0 0 0 0 0 0 0 0 0 0 0 0 0 0 0 0 0 0 0 0 0 0 0 0 0 0 0 0 0 0 0 0 0 0 0 0 0 0 1 0 0 0 0 0 0 0 0 0 0 0 0 0 0 0 0 0 0 0 0 0 0 0 0 0 0 0 0 0 0 0 0 0 0 0 0 0 0 0 0 0]
[1132713357436291784066164059246792254134882009090263941587539891145839622717045945829849685799307493302505096119388462522790766004233490624217611616444292568747398024578809954496849704838218760966364253436200019805384439911131226906698114221990172 0 0 0 0 0 0 0 0 0 0 0 0 0 0 0 0 0 0 0 0 0 0 0 0 0 0 0 0 0 0 0 0 0 0 0 0 0 0 0 0 1 0 0 0 0 0 0 0 0 0 0 0 0 0 0 0 0 0 0 0 0 0 0 0 0 0 0 0 0 0 0 0 0 0 0 0 0 0 0 0 0]
[767540294988648618915551479882727830094781017581701492035689901012701943489506646883881965839866220665669961044523333346532540811442032985185781082373431153986176149307639604120103178560127032711337256859055266600015378809660841224553127860256234 0 0 0 0 0 0 0 0 0 0 0 0 0 0 0 0 0 0 0 0 0 0 0 0 0 0 0 0 0 0 0 0 0 0 0 0 0 0 0 0 0 1 0 0 0 0 0 0 0 0 0 0 0 0 0 0 0 0 0 0 0 0 0 0 0 0 0 0 0 0 0 0 0 0 0 0 0 0 0 0 0]
[2974565092142602029941344632637093554202487787746936395942425835386631131194062626588761498052782968106869084751106524379550197651588079520419673534109418975015679591382688336571809472016904688746525401582393287154945682542682847659292583800495334 0 0 0 0 0 0 0 0 0 0 0 0 0 0 0 0 0 0 0 0 0 0 0 0 0 0 0 0 0 0 0 0 0 0 0 0 0 0 0 0 0 0 1 0 0 0 0 0 0 0 0 0 0 0 0 0 0 0 0 0 0 0 0 0 0 0 0 0 0 0 0 0 0 0 0 0 0 0 0 0 0]
[3071072338278358247495526376971802170627144633053810206149912334870391498276830314042158174216412737789558933640874475638016288232013077428847500374137937750835145276670728287665368662535367617497075773459869959684696265606747495920957059816691346 0 0 0 0 0 0 0 0 0 0 0 0 0 0 0 0 0 0 0 0 0 0 0 0 0 0 0 0 0 0 0 0 0 0 0 0 0 0 0 0 0 0 0 1 0 0 0 0 0 0 0 0 0 0 0 0 0 0 0 0 0 0 0 0 0 0 0 0 0 0 0 0 0 0 0 0 0 0 0 0 0]
[1952903688931744390284399549784351791980319446370383680114866874754136650875224897134305421090122339264441784366239245718066097750857886261354344466504410067504886823870921380455686274372618777520987632604046349129841098381276545318301450621681809 0 0 0 0 0 0 0 0 0 0 0 0 0 0 0 0 0 0 0 0 0 0 0 0 0 0 0 0 0 0 0 0 0 0 0 0 0 0 0 0 0 0 0 0 1 0 0 0 0 0 0 0 0 0 0 0 0 0 0 0 0 0 0 0 0 0 0 0 0 0 0 0 0 0 0 0 0 0 0 0 0]
[2734207235359345763481415601898431914282774671860646095609534278407842323153265540063740983383413388361974843180198921217505069522315381855466835228036591499442092506352358574645810240949351272287797549896272577096673655429992853289786479418414609 0 0 0 0 0 0 0 0 0 0 0 0 0 0 0 0 0 0 0 0 0 0 0 0 0 0 0 0 0 0 0 0 0 0 0 0 0 0 0 0 0 0 0 0 0 1 0 0 0 0 0 0 0 0 0 0 0 0 0 0 0 0 0 0 0 0 0 0 0 0 0 0 0 0 0 0 0 0 0 0 0]
[3120987286932950905033712551101366963623708852746598536526426271006652706622689428428553078080350142151267009254671804364829773516630010684691055339594127687918602233978335682951096673734019475825709391554557287467515040761819697210882948931709510 0 0 0 0 0 0 0 0 0 0 0 0 0 0 0 0 0 0 0 0 0 0 0 0 0 0 0 0 0 0 0 0 0 0 0 0 0 0 0 0 0 0 0 0 0 0 1 0 0 0 0 0 0 0 0 0 0 0 0 0 0 0 0 0 0 0 0 0 0 0 0 0 0 0 0 0 0 0 0 0 0]
[410521971332066462591108221604085333664701698149305967293881957560782604048492940107108686923118123099471734194730388719139887721184103458942036303869731522278310065749647834256927968846043255742827164429536515802801141737596293942217677500755139 0 0 0 0 0 0 0 0 0 0 0 0 0 0 0 0 0 0 0 0 0 0 0 0 0 0 0 0 0 0 0 0 0 0 0 0 0 0 0 0 0 0 0 0 0 0 0 1 0 0 0 0 0 0 0 0 0 0 0 0 0 0 0 0 0 0 0 0 0 0 0 0 0 0 0 0 0 0 0 0 0]
[380732772584022878701920046752369929896779069627157562131484823241425749483986614983593345750741935296909915461889290811506809286195073402250425009134568913267449261260307537739306451368201934142209018748175838141740048827062947596721319279275209 0 0 0 0 0 0 0 0 0 0 0 0 0 0 0 0 0 0 0 0 0 0 0 0 0 0 0 0 0 0 0 0 0 0 0 0 0 0 0 0 0 0 0 0 0 0 0 0 1 0 0 0 0 0 0 0 0 0 0 0 0 0 0 0 0 0 0 0 0 0 0 0 0 0 0 0 0 0 0 0 0]
[766534970150734232955055176401554649729551950399754715047821425096390491838559987593617340117152263397385511153782280903726440230169983768752637650205663707824230751207560444192200372895876508918771518785829750861044872847611039467471635533149093 0 0 0 0 0 0 0 0 0 0 0 0 0 0 0 0 0 0 0 0 0 0 0 0 0 0 0 0 0 0 0 0 0 0 0 0 0 0 0 0 0 0 0 0 0 0 0 0 0 1 0 0 0 0 0 0 0 0 0 0 0 0 0 0 0 0 0 0 0 0 0 0 0 0 0 0 0 0 0 0 0]
[290538329293264803952391802937631801920111300317479926466594784254540882958059092113577020986989861959579711611950926227091312506918885855016669204612307825573863241247704848832428761159478760148605503623424282295201983156033757706791294878700471 0 0 0 0 0 0 0 0 0 0 0 0 0 0 0 0 0 0 0 0 0 0 0 0 0 0 0 0 0 0 0 0 0 0 0 0 0 0 0 0 0 0 0 0 0 0 0 0 0 0 1 0 0 0 0 0 0 0 0 0 0 0 0 0 0 0 0 0 0 0 0 0 0 0 0 0 0 0 0 0 0]
[299670877706337626084905795792688134065878503992150594250419858087134692964066303060413177452203962728956536269705609626719284854896895201125391467843092192185169940969715459084230636898046076712172174086343967711793004247765545528458702497102765 0 0 0 0 0 0 0 0 0 0 0 0 0 0 0 0 0 0 0 0 0 0 0 0 0 0 0 0 0 0 0 0 0 0 0 0 0 0 0 0 0 0 0 0 0 0 0 0 0 0 0 1 0 0 0 0 0 0 0 0 0 0 0 0 0 0 0 0 0 0 0 0 0 0 0 0 0 0 0 0 0]
[2180512199599979683260567007978412785778585550947238947205136743843745031505752455669277219916066150431417390912342100332881604987677647481329532736244152270394761250069258872430652543113046688236819604363016575364552319648339496398422032981964853 0 0 0 0 0 0 0 0 0 0 0 0 0 0 0 0 0 0 0 0 0 0 0 0 0 0 0 0 0 0 0 0 0 0 0 0 0 0 0 0 0 0 0 0 0 0 0 0 0 0 0 0 1 0 0 0 0 0 0 0 0 0 0 0 0 0 0 0 0 0 0 0 0 0 0 0 0 0 0 0 0]
[130363802400634455221866952587531161275714845940994535550733061954424206519871693186852612890051882600192055432932885126765987110752668487721181879008522321171774929252117633632338807058333679399564839850640462863824767266159498628338231096696197 0 0 0 0 0 0 0 0 0 0 0 0 0 0 0 0 0 0 0 0 0 0 0 0 0 0 0 0 0 0 0 0 0 0 0 0 0 0 0 0 0 0 0 0 0 0 0 0 0 0 0 0 0 1 0 0 0 0 0 0 0 0 0 0 0 0 0 0 0 0 0 0 0 0 0 0 0 0 0 0 0]
[2104155994332632865591763074788665763646156996025179993139884706308572663065029626191082268323350061984944405993678101286900816247255264019358640484259218625716644737865996925999774353335810727397197789391442498581363355648088704656797624194320548 0 0 0 0 0 0 0 0 0 0 0 0 0 0 0 0 0 0 0 0 0 0 0 0 0 0 0 0 0 0 0 0 0 0 0 0 0 0 0 0 0 0 0 0 0 0 0 0 0 0 0 0 0 0 1 0 0 0 0 0 0 0 0 0 0 0 0 0 0 0 0 0 0 0 0 0 0 0 0 0 0]
[357939064868049772939567131888577425200275621138245332154381218467111078278295127463104168396012588422960129158371602722365077349033903578967042202673994179403178225413868807411140382308261933458801707863741258374088511079326909876102467638940059 0 0 0 0 0 0 0 0 0 0 0 0 0 0 0 0 0 0 0 0 0 0 0 0 0 0 0 0 0 0 0 0 0 0 0 0 0 0 0 0 0 0 0 0 0 0 0 0 0 0 0 0 0 0 0 1 0 0 0 0 0 0 0 0 0 0 0 0 0 0 0 0 0 0 0 0 0 0 0 0 0]
[3093503455812618722961465368817787676248712249753113958049959435963441395611265448640445422076976593640505144229049828801136016070668917693148265060944780639459948793386648875268047987302097675693352674888191638366159539332822943301291036074017664 0 0 0 0 0 0 0 0 0 0 0 0 0 0 0 0 0 0 0 0 0 0 0 0 0 0 0 0 0 0 0 0 0 0 0 0 0 0 0 0 0 0 0 0 0 0 0 0 0 0 0 0 0 0 0 0 1 0 0 0 0 0 0 0 0 0 0 0 0 0 0 0 0 0 0 0 0 0 0 0 0]
[3446817016789554854659460799746192525655374639180787007493770404761601091134136959199252209598653552640203700109878606433631532564616714957569698463383604765603704982574779737326972992034123969779611915033190308003253137625768065514010624396824303 0 0 0 0 0 0 0 0 0 0 0 0 0 0 0 0 0 0 0 0 0 0 0 0 0 0 0 0 0 0 0 0 0 0 0 0 0 0 0 0 0 0 0 0 0 0 0 0 0 0 0 0 0 0 0 0 0 1 0 0 0 0 0 0 0 0 0 0 0 0 0 0 0 0 0 0 0 0 0 0 0]
[1015057875830971230352199113841812203679833198277461986303128396055978848708296009606737100097103975044306109676386639382239493832467362435323635199997828317324483577911759730799728351859255094394078863112613990912760308272188478349209555873458661 0 0 0 0 0 0 0 0 0 0 0 0 0 0 0 0 0 0 0 0 0 0 0 0 0 0 0 0 0 0 0 0 0 0 0 0 0 0 0 0 0 0 0 0 0 0 0 0 0 0 0 0 0 0 0 0 0 0 1 0 0 0 0 0 0 0 0 0 0 0 0 0 0 0 0 0 0 0 0 0 0]
[1863571135227757164285656076492468523503227964153799133450038587802438280461665900082038982639192927258624102411188824641671297109086066379127079517147573551691480710309725740686430150594357875447066209410649461489201572277183907410894634015397132 0 0 0 0 0 0 0 0 0 0 0 0 0 0 0 0 0 0 0 0 0 0 0 0 0 0 0 0 0 0 0 0 0 0 0 0 0 0 0 0 0 0 0 0 0 0 0 0 0 0 0 0 0 0 0 0 0 0 0 1 0 0 0 0 0 0 0 0 0 0 0 0 0 0 0 0 0 0 0 0 0]
[2517416141103238211709125272282421785192273107937162063999753278229993149546597048635891784231812450869081965513753062112108828969148991752409004307915264397052601832609947427755813242180591019836154696809573480935431367414125094431102362461213852 0 0 0 0 0 0 0 0 0 0 0 0 0 0 0 0 0 0 0 0 0 0 0 0 0 0 0 0 0 0 0 0 0 0 0 0 0 0 0 0 0 0 0 0 0 0 0 0 0 0 0 0 0 0 0 0 0 0 0 0 1 0 0 0 0 0 0 0 0 0 0 0 0 0 0 0 0 0 0 0 0]
[2251382123921094731063964971827189968231934220431047753892485159243302945273289772365167350759140723115044153662264378172347440097811380529489163620264642085441511120221901595054017590400673904638351379290582863206348877833640742572116703544338983 0 0 0 0 0 0 0 0 0 0 0 0 0 0 0 0 0 0 0 0 0 0 0 0 0 0 0 0 0 0 0 0 0 0 0 0 0 0 0 0 0 0 0 0 0 0 0 0 0 0 0 0 0 0 0 0 0 0 0 0 0 1 0 0 0 0 0 0 0 0 0 0 0 0 0 0 0 0 0 0 0]
[2402000258291567237860291632630021837822431785589468807684145887837665886397673629051393462116551854702605833651085099904350671521626222417876309748913217432196640548862909344555894299819658884515206477798792196785546589553282007302174431916951680 0 0 0 0 0 0 0 0 0 0 0 0 0 0 0 0 0 0 0 0 0 0 0 0 0 0 0 0 0 0 0 0 0 0 0 0 0 0 0 0 0 0 0 0 0 0 0 0 0 0 0 0 0 0 0 0 0 0 0 0 0 0 1 0 0 0 0 0 0 0 0 0 0 0 0 0 0 0 0 0 0]
[907214526262690871978994669858418224851689563104706802504585178456506129166740173202633060149256541256442535795227149243856785733044310013821551024890395969415503659135866085970575943377141348554622124220848528551794810591893498547957914959824991 0 0 0 0 0 0 0 0 0 0 0 0 0 0 0 0 0 0 0 0 0 0 0 0 0 0 0 0 0 0 0 0 0 0 0 0 0 0 0 0 0 0 0 0 0 0 0 0 0 0 0 0 0 0 0 0 0 0 0 0 0 0 0 1 0 0 0 0 0 0 0 0 0 0 0 0 0 0 0 0 0]
[2316800047535571929905143360808611419245015725200997049615819787589201115037219003586696303020812577835158322766777493685113731976793595561122020205459981065768290264911310703702816175580814500700147723057821621144750868378920963508351653646727667 0 0 0 0 0 0 0 0 0 0 0 0 0 0 0 0 0 0 0 0 0 0 0 0 0 0 0 0 0 0 0 0 0 0 0 0 0 0 0 0 0 0 0 0 0 0 0 0 0 0 0 0 0 0 0 0 0 0 0 0 0 0 0 0 1 0 0 0 0 0 0 0 0 0 0 0 0 0 0 0 0]
[1111797753621075950178154109969630363057897946180700254767573919084784709821866703418110697226479647558048441448090428748959579480065611045915143641675598803193501628087820699027154005541427192009748537046601746735844382670945861645513957915891302 0 0 0 0 0 0 0 0 0 0 0 0 0 0 0 0 0 0 0 0 0 0 0 0 0 0 0 0 0 0 0 0 0 0 0 0 0 0 0 0 0 0 0 0 0 0 0 0 0 0 0 0 0 0 0 0 0 0 0 0 0 0 0 0 0 1 0 0 0 0 0 0 0 0 0 0 0 0 0 0 0]
[1088745653969480486044561977889227198569050285571788246453127255143490740747385092489721599772692393885703073560702488056053225267392464157791380625619678495666538658792804467437374227544338410114320170217886432812303117511847346810953383531889576 0 0 0 0 0 0 0 0 0 0 0 0 0 0 0 0 0 0 0 0 0 0 0 0 0 0 0 0 0 0 0 0 0 0 0 0 0 0 0 0 0 0 0 0 0 0 0 0 0 0 0 0 0 0 0 0 0 0 0 0 0 0 0 0 0 0 1 0 0 0 0 0 0 0 0 0 0 0 0 0 0]
[1028985550026601483470435371960208574580501383836778001062438944130541281911310161178753768134922673369478719218144629471690704298130409707933610930708007984652159691178072602481265805552074510577712754598872993881959465705361796991603380459455362 0 0 0 0 0 0 0 0 0 0 0 0 0 0 0 0 0 0 0 0 0 0 0 0 0 0 0 0 0 0 0 0 0 0 0 0 0 0 0 0 0 0 0 0 0 0 0 0 0 0 0 0 0 0 0 0 0 0 0 0 0 0 0 0 0 0 0 1 0 0 0 0 0 0 0 0 0 0 0 0 0]
[80259596082470485303579822209237047000608287571907562513812862266152134540474416348991371028819509363057579464314334543127928347138386062785452017651317224301464691576854584157701559208255693532657488753478026637341881969269540202751173632651097 0 0 0 0 0 0 0 0 0 0 0 0 0 0 0 0 0 0 0 0 0 0 0 0 0 0 0 0 0 0 0 0 0 0 0 0 0 0 0 0 0 0 0 0 0 0 0 0 0 0 0 0 0 0 0 0 0 0 0 0 0 0 0 0 0 0 0 0 1 0 0 0 0 0 0 0 0 0 0 0 0]
[118820166518022206100473685278712120502224796268151989978806699437637744419298417986147628785763039612114418972522038996617366775797518104440983098333147721813079662338683930536097073392611115733757881169129196213416094029519128449427215272002815 0 0 0 0 0 0 0 0 0 0 0 0 0 0 0 0 0 0 0 0 0 0 0 0 0 0 0 0 0 0 0 0 0 0 0 0 0 0 0 0 0 0 0 0 0 0 0 0 0 0 0 0 0 0 0 0 0 0 0 0 0 0 0 0 0 0 0 0 0 1 0 0 0 0 0 0 0 0 0 0 0]
[2821320055263995077466401257631308186329778693846710309539381831833571114893947023568177087553302251312185312084172373010016297907602844150869880685220361120272785599975525709734832098332003363402273305788153042452135861060628586730695031234101768 0 0 0 0 0 0 0 0 0 0 0 0 0 0 0 0 0 0 0 0 0 0 0 0 0 0 0 0 0 0 0 0 0 0 0 0 0 0 0 0 0 0 0 0 0 0 0 0 0 0 0 0 0 0 0 0 0 0 0 0 0 0 0 0 0 0 0 0 0 0 1 0 0 0 0 0 0 0 0 0 0]
[1646654488997843989003183172414641998410445601701228688972967781832822831895601983744950592407333496100185231368196227570019750394014200026764468783992319412798271505190265363371075140924322289993764283767057208342248909710639892148744618452339320 0 0 0 0 0 0 0 0 0 0 0 0 0 0 0 0 0 0 0 0 0 0 0 0 0 0 0 0 0 0 0 0 0 0 0 0 0 0 0 0 0 0 0 0 0 0 0 0 0 0 0 0 0 0 0 0 0 0 0 0 0 0 0 0 0 0 0 0 0 0 0 1 0 0 0 0 0 0 0 0 0]
[2016022039272910416734146606282299868469943174021176746627867606664571282889022317651542294102669810991997813305188913134752466828745829448143378255135194455655495429051659795138112290730382039696833286527095662405022101753757320298840184823550514 0 0 0 0 0 0 0 0 0 0 0 0 0 0 0 0 0 0 0 0 0 0 0 0 0 0 0 0 0 0 0 0 0 0 0 0 0 0 0 0 0 0 0 0 0 0 0 0 0 0 0 0 0 0 0 0 0 0 0 0 0 0 0 0 0 0 0 0 0 0 0 0 1 0 0 0 0 0 0 0 0]
[1690466466495579412674966866343664411795277509090462755477631878926963310174902695666729954947114062691297291237249685022695232346330787032969449844932477352463601304245655424953710633707725027587380098278180324527208643874497035882668771095685308 0 0 0 0 0 0 0 0 0 0 0 0 0 0 0 0 0 0 0 0 0 0 0 0 0 0 0 0 0 0 0 0 0 0 0 0 0 0 0 0 0 0 0 0 0 0 0 0 0 0 0 0 0 0 0 0 0 0 0 0 0 0 0 0 0 0 0 0 0 0 0 0 0 1 0 0 0 0 0 0 0]
[1368562983636359137715264402538157514751087946359986222222999234288224260984941158557052939918747740284848953485841894456648808005725924598891984042257336645334093619688546303782742425304722254862483044421776461355918759863472088782076822757544632 0 0 0 0 0 0 0 0 0 0 0 0 0 0 0 0 0 0 0 0 0 0 0 0 0 0 0 0 0 0 0 0 0 0 0 0 0 0 0 0 0 0 0 0 0 0 0 0 0 0 0 0 0 0 0 0 0 0 0 0 0 0 0 0 0 0 0 0 0 0 0 0 0 0 1 0 0 0 0 0 0]
[2876570869130113745909396128411578278313944097633529004628280748764428275888880789127602579195160645925542879590663564915243707707070952889557352448469107032623723199249599134408627099183385542775229112165254798359575493186798077573082256024094283 0 0 0 0 0 0 0 0 0 0 0 0 0 0 0 0 0 0 0 0 0 0 0 0 0 0 0 0 0 0 0 0 0 0 0 0 0 0 0 0 0 0 0 0 0 0 0 0 0 0 0 0 0 0 0 0 0 0 0 0 0 0 0 0 0 0 0 0 0 0 0 0 0 0 0 1 0 0 0 0 0]
[1587160604822050539147616310708370667472752084375789494321328641148309332296165454908008524484834265779929744093304564938573669654959017028121641001201393843976531586210357168884488299567230225425716258896146189216143523283223364331726077635944546 0 0 0 0 0 0 0 0 0 0 0 0 0 0 0 0 0 0 0 0 0 0 0 0 0 0 0 0 0 0 0 0 0 0 0 0 0 0 0 0 0 0 0 0 0 0 0 0 0 0 0 0 0 0 0 0 0 0 0 0 0 0 0 0 0 0 0 0 0 0 0 0 0 0 0 0 1 0 0 0 0]
[1540447808525979778224287718554095936070928313549167598176753784442328704309898176441047008695105920559270613890115677445250519703205809262995678509910638526588665248544555042783959491108037022898607389527101263358370052715576619988422608198599295 0 0 0 0 0 0 0 0 0 0 0 0 0 0 0 0 0 0 0 0 0 0 0 0 0 0 0 0 0 0 0 0 0 0 0 0 0 0 0 0 0 0 0 0 0 0 0 0 0 0 0 0 0 0 0 0 0 0 0 0 0 0 0 0 0 0 0 0 0 0 0 0 0 0 0 0 0 1 0 0 0]
[1311475373793482980405174197959604580969675033042487964210849193222835418535246519138167178533131985140148047035941900017807895331128031348876816898534336812266584726244384798166349780065222263803773313351572855369893319250081660709636279967115542 0 0 0 0 0 0 0 0 0 0 0 0 0 0 0 0 0 0 0 0 0 0 0 0 0 0 0 0 0 0 0 0 0 0 0 0 0 0 0 0 0 0 0 0 0 0 0 0 0 0 0 0 0 0 0 0 0 0 0 0 0 0 0 0 0 0 0 0 0 0 0 0 0 0 0 0 0 0 1 0 0]
[3358871428708229019025249617287707364978591798967136048951061487623491967101247864104799559509067502836266758244900850436149711456098585799869864449728300172720954787762460424112797857838055778144231639944563246042550184210582296156206684910412911 0 0 0 0 0 0 0 0 0 0 0 0 0 0 0 0 0 0 0 0 0 0 0 0 0 0 0 0 0 0 0 0 0 0 0 0 0 0 0 0 0 0 0 0 0 0 0 0 0 0 0 0 0 0 0 0 0 0 0 0 0 0 0 0 0 0 0 0 0 0 0 0 0 0 0 0 0 0 0 1 0]
[1182493667082361631222468454664021549563137834614788041949235354203395985836618362774764288500725930494134137734536761937333841493478054707477772749296158327629005164114895945247596433529778989008448526069261175863596712644502307548824947777139299 0 0 0 0 0 0 0 0 0 0 0 0 0 0 0 0 0 0 0 0 0 0 0 0 0 0 0 0 0 0 0 0 0 0 0 0 0 0 0 0 0 0 0 0 0 0 0 0 0 0 0 0 0 0 0 0 0 0 0 0 0 0 0 0 0 0 0 0 0 0 0 0 0 0 0 0 0 0 0 0 1]
]
82 83 3
[1 1 1 1 1 1 1 1 1 1 1 1 1 1 1 1 1 1 1 1 1 1 1 1 1 1 1 1 1 1 1 1 1 1 1 1 1 1 1 1 1 1 1 1 1 1 1 1 1 1 1 1 1 1 1 1 1 1 1 1 1 1 1 1 1 1 1 1 1 1 1 1 1 1 1 1 1 1 1 1 1 1 1]
