[[5225279418199482892714571360744026257569836065460716605590871100554826719379388552168485944933856652700452676809282936820082654360782191711363896602308283894589495883695640505578968153023823463757585373151547006256895911924534862654392319780168591 0 0 0 0 0 0 0 0 0 0 0 0 0 0 0 0 0 0 0 0 0 0 0 0 0 0 0 0 0 0 0 0 0 0 0 0 0 0 0 0 0 0 0 0 0 0 0 0 0 0 0 0 0 0 0 0 0 0 0 0 0 0 0 0 0 0 0 0 0 0 0 0 0 0 0 0 0 0 0 0 0]
[2583517007725432257449115614774787649633128617035958309481685313351582722224506649907352809730653824422845656229527768032607163113864285315324274105129733415071610810823850235088111863016822558054368550548553403119455490970672176169973945609420038 1 0 0 0 0 0 0 0 0 0 0 0 0 0 0 0 0 0 0 0 0 0 0 0 0 0 0 0 0 0 0 0 0 0 0 0 0 0 0 0 0 0 0 0 0 0 0 0 0 0 0 0 0 0 0 0 0 0 0 0 0 0 0 0 0 0 0 0 0 0 0 0 0 0 0 0 0 0 0 0 0]
[3607808380618183934549357964211613999249735360827869223717651883987616573826454014998475678153985775569821689603177806221985645579719658207283637408651638162781288661279611679968111796099113152782392384861864657296680195085516499641098323585321684 0 1 0 0 0 0 0 0 0 0 0 0 0 0 0 0 0 0 0 0 0 0 0 0 0 0 0 0 0 0 0 0 0 0 0 0 0 0 0 0 0 0 0 0 0 0 0 0 0 0 0 0 0 0 0 0 0 0 0 0 0 0 0 0 0 0 0 0 0 0 0 0 0 0 0 0 0 0 0 0 0]
[572915446132695579223846604773556758640251641435579354445840268012182584600483857691698130037113557551217200820749525107462856963536933375508167565281662721093999077356748006055625056635580059621241526951934945626954289371869192834821313085140515 0 0 1 0 0 0 0 0 0 0 0 0 0 0 0 0 0 0 0 0 0 0 0 0 0 0 0 0 0 0 0 0 0 0 0 0 0 0 0 0 0 0 0 0 0 0 0 0 0 0 0 0 0 0 0 0 0 0 0 0 0 0 0 0 0 0 0 0 0 0 0 0 0 0 0 0 0 0 0 0 0]
[3684947706274044328198371242241675586694419122103491259869584416134111529614860744178193209051961474513617681840605720251135125371368202946843548225801537273848845918371246716771926000321692988190138646184723605638263162288495802541045083158244414 0 0 0 1 0 0 0 0 0 0 0 0 0 0 0 0 0 0 0 0 0 0 0 0 0 0 0 0 0 0 0 0 0 0 0 0 0 0 0 0 0 0 0 0 0 0 0 0 0 0 0 0 0 0 0 0 0 0 0 0 0 0 0 0 0 0 0 0 0 0 0 0 0 0 0 0 0 0 0 0 0]
[304935668000323162458576391336558556049649813887891156293000429903021672587727511171811463660355583157339735274615577156634368983992419779964850394805901557910271561934007308699980309370342406233537236797928386323494588922703036059158697638701390 0 0 0 0 1 0 0 0 0 0 0 0 0 0 0 0 0 0 0 0 0 0 0 0 0 0 0 0 0 0 0 0 0 0 0 0 0 0 0 0 0 0 0 0 0 0 0 0 0 0 0 0 0 0 0 0 0 0 0 0 0 0 0 0 0 0 0 0 0 0 0 0 0 0 0 0 0 0 0 0 0]
[3838232901122846357198789686380139960230983686204899054353874775128654752158725259081852023220238936388210753929674905279034605388047860825112962056912044689973968396047317911165049589088252670507430122462581705057669985287659163140192721690320113 0 0 0 0 0 1 0 0 0 0 0 0 0 0 0 0 0 0 0 0 0 0 0 0 0 0 0 0 0 0 0 0 0 0 0 0 0 0 0 0 0 0 0 0 0 0 0 0 0 0 0 0 0 0 0 0 0 0 0 0 0 0 0 0 0 0 0 0 0 0 0 0 0 0 0 0 0 0 0 0 0]
[3560322605425167470948134431528247664260765511259762471853914212699878314268076433665928354776196881076832756398746669542046317973619787913988196858571088132631428665395850193978579459255447420061424611734017158658978197052314361501579842627225820 0 0 0 0 0 0 1 0 0 0 0 0 0 0 0 0 0 0 0 0 0 0 0 0 0 0 0 0 0 0 0 0 0 0 0 0 0 0 0 0 0 0 0 0 0 0 0 0 0 0 0 0 0 0 0 0 0 0 0 0 0 0 0 0 0 0 0 0 0 0 0 0 0 0 0 0 0 0 0 0 0]
[4295038501355669443488624428653152789937661050185683306793806727535613454296474174783796079702614813184656627146293020664138694069065126902450852005986431020190513103816714015352907549873650640373337181864143709053564258651562021007712104278256728 0 0 0 0 0 0 0 1 0 0 0 0 0 0 0 0 0 0 0 0 0 0 0 0 0 0 0 0 0 0 0 0 0 0 0 0 0 0 0 0 0 0 0 0 0 0 0 0 0 0 0 0 0 0 0 0 0 0 0 0 0 0 0 0 0 0 0 0 0 0 0 0 0 0 0 0 0 0 0 0 0]
[353125945706550550419756819696322715192838215885162209702132719426249156875234204309487247755844879133328028167875524806555675178574775129326997204691186391398553047090677711672019204140818965116865060034285538344395249226427810337392758657817945 0 0 0 0 0 0 0 0 1 0 0 0 0 0 0 0 0 0 0 0 0 0 0 0 0 0 0 0 0 0 0 0 0 0 0 0 0 0 0 0 0 0 0 0 0 0 0 0 0 0 0 0 0 0 0 0 0 0 0 0 0 0 0 0 0 0 0 0 0 0 0 0 0 0 0 0 0 0 0 0 0]
[1735557138475245751929676340061566791538092793260118054791676844602950821758070680397308717955843145645399718559777615138853591835874726358655591163567611282196058533310979190421670931011792270702605156080158196930845266109350042467842107966385345 0 0 0 0 0 0 0 0 0 1 0 0 0 0 0 0 0 0 0 0 0 0 0 0 0 0 0 0 0 0 0 0 0 0 0 0 0 0 0 0 0 0 0 0 0 0 0 0 0 0 0 0 0 0 0 0 0 0 0 0 0 0 0 0 0 0 0 0 0 0 0 0 0 0 0 0 0 0 0 0 0]
[4845703587775102718597286713720266399422514288858122215180002759488238036271711664906149211366346457996834892666099336025107258916354112409519154455029698421222146262065911200605303944917567548523293946639651271587917055561398630487713429985294615 0 0 0 0 0 0 0 0 0 0 1 0 0 0 0 0 0 0 0 0 0 0 0 0 0 0 0 0 0 0 0 0 0 0 0 0 0 0 0 0 0 0 0 0 0 0 0 0 0 0 0 0 0 0 0 0 0 0 0 0 0 0 0 0 0 0 0 0 0 0 0 0 0 0 0 0 0 0 0 0 0]
[862309246513257556100688683782225117260955583007227241224252347847648552690822948905546579141333461217689872774653889059546814010544595278500843762061676526587908699094918305628213584985251773693353804915250104005066008001741645752011747681859943 0 0 0 0 0 0 0 0 0 0 0 1 0 0 0 0 0 0 0 0 0 0 0 0 0 0 0 0 0 0 0 0 0 0 0 0 0 0 0 0 0 0 0 0 0 0 0 0 0 0 0 0 0 0 0 0 0 0 0 0 0 0 0 0 0 0 0 0 0 0 0 0 0 0 0 0 0 0 0 0 0]
[2754206872634834538122719763320870924156067857498827819665808346330498483180527324819298007770526752549742880528706564692551309472327268026817181582876593895764524316992196895890782377249133441330018110033634962842310737992131757778135331295573369 0 0 0 0 0 0 0 0 0 0 0 0 1 0 0 0 0 0 0 0 0 0 0 0 0 0 0 0 0 0 0 0 0 0 0 0 0 0 0 0 0 0 0 0 0 0 0 0 0 0 0 0 0 0 0 0 0 0 0 0 0 0 0 0 0 0 0 0 0 0 0 0 0 0 0 0 0 0 0 0 0]
[3936170977806585036567420652507003155915956223248493110085406068886964180851376628298333494460700315077499907462406587214847569379958479787155730552036424490952467251534773871175630627196963240406356568518280528029429078263734168476833611614520857 0 0 0 0 0 0 0 0 0 0 0 0 0 1 0 0 0 0 0 0 0 0 0 0 0 0 0 0 0 0 0 0 0 0 0 0 0 0 0 0 0 0 0 0 0 0 0 0 0 0 0 0 0 0 0 0 0 0 0 0 0 0 0 0 0 0 0 0 0 0 0 0 0 0 0 0 0 0 0 0 0]
[1723553345859167972261641624518604013261623649088648999324928203880762638343538794856582486908471420950800335850522985959911771181282355802657904072807499260095841035558929960836520981783200967701292199492858386357368072921516653033697626419104847 0 0 0 0 0 0 0 0 0 0 0 0 0 0 1 0 0 0 0 0 0 0 0 0 0 0 0 0 0 0 0 0 0 0 0 0 0 0 0 0 0 0 0 0 0 0 0 0 0 0 0 0 0 0 0 0 0 0 0 0 0 0 0 0 0 0 0 0 0 0 0 0 0 0 0 0 0 0 0 0 0]
[2839396269055725115273881632259605326025562005722377733466250346027176328274297955729408860133334386046759259323690895648958034115186929943684434180556203074419346646517180129100302348828419525464093074104198336884947255832450482478757752520840799 0 0 0 0 0 0 0 0 0 0 0 0 0 0 0 1 0 0 0 0 0 0 0 0 0 0 0 0 0 0 0 0 0 0 0 0 0 0 0 0 0 0 0 0 0 0 0 0 0 0 0 0 0 0 0 0 0 0 0 0 0 0 0 0 0 0 0 0 0 0 0 0 0 0 0 0 0 0 0 0 0]
[2230822449955056228387264417860611571869089838350520182898151432827885618328660208957765880305394553665163455580792723235927805094309005878860988473436718117884422292581811900946718739385392406610488129928670581680289950345619983455422311026438675 0 0 0 0 0 0 0 0 0 0 0 0 0 0 0 0 1 0 0 0 0 0 0 0 0 0 0 0 0 0 0 0 0 0 0 0 0 0 0 0 0 0 0 0 0 0 0 0 0 0 0 0 0 0 0 0 0 0 0 0 0 0 0 0 0 0 0 0 0 0 0 0 0 0 0 0 0 0 0 0 0]
[2693002153238761292025844139791922526086858186137219895019663021333902520958640644797399401325286808382115979009787721234416781675203787897231270658850417012122054878946156282368293041282475330133402750298058029258788041967074246872583267141920938 0 0 0 0 0 0 0 0 0 0 0 0 0 0 0 0 0 1 0 0 0 0 0 0 0 0 0 0 0 0 0 0 0 0 0 0 0 0 0 0 0 0 0 0 0 0 0 0 0 0 0 0 0 0 0 0 0 0 0 0 0 0 0 0 0 0 0 0 0 0 0 0 0 0 0 0 0 0 0 0 0]
[4596310419574179998496685905807656475960183749134899929332142793361467743379989953413966000582696819173486718193953868480989654566926463527194981607768848292956734285644654444490617941696904646036714429588489730802675602134040879475173205498433873 0 0 0 0 0 0 0 0 0 0 0 0 0 0 0 0 0 0 1 0 0 0 0 0 0 0 0 0 0 0 0 0 0 0 0 0 0 0 0 0 0 0 0 0 0 0 0 0 0 0 0 0 0 0 0 0 0 0 0 0 0 0 0 0 0 0 0 0 0 0 0 0 0 0 0 0 0 0 0 0 0]
[1336325758949216560760085979794075314738961082676900468763622315975918922457424674208989254470442410768656630065780121344921011232150818699823858386266712907313946955197573266562942573249792686003970850366740611783023809102975969001116429323292607 0 0 0 0 0 0 0 0 0 0 0 0 0 0 0 0 0 0 0 1 0 0 0 0 0 0 0 0 0 0 0 0 0 0 0 0 0 0 0 0 0 0 0 0 0 0 0 0 0 0 0 0 0 0 0 0 0 0 0 0 0 0 0 0 0 0 0 0 0 0 0 0 0 0 0 0 0 0 0 0 0]
[3505495254216664005148519235235724983002719560858349227724003415766740398735306061488904430601204047803802973086984741433678679958736542180392616542841163546980237199802197115185943913721595179531720023765447377397514145098991815584523047659230926 0 0 0 0 0 0 0 0 0 0 0 0 0 0 0 0 0 0 0 0 1 0 0 0 0 0 0 0 0 0 0 0 0 0 0 0 0 0 0 0 0 0 0 0 0 0 0 0 0 0 0 0 0 0 0 0 0 0 0 0 0 0 0 0 0 0 0 0 0 0 0 0 0 0 0 0 0 0 0 0 0]
[3231369319418142441238039289241463133165388971696337051431787129475395764328773579436774926288329841722852529108900129874168574805353941338427099323357690058239035021981084144479775348461954658604212909530725773212196105957603247280766112112239768 0 0 0 0 0 0 0 0 0 0 0 0 0 0 0 0 0 0 0 0 0 1 0 0 0 0 0 0 0 0 0 0 0 0 0 0 0 0 0 0 0 0 0 0 0 0 0 0 0 0 0 0 0 0 0 0 0 0 0 0 0 0 0 0 0 0 0 0 0 0 0 0 0 0 0 0 0 0 0 0 0]
[3128712050074656523807998883521064128749112937683195319697378809243139804875884582433378553719058335676009278957320980952375563066242075151731837243164152769540004448438932526510457125584550627025973152936183274688034719239427228330112461121103884 0 0 0 0 0 0 0 0 0 0 0 0 0 0 0 0 0 0 0 0 0 0 1 0 0 0 0 0 0 0 0 0 0 0 0 0 0 0 0 0 0 0 0 0 0 0 0 0 0 0 0 0 0 0 0 0 0 0 0 0 0 0 0 0 0 0 0 0 0 0 0 0 0 0 0 0 0 0 0 0 0]
[2860910635688285611896518540950820952170712932482279236776121113658194094881024416108650499322344160761101573373309058351556287168989109555178106379375821005421532896110541740765050573760895666567599853742318107646265342375388951309992155441188111 0 0 0 0 0 0 0 0 0 0 0 0 0 0 0 0 0 0 0 0 0 0 0 1 0 0 0 0 0 0 0 0 0 0 0 0 0 0 0 0 0 0 0 0 0 0 0 0 0 0 0 0 0 0 0 0 0 0 0 0 0 0 0 0 0 0 0 0 0 0 0 0 0 0 0 0 0 0 0 0 0]
[2504285657044637570052325237341518369693735935675037146181863935799428000940404229676427130676442578637920161893632635975594202435001100566582014720448356463738712284370721490732451737493522753913624745969406395373561632406770738170463790861276223 0 0 0 0 0 0 0 0 0 0 0 0 0 0 0 0 0 0 0 0 0 0 0 0 1 0 0 0 0 0 0 0 0 0 0 0 0 0 0 0 0 0 0 0 0 0 0 0 0 0 0 0 0 0 0 0 0 0 0 0 0 0 0 0 0 0 0 0 0 0 0 0 0 0 0 0 0 0 0 0 0]
[289033916049353855707300706581136582160873218522266578398284865339169648803925193684109141262745428788820883696626361755397195563369810235048356184758949209041468223461146352646565056373419741603588475881131892361982379878477299668266787505105809 0 0 0 0 0 0 0 0 0 0 0 0 0 0 0 0 0 0 0 0 0 0 0 0 0 1 0 0 0 0 0 0 0 0 0 0 0 0 0 0 0 0 0 0 0 0 0 0 0 0 0 0 0 0 0 0 0 0 0 0 0 0 0 0 0 0 0 0 0 0 0 0 0 0 0 0 0 0 0 0 0]
[1905819427201878525537868703524693400061062021967105365899839589947596797558370555730521785230597731267205184043218388440039891284820438212684894239274144152392036414899498528666357095393827136637857269668894785072813286606265521906147332341980761 0 0 0 0 0 0 0 0 0 0 0 0 0 0 0 0 0 0 0 0 0 0 0 0 0 0 1 0 0 0 0 0 0 0 0 0 0 0 0 0 0 0 0 0 0 0 0 0 0 0 0 0 0 0 0 0 0 0 0 0 0 0 0 0 0 0 0 0 0 0 0 0 0 0 0 0 0 0 0 0 0]
[3334340451386764964616114724857012211720744257629257899184096577128429457221401203578067212910632294035648485041487874051348278654278352447639543432530091807238267972935174347775620444261990558231699482592275682014004887844055127226873646214224231 0 0 0 0 0 0 0 0 0 0 0 0 0 0 0 0 0 0 0 0 0 0 0 0 0 0 0 1 0 0 0 0 0 0 0 0 0 0 0 0 0 0 0 0 0 0 0 0 0 0 0 0 0 0 0 0 0 0 0 0 0 0 0 0 0 0 0 0 0 0 0 0 0 0 0 0 0 0 0 0 0]
[2231975731217132752809931295899346237106865582394016100189368093620668413129735505276988659884247217776720786796813378313409915949318995817757230093077026975239439045745515139342066749042526847463777321253328019299685980211052641734098514288871646 0 0 0 0 0 0 0 0 0 0 0 0 0 0 0 0 0 0 0 0 0 0 0 0 0 0 0 0 1 0 0 0 0 0 0 0 0 0 0 0 0 0 0 0 0 0 0 0 0 0 0 0 0 0 0 0 0 0 0 0 0 0 0 0 0 0 0 0 0 0 0 0 0 0 0 0 0 0 0 0 0]
[3824859922302584546945115466390012088221941963419758990949844088705483501970628213648384625321701294215896772643174693448435454347735639354618807118036347844486110321150671163958124775579406445005514430187393273154166654467458852351044786528083515 0 0 0 0 0 0 0 0 0 0 0 0 0 0 0 0 0 0 0 0 0 0 0 0 0 0 0 0 0 1 0 0 0 0 0 0 0 0 0 0 0 0 0 0 0 0 0 0 0 0 0 0 0 0 0 0 0 0 0 0 0 0 0 0 0 0 0 0 0 0 0 0 0 0 0 0 0 0 0 0 0]
[809455847345605282519054195282271010387612986663330376051687528918470646727223381608037088204138220393947838951952904166305570144363344760653977432815556934287977198023431955933358106478585680617932208828137583594653295286035926842105612136730142 0 0 0 0 0 0 0 0 0 0 0 0 0 0 0 0 0 0 0 0 0 0 0 0 0 0 0 0 0 0 1 0 0 0 0 0 0 0 0 0 0 0 0 0 0 0 0 0 0 0 0 0 0 0 0 0 0 0 0 0 0 0 0 0 0 0 0 0 0 0 0 0 0 0 0 0 0 0 0 0 0]
[1309222719472663275869957386223781108588135798196008862097162996253306480853531012354968599637225786440131468976661661774711279146592911810340934793213916072396387809504583266438709573631470014306842750240793795809255114572262884035021129147946757 0 0 0 0 0 0 0 0 0 0 0 0 0 0 0 0 0 0 0 0 0 0 0 0 0 0 0 0 0 0 0 1 0 0 0 0 0 0 0 0 0 0 0 0 0 0 0 0 0 0 0 0 0 0 0 0 0 0 0 0 0 0 0 0 0 0 0 0 0 0 0 0 0 0 0 0 0 0 0 0 0]
[104546064771921669065670664265933821873379416824291409673759965765792569514338494786365899355838601682157545122054436771640394804637005747073455840893750290722159713554156760170561815436069546168214640787058842647307438744246916043513112172540408 0 0 0 0 0 0 0 0 0 0 0 0 0 0 0 0 0 0 0 0 0 0 0 0 0 0 0 0 0 0 0 0 1 0 0 0 0 0 0 0 0 0 0 0 0 0 0 0 0 0 0 0 0 0 0 0 0 0 0 0 0 0 0 0 0 0 0 0 0 0 0 0 0 0 0 0 0 0 0 0 0]
[3537792241044828906667294061766825544620434367041695097471964007846049771583263465896049186547090480829937503593786821257974124007188429943279182156849814267988538729039108750732096203813260368494105866488512041914275721365262345214341615457008090 0 0 0 0 0 0 0 0 0 0 0 0 0 0 0 0 0 0 0 0 0 0 0 0 0 0 0 0 0 0 0 0 0 1 0 0 0 0 0 0 0 0 0 0 0 0 0 0 0 0 0 0 0 0 0 0 0 0 0 0 0 0 0 0 0 0 0 0 0 0 0 0 0 0 0 0 0 0 0 0 0]
[647395111385060657753088629393987236889782316054623491205464553627678041700641791791540598256304277047850988632190449309331639254865691368939297482050388535193913382636480468361260242896518252745445929946384100609753627090503360918585258035506054 0 0 0 0 0 0 0 0 0 0 0 0 0 0 0 0 0 0 0 0 0 0 0 0 0 0 0 0 0 0 0 0 0 0 1 0 0 0 0 0 0 0 0 0 0 0 0 0 0 0 0 0 0 0 0 0 0 0 0 0 0 0 0 0 0 0 0 0 0 0 0 0 0 0 0 0 0 0 0 0 0]
[3602138596126054348446665520022073862336299459789518821111120082202554992519304453330620597204181729432965850407766808271888075636249839698390767442881189841854975403208165939253826744943602347696666322021613774257366406310974740107955839899729344 0 0 0 0 0 0 0 0 0 0 0 0 0 0 0 0 0 0 0 0 0 0 0 0 0 0 0 0 0 0 0 0 0 0 0 1 0 0 0 0 0 0 0 0 0 0 0 0 0 0 0 0 0 0 0 0 0 0 0 0 0 0 0 0 0 0 0 0 0 0 0 0 0 0 0 0 0 0 0 0 0]
[1885263814168160570871092646683101734296327321540400767864660598803689732504493439762956595845794941179199397312424418066774770751051103231736498012557841853929787494703443782893236196799404323679774296200760830397374838818730470499906866605132676 0 0 0 0 0 0 0 0 0 0 0 0 0 0 0 0 0 0 0 0 0 0 0 0 0 0 0 0 0 0 0 0 0 0 0 0 1 0 0 0 0 0 0 0 0 0 0 0 0 0 0 0 0 0 0 0 0 0 0 0 0 0 0 0 0 0 0 0 0 0 0 0 0 0 0 0 0 0 0 0 0]
[2241324440401427826080985795712928472925378895994030065675946318572848867340119798625480762499053003226135990386555337634831633307962185340136733823711529555983011881312909581833918096599193067595679234392966729226507052026857775768019183951124173 0 0 0 0 0 0 0 0 0 0 0 0 0 0 0 0 0 0 0 0 0 0 0 0 0 0 0 0 0 0 0 0 0 0 0 0 0 1 0 0 0 0 0 0 0 0 0 0 0 0 0 0 0 0 0 0 0 0 0 0 0 0 0 0 0 0 0 0 0 0 0 0 0 0 0 0 0 0 0 0 0]
[2530556226666677049812934433654861699459653641022146690117033330999777983284035922587889247113296776949289509839725359044915378351985566434908371465682176888312691943386613768974700808036770446514805446483020628587245291624449906686590040260527474 0 0 0 0 0 0 0 0 0 0 0 0 0 0 0 0 0 0 0 0 0 0 0 0 0 0 0 0 0 0 0 0 0 0 0 0 0 0 1 0 0 0 0 0 0 0 0 0 0 0 0 0 0 0 0 0 0 0 0 0 0 0 0 0 0 0 0 0 0 0 0 0 0 0 0 0 0 0 0 0 0]
[1649038947818961604250967356887807798280433199232680337305235138703442571967388642313770289063690548156847092954570400272729162700663368747961573914460929531965334461922584684686685398643975063942191084272592149208869930701533305422129791687131256 0 0 0 0 0 0 0 0 0 0 0 0 0 0 0 0 0 0 0 0 0 0 0 0 0 0 0 0 0 0 0 0 0 0 0 0 0 0 0 1 0 0 0 0 0 0 0 0 0 0 0 0 0 0 0 0 0 0 0 0 0 0 0 0 0 0 0 0 0 0 0 0 0 0 0 0 0 0 0 0 0]
[1464330279666773794907774539225871605131078786001989518052004645075104299249749816481712104939782672367888568066740520459879407209096754281520093017273204662834319940079985435823243667352639815250594533062006419715769512867669092208973672784441313 0 0 0 0 0 0 0 0 0 0 0 0 0 0 0 0 0 0 0 0 0 0 0 0 0 0 0 0 0 0 0 0 0 0 0 0 0 0 0 0 1 0 0 0 0 0 0 0 0 0 0 0 0 0 0 0 0 0 0 0 0 0 0 0 0 0 0 0 0 0 0 0 0 0 0 0 0 0 0 0 0]
[4847163437608436273466324420413217644567494172744625081985156284837921001225195523518480828862203205800924214532601053958742009799471321738672312803804915819932083885893107732208830392524595616212038658502639086727438521980001855455624149140548793 0 0 0 0 0 0 0 0 0 0 0 0 0 0 0 0 0 0 0 0 0 0 0 0 0 0 0 0 0 0 0 0 0 0 0 0 0 0 0 0 0 1 0 0 0 0 0 0 0 0 0 0 0 0 0 0 0 0 0 0 0 0 0 0 0 0 0 0 0 0 0 0 0 0 0 0 0 0 0 0 0]
[4921347003475604892348833414511393223110748259055868207174721853446829786001170083969314197329384251775763615824997902841803803542101184580755403952249071296605495722790409119194576003633919666234263916316388683647467317810673995421635134762947714 0 0 0 0 0 0 0 0 0 0 0 0 0 0 0 0 0 0 0 0 0 0 0 0 0 0 0 0 0 0 0 0 0 0 0 0 0 0 0 0 0 0 1 0 0 0 0 0 0 0 0 0 0 0 0 0 0 0 0 0 0 0 0 0 0 0 0 0 0 0 0 0 0 0 0 0 0 0 0 0 0]
[2390448459509572067529226488683508923465147041482900699248216676599609306154168701968852708877918938633461674605501828369918055884010858797740314179889200612936144553854398967235316839979828376912066951674916203998154970148472955054643448751972177 0 0 0 0 0 0 0 0 0 0 0 0 0 0 0 0 0 0 0 0 0 0 0 0 0 0 0 0 0 0 0 0 0 0 0 0 0 0 0 0 0 0 0 1 0 0 0 0 0 0 0 0 0 0 0 0 0 0 0 0 0 0 0 0 0 0 0 0 0 0 0 0 0 0 0 0 0 0 0 0 0]
[1856094191567030952687430375041442497206499478380506135383549727905978562084132938703593080529414440978775136570068512918189934899504258502122956937133352310255150245175073553160803131738140726087708547857271375570750832261876063724824691539917510 0 0 0 0 0 0 0 0 0 0 0 0 0 0 0 0 0 0 0 0 0 0 0 0 0 0 0 0 0 0 0 0 0 0 0 0 0 0 0 0 0 0 0 0 1 0 0 0 0 0 0 0 0 0 0 0 0 0 0 0 0 0 0 0 0 0 0 0 0 0 0 0 0 0 0 0 0 0 0 0 0]
[1503070280507422563299525401821513628096040338063608007001507792299449775994195432606931263786892855844882428221872228711577235792674606731958122400504589217603877899980389364059605003611341116170328105898027996285228576564276105801218089542188510 0 0 0 0 0 0 0 0 0 0 0 0 0 0 0 0 0 0 0 0 0 0 0 0 0 0 0 0 0 0 0 0 0 0 0 0 0 0 0 0 0 0 0 0 0 1 0 0 0 0 0 0 0 0 0 0 0 0 0 0 0 0 0 0 0 0 0 0 0 0 0 0 0 0 0 0 0 0 0 0 0]
[2236679240940583352793999406413435069975798602246589372123063010674392064465109431394917154076063597684403663193997780858796996849182458767366945530215350859503682243996969684438749987463224500405296661975349264444211850838630825508109153825963690 0 0 0 0 0 0 0 0 0 0 0 0 0 0 0 0 0 0 0 0 0 0 0 0 0 0 0 0 0 0 0 0 0 0 0 0 0 0 0 0 0 0 0 0 0 0 1 0 0 0 0 0 0 0 0 0 0 0 0 0 0 0 0 0 0 0 0 0 0 0 0 0 0 0 0 0 0 0 0 0 0]
[3430061916016695524865044727178465442637209381940760367032321487468354751814463355723892892858210027485501634199463152122677310581017614435831112078597563121426621647477947779556469724073647380697467267653347651920981535199140502574009651530260187 0 0 0 0 0 0 0 0 0 0 0 0 0 0 0 0 0 0 0 0 0 0 0 0 0 0 0 0 0 0 0 0 0 0 0 0 0 0 0 0 0 0 0 0 0 0 0 1 0 0 0 0 0 0 0 0 0 0 0 0 0 0 0 0 0 0 0 0 0 0 0 0 0 0 0 0 0 0 0 0 0]
[2942304244156724188344182401170728619881646767141944561696735099402500561540393321688392240463640269627200956754939846602788568719193781676419533052456176721002594197970499126331652689031705601390546594726450925568155213874956406088220994266260169 0 0 0 0 0 0 0 0 0 0 0 0 0 0 0 0 0 0 0 0 0 0 0 0 0 0 0 0 0 0 0 0 0 0 0 0 0 0 0 0 0 0 0 0 0 0 0 0 1 0 0 0 0 0 0 0 0 0 0 0 0 0 0 0 0 0 0 0 0 0 0 0 0 0 0 0 0 0 0 0 0]
[3140570628979086538889554426161559595779459547238468071347425389906631063451510155206654274296564028667887667428642007076498632419044164221640935557625250946205747781965024577472117281470436889635593871052357738871582557321355017335119522251471030 0 0 0 0 0 0 0 0 0 0 0 0 0 0 0 0 0 0 0 0 0 0 0 0 0 0 0 0 0 0 0 0 0 0 0 0 0 0 0 0 0 0 0 0 0 0 0 0 0 1 0 0 0 0 0 0 0 0 0 0 0 0 0 0 0 0 0 0 0 0 0 0 0 0 0 0 0 0 0 0 0]
[1402670767438901238551561003467527235861757225383319402597589018724908925019590374848985856548550373925396465206429726544161403434694608430698869910141204330341852867134548758048850360648289321841171990883149579835343652358148247220147569233637760 0 0 0 0 0 0 0 0 0 0 0 0 0 0 0 0 0 0 0 0 0 0 0 0 0 0 0 0 0 0 0 0 0 0 0 0 0 0 0 0 0 0 0 0 0 0 0 0 0 0 1 0 0 0 0 0 0 0 0 0 0 0 0 0 0 0 0 0 0 0 0 0 0 0 0 0 0 0 0 0 0]
[1440205435991573279901254796274725249577131029785839766938178323525477062989219783180828735421378074431692372861633241759108665424288773230120690230093710910314924658478543859521193240881692272669553267557390886344249607397448505689498003130762830 0 0 0 0 0 0 0 0 0 0 0 0 0 0 0 0 0 0 0 0 0 0 0 0 0 0 0 0 0 0 0 0 0 0 0 0 0 0 0 0 0 0 0 0 0 0 0 0 0 0 0 1 0 0 0 0 0 0 0 0 0 0 0 0 0 0 0 0 0 0 0 0 0 0 0 0 0 0 0 0 0]
[4901373331485865327589368600255548482058226543879636627011477241987531895252096850107850842830523171673140426960808622361212629365257312754744422257740732901131734125983893833860293748108733043859406957856198174021690946772757808089595301687532373 0 0 0 0 0 0 0 0 0 0 0 0 0 0 0 0 0 0 0 0 0 0 0 0 0 0 0 0 0 0 0 0 0 0 0 0 0 0 0 0 0 0 0 0 0 0 0 0 0 0 0 0 1 0 0 0 0 0 0 0 0 0 0 0 0 0 0 0 0 0 0 0 0 0 0 0 0 0 0 0 0]
[5156274159170133637193042198986688569393065968197542259847455414623739439970354287542595100865278248406776676920941459743106508823632058076285794117508002260151016383181400964529248849445379912575487367137078097683437142386112208927947506651023449 0 0 0 0 0 0 0 0 0 0 0 0 0 0 0 0 0 0 0 0 0 0 0 0 0 0 0 0 0 0 0 0 0 0 0 0 0 0 0 0 0 0 0 0 0 0 0 0 0 0 0 0 0 1 0 0 0 0 0 0 0 0 0 0 0 0 0 0 0 0 0 0 0 0 0 0 0 0 0 0 0]
[5076175746742829329379490390433157227853607150217264982715731550385440620909478331127741145582714217385015502519700143330211568370191979945290280834077613234507548447270148361092687156117204366140511197068941249799022529261986707770235009140642279 0 0 0 0 0 0 0 0 0 0 0 0 0 0 0 0 0 0 0 0 0 0 0 0 0 0 0 0 0 0 0 0 0 0 0 0 0 0 0 0 0 0 0 0 0 0 0 0 0 0 0 0 0 0 1 0 0 0 0 0 0 0 0 0 0 0 0 0 0 0 0 0 0 0 0 0 0 0 0 0 0]
[3937190370994213862191973943835682511901998035606936622385941362561213667068785296533250457413682097575609420902418397328992360201075621467292136363021945264215776817557677953096998971513404656910529844676865271194652114602236767669481057060997400 0 0 0 0 0 0 0 0 0 0 0 0 0 0 0 0 0 0 0 0 0 0 0 0 0 0 0 0 0 0 0 0 0 0 0 0 0 0 0 0 0 0 0 0 0 0 0 0 0 0 0 0 0 0 0 1 0 0 0 0 0 0 0 0 0 0 0 0 0 0 0 0 0 0 0 0 0 0 0 0 0]
[2573443753790963773527900909101453797282576251474174138428616871737835700196960008140877871824800574450367239321807367781923573489958268895872330252491427900490925514474129346387591571812101866116537216120213914754467334706653195177126895212872569 0 0 0 0 0 0 0 0 0 0 0 0 0 0 0 0 0 0 0 0 0 0 0 0 0 0 0 0 0 0 0 0 0 0 0 0 0 0 0 0 0 0 0 0 0 0 0 0 0 0 0 0 0 0 0 0 1 0 0 0 0 0 0 0 0 0 0 0 0 0 0 0 0 0 0 0 0 0 0 0 0]
[1069331579119027777303697031489947728252990684883905509901408752221878759348227467198203286025649612328771704018277582575571229469874160537159895617793492218342971387928412671484095397154691079078276362783390333267311293498736227196435595834662135 0 0 0 0 0 0 0 0 0 0 0 0 0 0 0 0 0 0 0 0 0 0 0 0 0 0 0 0 0 0 0 0 0 0 0 0 0 0 0 0 0 0 0 0 0 0 0 0 0 0 0 0 0 0 0 0 0 1 0 0 0 0 0 0 0 0 0 0 0 0 0 0 0 0 0 0 0 0 0 0 0]
[2551516846025815723708473350374621085818228479617053761546753068544869176611206783959877645698460568863074823762901860343428001168290793164797338184046693265558688535737205996184977472066870394680976203434673261698726603572332729488200489489812462 0 0 0 0 0 0 0 0 0 0 0 0 0 0 0 0 0 0 0 0 0 0 0 0 0 0 0 0 0 0 0 0 0 0 0 0 0 0 0 0 0 0 0 0 0 0 0 0 0 0 0 0 0 0 0 0 0 0 1 0 0 0 0 0 0 0 0 0 0 0 0 0 0 0 0 0 0 0 0 0 0]
[4181713566809675541008912915395912991405741579352484206594093639740078173137911599998452534303806015726831538579800076031106768163605497788139263947591151842566855977016793166305852846756314034342313386294249509442236590505454577334738291078137854 0 0 0 0 0 0 0 0 0 0 0 0 0 0 0 0 0 0 0 0 0 0 0 0 0 0 0 0 0 0 0 0 0 0 0 0 0 0 0 0 0 0 0 0 0 0 0 0 0 0 0 0 0 0 0 0 0 0 0 1 0 0 0 0 0 0 0 0 0 0 0 0 0 0 0 0 0 0 0 0 0]
[3447651835543531000414391380976924295025235696526251194468698380875118405764141172397179070461846054058610115713809813459141061791688585914564589873385588477023911513621980242943443594564989125409038412832223575132147418133124188374288020908282382 0 0 0 0 0 0 0 0 0 0 0 0 0 0 0 0 0 0 0 0 0 0 0 0 0 0 0 0 0 0 0 0 0 0 0 0 0 0 0 0 0 0 0 0 0 0 0 0 0 0 0 0 0 0 0 0 0 0 0 0 1 0 0 0 0 0 0 0 0 0 0 0 0 0 0 0 0 0 0 0 0]
[822261399365959428574463281316613766295965942294406439427485076879002832766902411944258010116200573924901903709341555510380635653851397144273073101764536030812989298720893466548051194854334015339973007968795445087662917841631205994960572186387203 0 0 0 0 0 0 0 0 0 0 0 0 0 0 0 0 0 0 0 0 0 0 0 0 0 0 0 0 0 0 0 0 0 0 0 0 0 0 0 0 0 0 0 0 0 0 0 0 0 0 0 0 0 0 0 0 0 0 0 0 0 1 0 0 0 0 0 0 0 0 0 0 0 0 0 0 0 0 0 0 0]
[520875642786511113786403859349515013979500309311436743636678743064565452532293884310170291140233435749616646857007649586305568906840129948326802603228881703646144137786451669370699346591915951978208202930323861772599506750664320516110375839600073 0 0 0 0 0 0 0 0 0 0 0 0 0 0 0 0 0 0 0 0 0 0 0 0 0 0 0 0 0 0 0 0 0 0 0 0 0 0 0 0 0 0 0 0 0 0 0 0 0 0 0 0 0 0 0 0 0 0 0 0 0 0 1 0 0 0 0 0 0 0 0 0 0 0 0 0 0 0 0 0 0]
[4548715063864762263772478735579656951779903818318711863222884595014078250241198344937225335053540178278920371861550151868583524247292363655169069071217075550719356244007657257147515801332917618958326048791521928649093681691839068793484019149568548 0 0 0 0 0 0 0 0 0 0 0 0 0 0 0 0 0 0 0 0 0 0 0 0 0 0 0 0 0 0 0 0 0 0 0 0 0 0 0 0 0 0 0 0 0 0 0 0 0 0 0 0 0 0 0 0 0 0 0 0 0 0 0 1 0 0 0 0 0 0 0 0 0 0 0 0 0 0 0 0 0]
[311980185299091359523923452498026635060339028230382526297179328502320019320524493375779911750204989277407813733402388736446085321998567497428363462155758123903126390490429123079802810591578032845610472045968257610832449148681921686753655053037685 0 0 0 0 0 0 0 0 0 0 0 0 0 0 0 0 0 0 0 0 0 0 0 0 0 0 0 0 0 0 0 0 0 0 0 0 0 0 0 0 0 0 0 0 0 0 0 0 0 0 0 0 0 0 0 0 0 0 0 0 0 0 0 0 1 0 0 0 0 0 0 0 0 0 0 0 0 0 0 0 0]
[1757824328918034817051325673542459425474302874701911100082816131439085162364512974690154038091262061422950463811233413489836818524146889005337648354056085525188557169505196194845869505037713418009554811575440303815425573255201961986336552380017851 0 0 0 0 0 0 0 0 0 0 0 0 0 0 0 0 0 0 0 0 0 0 0 0 0 0 0 0 0 0 0 0 0 0 0 0 0 0 0 0 0 0 0 0 0 0 0 0 0 0 0 0 0 0 0 0 0 0 0 0 0 0 0 0 0 1 0 0 0 0 0 0 0 0 0 0 0 0 0 0 0]
[4729463470238853124936768024514432661575236452159541307344291548142261534093412176862940902521485022515227962905332901238303356837041063288866198709304185880225823096406527056740570092178401298669618402790658032152562553876485877144397592389676878 0 0 0 0 0 0 0 0 0 0 0 0 0 0 0 0 0 0 0 0 0 0 0 0 0 0 0 0 0 0 0 0 0 0 0 0 0 0 0 0 0 0 0 0 0 0 0 0 0 0 0 0 0 0 0 0 0 0 0 0 0 0 0 0 0 0 1 0 0 0 0 0 0 0 0 0 0 0 0 0 0]
[511875445049232348380652667883817164103717862156316795755842655516783687211008154331649188949966219472284998449838184856652654200478549174835874629442996837285982824397280465708575991746101679017857353024774252439736613570000509485706736486348743 0 0 0 0 0 0 0 0 0 0 0 0 0 0 0 0 0 0 0 0 0 0 0 0 0 0 0 0 0 0 0 0 0 0 0 0 0 0 0 0 0 0 0 0 0 0 0 0 0 0 0 0 0 0 0 0 0 0 0 0 0 0 0 0 0 0 0 1 0 0 0 0 0 0 0 0 0 0 0 0 0]
[412035789069108135552034206416806139558280145657978473947435642885708051448123889528571825194381588125607339245374039162607714991295771149099467709192095562592307668977024743995717992058781067929713639835785731742941600573490510671905802775519542 0 0 0 0 0 0 0 0 0 0 0 0 0 0 0 0 0 0 0 0 0 0 0 0 0 0 0 0 0 0 0 0 0 0 0 0 0 0 0 0 0 0 0 0 0 0 0 0 0 0 0 0 0 0 0 0 0 0 0 0 0 0 0 0 0 0 0 0 1 0 0 0 0 0 0 0 0 0 0 0 0]
[1793979673809507291055166331896217847650620043107526460110731772822618243473274481607454625374561390847628434086008424188451302191032482932470396090785142767507124577151664150491459007155803139377031493763407699168720989601243610637810613892270196 0 0 0 0 0 0 0 0 0 0 0 0 0 0 0 0 0 0 0 0 0 0 0 0 0 0 0 0 0 0 0 0 0 0 0 0 0 0 0 0 0 0 0 0 0 0 0 0 0 0 0 0 0 0 0 0 0 0 0 0 0 0 0 0 0 0 0 0 0 1 0 0 0 0 0 0 0 0 0 0 0]
[1031617032907702372659519610847298849377609863151974499305991883492872299885841958526667720374937095028985489164763021572977486506632124563679627586223395511692569442825898889646254478895528908457874000957386994890774186630408768155275400108498720 0 0 0 0 0 0 0 0 0 0 0 0 0 0 0 0 0 0 0 0 0 0 0 0 0 0 0 0 0 0 0 0 0 0 0 0 0 0 0 0 0 0 0 0 0 0 0 0 0 0 0 0 0 0 0 0 0 0 0 0 0 0 0 0 0 0 0 0 0 0 1 0 0 0 0 0 0 0 0 0 0]
[328991281783124494215594096983468396840665994437409853984986702240541675664180434199604007728679687450574448195219379706450545714635294855276866823212199593913184383976402261762459486104270960160044784293097728983965870107445073682220125099977642 0 0 0 0 0 0 0 0 0 0 0 0 0 0 0 0 0 0 0 0 0 0 0 0 0 0 0 0 0 0 0 0 0 0 0 0 0 0 0 0 0 0 0 0 0 0 0 0 0 0 0 0 0 0 0 0 0 0 0 0 0 0 0 0 0 0 0 0 0 0 0 1 0 0 0 0 0 0 0 0 0]
[2482098613886872224291448123741289962267217885717130439996829136340929406706911169280989989453839909662530192661506042306522471131411722097827465663188639931985884124562933436564642379266590805208885868945131384545289840070759360131634207048730089 0 0 0 0 0 0 0 0 0 0 0 0 0 0 0 0 0 0 0 0 0 0 0 0 0 0 0 0 0 0 0 0 0 0 0 0 0 0 0 0 0 0 0 0 0 0 0 0 0 0 0 0 0 0 0 0 0 0 0 0 0 0 0 0 0 0 0 0 0 0 0 0 1 0 0 0 0 0 0 0 0]
[2077092793664493448629629618987483510547635612629391822117932402785287533383430728784689806710953446458112665196468826050514162772872796587271501246804211168738777461884127983087886031360241786678773739044820625968147741673924180022104257035691511 0 0 0 0 0 0 0 0 0 0 0 0 0 0 0 0 0 0 0 0 0 0 0 0 0 0 0 0 0 0 0 0 0 0 0 0 0 0 0 0 0 0 0 0 0 0 0 0 0 0 0 0 0 0 0 0 0 0 0 0 0 0 0 0 0 0 0 0 0 0 0 0 0 1 0 0 0 0 0 0 0]
[4611407996989857344793652574793044687297285934144617010132870802097494530325345893044992621658679769398311459359468783341840063157754664356531509172507517678679776203102954094403275591177049755445985336155183389491297754695243559365041761818683131 0 0 0 0 0 0 0 0 0 0 0 0 0 0 0 0 0 0 0 0 0 0 0 0 0 0 0 0 0 0 0 0 0 0 0 0 0 0 0 0 0 0 0 0 0 0 0 0 0 0 0 0 0 0 0 0 0 0 0 0 0 0 0 0 0 0 0 0 0 0 0 0 0 0 1 0 0 0 0 0 0]
[1541796401234134760608394574169593046931910213751790885685216958685076440058731141097477342293865587187863698725642364476704501859401743281576370122196815669274883642703216063594936977647907320793993112536973619818179755339669110837640427609552125 0 0 0 0 0 0 0 0 0 0 0 0 0 0 0 0 0 0 0 0 0 0 0 0 0 0 0 0 0 0 0 0 0 0 0 0 0 0 0 0 0 0 0 0 0 0 0 0 0 0 0 0 0 0 0 0 0 0 0 0 0 0 0 0 0 0 0 0 0 0 0 0 0 0 0 1 0 0 0 0 0]
[4212616656548435361928172096159473168802777275617250780703944426102970536952174914937767189718621359114024046486801947374100867604734799732905954651706928156708224486181299287370384799141816978786875985884325549407706690360730304129438191025360728 0 0 0 0 0 0 0 0 0 0 0 0 0 0 0 0 0 0 0 0 0 0 0 0 0 0 0 0 0 0 0 0 0 0 0 0 0 0 0 0 0 0 0 0 0 0 0 0 0 0 0 0 0 0 0 0 0 0 0 0 0 0 0 0 0 0 0 0 0 0 0 0 0 0 0 0 1 0 0 0 0]
[4199886969637191420058582727705627724787630235017283684201365302602904390371036559891766990565408958202156429053622702571478782425410800386616770409397150759616459604222991965744921617544969108258896145369394437662158413619646241402028755311830249 0 0 0 0 0 0 0 0 0 0 0 0 0 0 0 0 0 0 0 0 0 0 0 0 0 0 0 0 0 0 0 0 0 0 0 0 0 0 0 0 0 0 0 0 0 0 0 0 0 0 0 0 0 0 0 0 0 0 0 0 0 0 0 0 0 0 0 0 0 0 0 0 0 0 0 0 0 1 0 0 0]
[3762027496029106561389350740411320213093142199877962116939256536899334580170955224802555317887012970687243083290331813850475682471337208388199275031419623716989133702354157262808994859627737009043273698931585450128039063722512618441263209399774760 0 0 0 0 0 0 0 0 0 0 0 0 0 0 0 0 0 0 0 0 0 0 0 0 0 0 0 0 0 0 0 0 0 0 0 0 0 0 0 0 0 0 0 0 0 0 0 0 0 0 0 0 0 0 0 0 0 0 0 0 0 0 0 0 0 0 0 0 0 0 0 0 0 0 0 0 0 0 1 0 0]
[3225628843138435261909284603417202436698675382877699738030249765618325197692566441181522465828987699929318262079321644900532561916685650331791931616158884456548330394907336991597580766343098784096963047559383380873970855968309570996527254820334754 0 0 0 0 0 0 0 0 0 0 0 0 0 0 0 0 0 0 0 0 0 0 0 0 0 0 0 0 0 0 0 0 0 0 0 0 0 0 0 0 0 0 0 0 0 0 0 0 0 0 0 0 0 0 0 0 0 0 0 0 0 0 0 0 0 0 0 0 0 0 0 0 0 0 0 0 0 0 0 1 0]
[1319096891451048790845446262499918908350134991161559322546657613608382570894882456372035526648723581604746842774740517534897101213702164942196140830079201781954227086111954736041272302186931247079040475742543047867532240286519007665188632726783596 0 0 0 0 0 0 0 0 0 0 0 0 0 0 0 0 0 0 0 0 0 0 0 0 0 0 0 0 0 0 0 0 0 0 0 0 0 0 0 0 0 0 0 0 0 0 0 0 0 0 0 0 0 0 0 0 0 0 0 0 0 0 0 0 0 0 0 0 0 0 0 0 0 0 0 0 0 0 0 0 1]
]
82 83 7
[1 1 1 1 1 1 1 1 1 1 1 1 1 1 1 1 1 1 1 1 1 1 1 1 1 1 1 1 1 1 1 1 1 1 1 1 1 1 1 1 1 1 1 1 1 1 1 1 1 1 1 1 1 1 1 1 1 1 1 1 1 1 1 1 1 1 1 1 1 1 1 1 1 1 1 1 1 1 1 1 1 1 1]
