[[5230537337388708025993426155862916261707479236840049491535130781971849548941646109920545225337762365945577272036211236577439668237095264651358363338108652103407712178574801857664952218797530626577463302181337631970540514743055261241003227796245241 0 0 0 0 0 0 0 0 0 0 0 0 0 0 0 0 0 0 0 0 0 0 0 0 0 0 0 0 0 0 0 0 0 0 0 0 0 0 0 0 0 0 0 0 0 0 0 0 0 0 0 0 0 0 0 0 0 0 0 0 0 0 0 0 0 0 0 0 0 0 0 0 0 0 0 0 0 0 0 0 0]
[5199475516467623567838918895851030977448013056018797462389461731144074855183461956934525079100428945592508782745071928192711834921541814612887191041750330270204148611447184565794162431081886095497565578686074888872333734093012245959766399567946200 1 0 0 0 0 0 0 0 0 0 0 0 0 0 0 0 0 0 0 0 0 0 0 0 0 0 0 0 0 0 0 0 0 0 0 0 0 0 0 0 0 0 0 0 0 0 0 0 0 0 0 0 0 0 0 0 0 0 0 0 0 0 0 0 0 0 0 0 0 0 0 0 0 0 0 0 0 0 0 0 0]
[463453799336096452698792706701894228543894389457149713130496966390025342989435721854752612417485212865332335312353582373629749672384967371679752848678741343088003476864921052525667788130811981269655724475645740525340031958826352669158139510446078 0 1 0 0 0 0 0 0 0 0 0 0 0 0 0 0 0 0 0 0 0 0 0 0 0 0 0 0 0 0 0 0 0 0 0 0 0 0 0 0 0 0 0 0 0 0 0 0 0 0 0 0 0 0 0 0 0 0 0 0 0 0 0 0 0 0 0 0 0 0 0 0 0 0 0 0 0 0 0 0 0]
[5221816211802609252206830102934925627351898643740038889408135384121664861402362120846117798781084725396083451399338942245903618240426400356297905824849973984963347949800272386655984982249212921148621009908542760464796611885854990486388548274726616 0 0 1 0 0 0 0 0 0 0 0 0 0 0 0 0 0 0 0 0 0 0 0 0 0 0 0 0 0 0 0 0 0 0 0 0 0 0 0 0 0 0 0 0 0 0 0 0 0 0 0 0 0 0 0 0 0 0 0 0 0 0 0 0 0 0 0 0 0 0 0 0 0 0 0 0 0 0 0 0 0]
[3470340462584072861288620628060862240853199759236234941703028092120017651808566455273844395483260092437386130998556296035513413951171578246449082515517397569682179285174852679491643935581779411236981571020319276503281622061468218179110708582921120 0 0 0 1 0 0 0 0 0 0 0 0 0 0 0 0 0 0 0 0 0 0 0 0 0 0 0 0 0 0 0 0 0 0 0 0 0 0 0 0 0 0 0 0 0 0 0 0 0 0 0 0 0 0 0 0 0 0 0 0 0 0 0 0 0 0 0 0 0 0 0 0 0 0 0 0 0 0 0 0 0]
[3815492998901388436837018804411611409692765758312905584207269017355148118830631819286481356662628182876154902838155596162070393123463721759723709059093855374936794419511523684860426528385717355991999625057262688751479182058028188218406436949682575 0 0 0 0 1 0 0 0 0 0 0 0 0 0 0 0 0 0 0 0 0 0 0 0 0 0 0 0 0 0 0 0 0 0 0 0 0 0 0 0 0 0 0 0 0 0 0 0 0 0 0 0 0 0 0 0 0 0 0 0 0 0 0 0 0 0 0 0 0 0 0 0 0 0 0 0 0 0 0 0 0]
[3620248201356071345244787725259691523444520044667950977951348358729243485964633572241885344847471568283795836135286533200627817037333122507376477861569677048846971066719234793724690001880414894148197805405905968134582673811785162916484599434713062 0 0 0 0 0 1 0 0 0 0 0 0 0 0 0 0 0 0 0 0 0 0 0 0 0 0 0 0 0 0 0 0 0 0 0 0 0 0 0 0 0 0 0 0 0 0 0 0 0 0 0 0 0 0 0 0 0 0 0 0 0 0 0 0 0 0 0 0 0 0 0 0 0 0 0 0 0 0 0 0 0]
[397305825866080406005424234334413714498722493084565247075184857551318598192650673229942686188402112391354490061861625031916491319564041512843823805524043076357445060082918699763128393713356903008463271726989479811082041556838097972624432106098921 0 0 0 0 0 0 1 0 0 0 0 0 0 0 0 0 0 0 0 0 0 0 0 0 0 0 0 0 0 0 0 0 0 0 0 0 0 0 0 0 0 0 0 0 0 0 0 0 0 0 0 0 0 0 0 0 0 0 0 0 0 0 0 0 0 0 0 0 0 0 0 0 0 0 0 0 0 0 0 0 0]
[2931073468136134029732534252588651645460385376011615804669181941097091398304742171498477611453588622751169173156605722074290881066092270407459249885980168030478209486837885784081918480090791504027431560532646219802177788693988890809283878890376835 0 0 0 0 0 0 0 1 0 0 0 0 0 0 0 0 0 0 0 0 0 0 0 0 0 0 0 0 0 0 0 0 0 0 0 0 0 0 0 0 0 0 0 0 0 0 0 0 0 0 0 0 0 0 0 0 0 0 0 0 0 0 0 0 0 0 0 0 0 0 0 0 0 0 0 0 0 0 0 0 0]
[873034154435470022650280551355798501400129532132849802423051993290722514767121537183938079005461966479086465278825466359060127463447425326558798572443870669918783402850941365018209814837725526513980742464290111176486441876707672354303191053605598 0 0 0 0 0 0 0 0 1 0 0 0 0 0 0 0 0 0 0 0 0 0 0 0 0 0 0 0 0 0 0 0 0 0 0 0 0 0 0 0 0 0 0 0 0 0 0 0 0 0 0 0 0 0 0 0 0 0 0 0 0 0 0 0 0 0 0 0 0 0 0 0 0 0 0 0 0 0 0 0 0]
[5049000275696346606156864762878882634728491415285371293770578697374356732268353991889767600725700996486912635415782339584292693039953942947389683055523120395922637970133149092248028179756759145354536307125675263694131951562484515493420697404610385 0 0 0 0 0 0 0 0 0 1 0 0 0 0 0 0 0 0 0 0 0 0 0 0 0 0 0 0 0 0 0 0 0 0 0 0 0 0 0 0 0 0 0 0 0 0 0 0 0 0 0 0 0 0 0 0 0 0 0 0 0 0 0 0 0 0 0 0 0 0 0 0 0 0 0 0 0 0 0 0 0]
[4504551581019174493073796613574769243183890488734525932030305299983730310937098145593700922321084912683702910164583215894165866110914944018444869144141664563094864247517642248857265308449515656462698767195366521034317289217978367600025066342776372 0 0 0 0 0 0 0 0 0 0 1 0 0 0 0 0 0 0 0 0 0 0 0 0 0 0 0 0 0 0 0 0 0 0 0 0 0 0 0 0 0 0 0 0 0 0 0 0 0 0 0 0 0 0 0 0 0 0 0 0 0 0 0 0 0 0 0 0 0 0 0 0 0 0 0 0 0 0 0 0 0]
[1152060599760240585080653020111091829753037351453067004062317312301257373449065247783218598103614271182685432447374632030150604222232884825337217255300070056566259727805660749616552442629738137081781181907103949019141390888721492657201762222614357 0 0 0 0 0 0 0 0 0 0 0 1 0 0 0 0 0 0 0 0 0 0 0 0 0 0 0 0 0 0 0 0 0 0 0 0 0 0 0 0 0 0 0 0 0 0 0 0 0 0 0 0 0 0 0 0 0 0 0 0 0 0 0 0 0 0 0 0 0 0 0 0 0 0 0 0 0 0 0 0 0]
[2463356885682206576743159985363654326920602554006785473761077901037902581899547519611779172936178881158791466374921566514305155759061660400397225905204475888215257741838482325115556619176834004480814434514225193415462055939720976107681393967592723 0 0 0 0 0 0 0 0 0 0 0 0 1 0 0 0 0 0 0 0 0 0 0 0 0 0 0 0 0 0 0 0 0 0 0 0 0 0 0 0 0 0 0 0 0 0 0 0 0 0 0 0 0 0 0 0 0 0 0 0 0 0 0 0 0 0 0 0 0 0 0 0 0 0 0 0 0 0 0 0 0]
[601848427955717797774361315173372324784613617946516388029745621774364896985900352629517916310276893289242487182043735478909436541101771928656293042331382954038336691435625625023886387711949539983429032353931240478961012608028290561969986613373965 0 0 0 0 0 0 0 0 0 0 0 0 0 1 0 0 0 0 0 0 0 0 0 0 0 0 0 0 0 0 0 0 0 0 0 0 0 0 0 0 0 0 0 0 0 0 0 0 0 0 0 0 0 0 0 0 0 0 0 0 0 0 0 0 0 0 0 0 0 0 0 0 0 0 0 0 0 0 0 0 0]
[4665495272620245464805224687764471532641403093878827148486730971161406955830920797012817307125735475444095301643986874064115582161220193372669643011226234478064232273255547058040769623638742298454884099768925232726792971502379060168472657894589143 0 0 0 0 0 0 0 0 0 0 0 0 0 0 1 0 0 0 0 0 0 0 0 0 0 0 0 0 0 0 0 0 0 0 0 0 0 0 0 0 0 0 0 0 0 0 0 0 0 0 0 0 0 0 0 0 0 0 0 0 0 0 0 0 0 0 0 0 0 0 0 0 0 0 0 0 0 0 0 0 0]
[17774790547868129108082650652600715654302937429877028130242494999036494516694864013447128957355289015659252486141255410175976678689708221866669716013731615382632026759349587062643566607599901443293095311843731729243382948640388095333112383942780 0 0 0 0 0 0 0 0 0 0 0 0 0 0 0 1 0 0 0 0 0 0 0 0 0 0 0 0 0 0 0 0 0 0 0 0 0 0 0 0 0 0 0 0 0 0 0 0 0 0 0 0 0 0 0 0 0 0 0 0 0 0 0 0 0 0 0 0 0 0 0 0 0 0 0 0 0 0 0 0 0]
[2260015113291510226868163905319570014027913053672412744909277796974046761084477686531930547633259478859164564231838442352680785544650280069209986884134887834676856214741994124899015475853711345786941741999367413886736385009089312619001624603734100 0 0 0 0 0 0 0 0 0 0 0 0 0 0 0 0 1 0 0 0 0 0 0 0 0 0 0 0 0 0 0 0 0 0 0 0 0 0 0 0 0 0 0 0 0 0 0 0 0 0 0 0 0 0 0 0 0 0 0 0 0 0 0 0 0 0 0 0 0 0 0 0 0 0 0 0 0 0 0 0 0]
[1555734879229518924061114074946773174273817646407176312345398806000833059123837604834288741359030126859300517698445578649658368129265558660198601436457667631938773180041783389989626053024552103093277375702666841330070562660014186437837271126313508 0 0 0 0 0 0 0 0 0 0 0 0 0 0 0 0 0 1 0 0 0 0 0 0 0 0 0 0 0 0 0 0 0 0 0 0 0 0 0 0 0 0 0 0 0 0 0 0 0 0 0 0 0 0 0 0 0 0 0 0 0 0 0 0 0 0 0 0 0 0 0 0 0 0 0 0 0 0 0 0 0]
[2248179455754889612471250946002416511306408421899150516894853528536395368748851723643543993956316398459162932870049316939085888267649890568459198234229118849654759497842967616707223878252394491218237409125342445126034744273797517086038662265016520 0 0 0 0 0 0 0 0 0 0 0 0 0 0 0 0 0 0 1 0 0 0 0 0 0 0 0 0 0 0 0 0 0 0 0 0 0 0 0 0 0 0 0 0 0 0 0 0 0 0 0 0 0 0 0 0 0 0 0 0 0 0 0 0 0 0 0 0 0 0 0 0 0 0 0 0 0 0 0 0 0]
[859821854538301898474453042959006661297017481602269006857062694050891312818572399204447248944867068931366489625440062754817270885333758441962632616666933039788376784990583328995344003723622027736422029977519951311743981988347090169885836029921786 0 0 0 0 0 0 0 0 0 0 0 0 0 0 0 0 0 0 0 1 0 0 0 0 0 0 0 0 0 0 0 0 0 0 0 0 0 0 0 0 0 0 0 0 0 0 0 0 0 0 0 0 0 0 0 0 0 0 0 0 0 0 0 0 0 0 0 0 0 0 0 0 0 0 0 0 0 0 0 0 0]
[1690693107038836348301591717595002112107964090720888482772631127927607576567054618465807220380917658643215666954607801350068015090095574521941176119770783798576551900776429930955030606296502340254822592093032780334161168108445577358651910444704815 0 0 0 0 0 0 0 0 0 0 0 0 0 0 0 0 0 0 0 0 1 0 0 0 0 0 0 0 0 0 0 0 0 0 0 0 0 0 0 0 0 0 0 0 0 0 0 0 0 0 0 0 0 0 0 0 0 0 0 0 0 0 0 0 0 0 0 0 0 0 0 0 0 0 0 0 0 0 0 0 0]
[585727827916176410607229781636447710386828554357312994306574187421804891319718362376844222953275038725047851390292600547287011160713814570029038968915622685841646589069011567077498629541388432645962703549162443269411478804280243143916276295065383 0 0 0 0 0 0 0 0 0 0 0 0 0 0 0 0 0 0 0 0 0 1 0 0 0 0 0 0 0 0 0 0 0 0 0 0 0 0 0 0 0 0 0 0 0 0 0 0 0 0 0 0 0 0 0 0 0 0 0 0 0 0 0 0 0 0 0 0 0 0 0 0 0 0 0 0 0 0 0 0 0]
[3000247185685900940210779134004069775779204851537321703011608095818541798334163289051748398564529858936111034369605826032108647983820984393070512847649740999167657417617546272921868589818677917858024768059519644592040869048262155719233999248583933 0 0 0 0 0 0 0 0 0 0 0 0 0 0 0 0 0 0 0 0 0 0 1 0 0 0 0 0 0 0 0 0 0 0 0 0 0 0 0 0 0 0 0 0 0 0 0 0 0 0 0 0 0 0 0 0 0 0 0 0 0 0 0 0 0 0 0 0 0 0 0 0 0 0 0 0 0 0 0 0 0]
[85687661820860749990592046475535936355540477309660071879403137227485279497697556971744188910926457455400468349240390149669608202739288822257688450353678295737789660424744633591882992829040611687198732655472682366734714992665263449426774082152847 0 0 0 0 0 0 0 0 0 0 0 0 0 0 0 0 0 0 0 0 0 0 0 1 0 0 0 0 0 0 0 0 0 0 0 0 0 0 0 0 0 0 0 0 0 0 0 0 0 0 0 0 0 0 0 0 0 0 0 0 0 0 0 0 0 0 0 0 0 0 0 0 0 0 0 0 0 0 0 0 0]
[113147125604484039467999513226874136238711923327412580920930811913914937570796410547391118380837184254633467605322050634434197743400096279925887917330310758990145193414745400566158689405673385487215111200581781139722861795872861901629727131749557 0 0 0 0 0 0 0 0 0 0 0 0 0 0 0 0 0 0 0 0 0 0 0 0 1 0 0 0 0 0 0 0 0 0 0 0 0 0 0 0 0 0 0 0 0 0 0 0 0 0 0 0 0 0 0 0 0 0 0 0 0 0 0 0 0 0 0 0 0 0 0 0 0 0 0 0 0 0 0 0 0]
[3320240459933522360374736655895458972329310733460371299189908898220346814361298261977996267735288811014530163434758972234649254857420552877088206412760367924427476401262843887710147566383672779744745625766449798336773273607634814611350412873106065 0 0 0 0 0 0 0 0 0 0 0 0 0 0 0 0 0 0 0 0 0 0 0 0 0 1 0 0 0 0 0 0 0 0 0 0 0 0 0 0 0 0 0 0 0 0 0 0 0 0 0 0 0 0 0 0 0 0 0 0 0 0 0 0 0 0 0 0 0 0 0 0 0 0 0 0 0 0 0 0 0]
[2682740633392167992618545468911414429861568452036326951968994555371374878128115137397365722577092422217680557722641965338978592657507827274847802616636296798289758220335505987325497594336906018737079395234156689917797913129376661737174009234372613 0 0 0 0 0 0 0 0 0 0 0 0 0 0 0 0 0 0 0 0 0 0 0 0 0 0 1 0 0 0 0 0 0 0 0 0 0 0 0 0 0 0 0 0 0 0 0 0 0 0 0 0 0 0 0 0 0 0 0 0 0 0 0 0 0 0 0 0 0 0 0 0 0 0 0 0 0 0 0 0 0]
[2907379023268864147540666747794920378199173631158327388242290377009270691911561107086133569276915059194634672193722411799473773211030281314342991120627951216185854974206070991821014860776520877077450970460527515590888337214516826415547596272649493 0 0 0 0 0 0 0 0 0 0 0 0 0 0 0 0 0 0 0 0 0 0 0 0 0 0 0 1 0 0 0 0 0 0 0 0 0 0 0 0 0 0 0 0 0 0 0 0 0 0 0 0 0 0 0 0 0 0 0 0 0 0 0 0 0 0 0 0 0 0 0 0 0 0 0 0 0 0 0 0 0]
[602479680312523749741597731936722425380923021780237271565957015257034645547016995035250833916391293119545818052315797544489814628619393720936098613575047224491068809020021817255086778427130057190940724988539813115846079513781501663003341871370679 0 0 0 0 0 0 0 0 0 0 0 0 0 0 0 0 0 0 0 0 0 0 0 0 0 0 0 0 1 0 0 0 0 0 0 0 0 0 0 0 0 0 0 0 0 0 0 0 0 0 0 0 0 0 0 0 0 0 0 0 0 0 0 0 0 0 0 0 0 0 0 0 0 0 0 0 0 0 0 0 0]
[3133169178171299389559155091564433293688025525866785180215759351941694021587049811734007322559023740973993860357303363451971095558685612957891650544590783877915528037287305009656933236389220038324465298330944615290562091355352572403750714619350082 0 0 0 0 0 0 0 0 0 0 0 0 0 0 0 0 0 0 0 0 0 0 0 0 0 0 0 0 0 1 0 0 0 0 0 0 0 0 0 0 0 0 0 0 0 0 0 0 0 0 0 0 0 0 0 0 0 0 0 0 0 0 0 0 0 0 0 0 0 0 0 0 0 0 0 0 0 0 0 0 0]
[3225281892619763677941784526214927582503623186875551857769588122882306086138443689780095267924480527031710602506787100597468791059465249046373588753955542721387550549726738498686234003213879647919996814414584142270424766776483140588739958157808207 0 0 0 0 0 0 0 0 0 0 0 0 0 0 0 0 0 0 0 0 0 0 0 0 0 0 0 0 0 0 1 0 0 0 0 0 0 0 0 0 0 0 0 0 0 0 0 0 0 0 0 0 0 0 0 0 0 0 0 0 0 0 0 0 0 0 0 0 0 0 0 0 0 0 0 0 0 0 0 0 0]
[3444508535544726376706234603854833376855228563032949676522090365215215037131376734816072993456901570571172289759796754221131882470969054766936527594469151649525357867039561402668471805090243507253748356615275786808439527446877627676064891843483054 0 0 0 0 0 0 0 0 0 0 0 0 0 0 0 0 0 0 0 0 0 0 0 0 0 0 0 0 0 0 0 1 0 0 0 0 0 0 0 0 0 0 0 0 0 0 0 0 0 0 0 0 0 0 0 0 0 0 0 0 0 0 0 0 0 0 0 0 0 0 0 0 0 0 0 0 0 0 0 0 0]
[3850338406535033973986586034495397738319966085569142800581555494848300994720299633517918255608571445847968390825442319295778275907217784190161046463074750954081418490959615160926479875623289140657598520748439048298150410679318811135476452200466244 0 0 0 0 0 0 0 0 0 0 0 0 0 0 0 0 0 0 0 0 0 0 0 0 0 0 0 0 0 0 0 0 1 0 0 0 0 0 0 0 0 0 0 0 0 0 0 0 0 0 0 0 0 0 0 0 0 0 0 0 0 0 0 0 0 0 0 0 0 0 0 0 0 0 0 0 0 0 0 0 0]
[4465089853504745836668934567829018340412797199890300776248634081504149677629703292335753683606516458232250969074597262327224666576678114351089678606043544994468129937344989184531932146695876739604792069269305017576997726714743503453291145960022042 0 0 0 0 0 0 0 0 0 0 0 0 0 0 0 0 0 0 0 0 0 0 0 0 0 0 0 0 0 0 0 0 0 1 0 0 0 0 0 0 0 0 0 0 0 0 0 0 0 0 0 0 0 0 0 0 0 0 0 0 0 0 0 0 0 0 0 0 0 0 0 0 0 0 0 0 0 0 0 0 0]
[419236704599245078225385250593531909780801067543412071982754357539512986531115664870888781114352378442405701379792163958560024471019859632653235606069236909858335381048443592772422500612501027745758439513731418440499405529112762039295051194639444 0 0 0 0 0 0 0 0 0 0 0 0 0 0 0 0 0 0 0 0 0 0 0 0 0 0 0 0 0 0 0 0 0 0 1 0 0 0 0 0 0 0 0 0 0 0 0 0 0 0 0 0 0 0 0 0 0 0 0 0 0 0 0 0 0 0 0 0 0 0 0 0 0 0 0 0 0 0 0 0 0]
[5226469030731634709425016037168724714567080145944524227136282362727154343386136086688009922207162700690632363843374399671584700333548020243341852235388666576532113644717454156871490106045907181492569023579403322641727779012700653283476508190084266 0 0 0 0 0 0 0 0 0 0 0 0 0 0 0 0 0 0 0 0 0 0 0 0 0 0 0 0 0 0 0 0 0 0 0 1 0 0 0 0 0 0 0 0 0 0 0 0 0 0 0 0 0 0 0 0 0 0 0 0 0 0 0 0 0 0 0 0 0 0 0 0 0 0 0 0 0 0 0 0 0]
[5219838540642779728801394679119176860347804483460157124715508673082040697560202056379817815989005712478017545761878271851385798141116294389497797049124742627504716770345514129376206653810669079645008565282423542554199722334401222565697606327991472 0 0 0 0 0 0 0 0 0 0 0 0 0 0 0 0 0 0 0 0 0 0 0 0 0 0 0 0 0 0 0 0 0 0 0 0 1 0 0 0 0 0 0 0 0 0 0 0 0 0 0 0 0 0 0 0 0 0 0 0 0 0 0 0 0 0 0 0 0 0 0 0 0 0 0 0 0 0 0 0 0]
[4564695349446113561633599068184976330794751139637378324346674534010727800153045233190196752477686384680226983085885295978450515293288508932118150777645663489035298899719475250481896929334103357696258086560818680724751352061486356754413908245911799 0 0 0 0 0 0 0 0 0 0 0 0 0 0 0 0 0 0 0 0 0 0 0 0 0 0 0 0 0 0 0 0 0 0 0 0 0 1 0 0 0 0 0 0 0 0 0 0 0 0 0 0 0 0 0 0 0 0 0 0 0 0 0 0 0 0 0 0 0 0 0 0 0 0 0 0 0 0 0 0 0]
[4272068374195764083562116509963947778202250789355029485943230685918854185997532078674160769564991776359578513227538555597662898282619458300116568639944051346340750013249067051484599181707812542470311535838185260004022844311969097032854653663523704 0 0 0 0 0 0 0 0 0 0 0 0 0 0 0 0 0 0 0 0 0 0 0 0 0 0 0 0 0 0 0 0 0 0 0 0 0 0 1 0 0 0 0 0 0 0 0 0 0 0 0 0 0 0 0 0 0 0 0 0 0 0 0 0 0 0 0 0 0 0 0 0 0 0 0 0 0 0 0 0 0]
[4924378143762894505676271192305801526939449236731274710212823537413171081949934163030053025240175777875129277394631044390496808767999468319057809012542755211725627710889734525195951794275686675637629580570302102178836372701428305616260461347903550 0 0 0 0 0 0 0 0 0 0 0 0 0 0 0 0 0 0 0 0 0 0 0 0 0 0 0 0 0 0 0 0 0 0 0 0 0 0 0 1 0 0 0 0 0 0 0 0 0 0 0 0 0 0 0 0 0 0 0 0 0 0 0 0 0 0 0 0 0 0 0 0 0 0 0 0 0 0 0 0 0]
[224679788841506731661294533623886141528587333907688592761881385259693589861846012132036895347728426657326952158472104729247169020482643979334866748066506498391313872714353191077442547126968227883694289635570474473719536428437697562177623212152113 0 0 0 0 0 0 0 0 0 0 0 0 0 0 0 0 0 0 0 0 0 0 0 0 0 0 0 0 0 0 0 0 0 0 0 0 0 0 0 0 1 0 0 0 0 0 0 0 0 0 0 0 0 0 0 0 0 0 0 0 0 0 0 0 0 0 0 0 0 0 0 0 0 0 0 0 0 0 0 0 0]
[2653007798556605942694400719015217317109992941013313641732205640554184847194386788717071988789041248672262037340634369921234908790529646103285548052097312313395566482517015256605772623360208393712425504808549404361716052420475284080268282674781911 0 0 0 0 0 0 0 0 0 0 0 0 0 0 0 0 0 0 0 0 0 0 0 0 0 0 0 0 0 0 0 0 0 0 0 0 0 0 0 0 0 1 0 0 0 0 0 0 0 0 0 0 0 0 0 0 0 0 0 0 0 0 0 0 0 0 0 0 0 0 0 0 0 0 0 0 0 0 0 0 0]
[2831696648322298191935704987926025508958394452550790104233593433818721490000321355624111317214275987909618640770479796662737277186856315796808399655926137293068840089364580971131228939960692060451576432174239707569185824809734529907694922408589230 0 0 0 0 0 0 0 0 0 0 0 0 0 0 0 0 0 0 0 0 0 0 0 0 0 0 0 0 0 0 0 0 0 0 0 0 0 0 0 0 0 0 1 0 0 0 0 0 0 0 0 0 0 0 0 0 0 0 0 0 0 0 0 0 0 0 0 0 0 0 0 0 0 0 0 0 0 0 0 0 0]
[2052716267298901308869156521874235738360102469530397490274773449503142525972305490369966536873736558931509478104205749248757759499372472038930379745409749396902419569412922921931624172727739963141679265080883459686513320734034652187115730483368295 0 0 0 0 0 0 0 0 0 0 0 0 0 0 0 0 0 0 0 0 0 0 0 0 0 0 0 0 0 0 0 0 0 0 0 0 0 0 0 0 0 0 0 1 0 0 0 0 0 0 0 0 0 0 0 0 0 0 0 0 0 0 0 0 0 0 0 0 0 0 0 0 0 0 0 0 0 0 0 0 0]
[2733584700628882366174575258391175416201933723018150548079701992558058813431214440549913155795547929693717324060861660470347826590682420634338883623520799901873062189753081459462121237600749159358386316862477483516651572953242381838230160493409328 0 0 0 0 0 0 0 0 0 0 0 0 0 0 0 0 0 0 0 0 0 0 0 0 0 0 0 0 0 0 0 0 0 0 0 0 0 0 0 0 0 0 0 0 1 0 0 0 0 0 0 0 0 0 0 0 0 0 0 0 0 0 0 0 0 0 0 0 0 0 0 0 0 0 0 0 0 0 0 0 0]
[151846837721877733362919155903661547800501490736349690288040138140985239518312948008755899282962418254681192896793104869220267644013208214195031226032462992341993092971391686977114614875940844794712546234091360543131933962289894447182111351883953 0 0 0 0 0 0 0 0 0 0 0 0 0 0 0 0 0 0 0 0 0 0 0 0 0 0 0 0 0 0 0 0 0 0 0 0 0 0 0 0 0 0 0 0 0 1 0 0 0 0 0 0 0 0 0 0 0 0 0 0 0 0 0 0 0 0 0 0 0 0 0 0 0 0 0 0 0 0 0 0 0]
[263155849666676945343554056547647945500431713942596530443418544396124040264058592547980861233722430209382559828416443262834063716631733819788763308545357202793421940468252478628072575302030833938396121053264749283768490956623065289404758483971565 0 0 0 0 0 0 0 0 0 0 0 0 0 0 0 0 0 0 0 0 0 0 0 0 0 0 0 0 0 0 0 0 0 0 0 0 0 0 0 0 0 0 0 0 0 0 1 0 0 0 0 0 0 0 0 0 0 0 0 0 0 0 0 0 0 0 0 0 0 0 0 0 0 0 0 0 0 0 0 0 0]
[2495009002337551796198138634764396524726595939249654998313830260867123997934017538077366683653809717178350647800027841146179409264156881189767604834540821892967315451053633080862002506855409287660530695313394036169220701535048014352101994584992195 0 0 0 0 0 0 0 0 0 0 0 0 0 0 0 0 0 0 0 0 0 0 0 0 0 0 0 0 0 0 0 0 0 0 0 0 0 0 0 0 0 0 0 0 0 0 0 1 0 0 0 0 0 0 0 0 0 0 0 0 0 0 0 0 0 0 0 0 0 0 0 0 0 0 0 0 0 0 0 0 0]
[2034329005572948937891344958310554418604932607162857420428566445513169819750009554328605112559014610422961628183722311426712480778615396237245254940016035427156317341277822523628596899928138247855225224989444659538008311159621774325850838480515397 0 0 0 0 0 0 0 0 0 0 0 0 0 0 0 0 0 0 0 0 0 0 0 0 0 0 0 0 0 0 0 0 0 0 0 0 0 0 0 0 0 0 0 0 0 0 0 0 1 0 0 0 0 0 0 0 0 0 0 0 0 0 0 0 0 0 0 0 0 0 0 0 0 0 0 0 0 0 0 0 0]
[1777802875912902336773864087870047319879987335875655735425806499450259275188497137203806723516399950635238394200466310339969338197571155990107394249291168412488346704910409132501093096508986843260874324965450598540602446999250248799908385850483810 0 0 0 0 0 0 0 0 0 0 0 0 0 0 0 0 0 0 0 0 0 0 0 0 0 0 0 0 0 0 0 0 0 0 0 0 0 0 0 0 0 0 0 0 0 0 0 0 0 1 0 0 0 0 0 0 0 0 0 0 0 0 0 0 0 0 0 0 0 0 0 0 0 0 0 0 0 0 0 0 0]
[4428424508278161638109954283612097558909682495616766433252934503648959584815046298748554941610662781584937959839171661007830908564613111327995461796986273176403075887223238789218794594268750239772781127301069490252626002337524960900703156329288383 0 0 0 0 0 0 0 0 0 0 0 0 0 0 0 0 0 0 0 0 0 0 0 0 0 0 0 0 0 0 0 0 0 0 0 0 0 0 0 0 0 0 0 0 0 0 0 0 0 0 1 0 0 0 0 0 0 0 0 0 0 0 0 0 0 0 0 0 0 0 0 0 0 0 0 0 0 0 0 0 0]
[393607932571383952459844994462788302870903722663821959558428205265490291542556831496420426383384344514628062385404416391829344536067021021147364178469453487808060297670329444485815834340704023090376815069427307517405432671488729085622360688139926 0 0 0 0 0 0 0 0 0 0 0 0 0 0 0 0 0 0 0 0 0 0 0 0 0 0 0 0 0 0 0 0 0 0 0 0 0 0 0 0 0 0 0 0 0 0 0 0 0 0 0 1 0 0 0 0 0 0 0 0 0 0 0 0 0 0 0 0 0 0 0 0 0 0 0 0 0 0 0 0 0]
[709516925861221363463388099398462648130836565110750924168074412346593674724722528519492467486921872901375535598043492473141971756107113172950381040823438704535921858123663974333028698775486611355276694573738540180086242948688160496380665887622508 0 0 0 0 0 0 0 0 0 0 0 0 0 0 0 0 0 0 0 0 0 0 0 0 0 0 0 0 0 0 0 0 0 0 0 0 0 0 0 0 0 0 0 0 0 0 0 0 0 0 0 0 1 0 0 0 0 0 0 0 0 0 0 0 0 0 0 0 0 0 0 0 0 0 0 0 0 0 0 0 0]
[1349768301135113487125460935312896201988795770485911578695708876770324612079166999943769935727070634964027070481246344091249674581311387884576518886790722410023508466725231686679616676046953367808779061256137648347375000819211229728027088200004475 0 0 0 0 0 0 0 0 0 0 0 0 0 0 0 0 0 0 0 0 0 0 0 0 0 0 0 0 0 0 0 0 0 0 0 0 0 0 0 0 0 0 0 0 0 0 0 0 0 0 0 0 0 1 0 0 0 0 0 0 0 0 0 0 0 0 0 0 0 0 0 0 0 0 0 0 0 0 0 0 0]
[153905681543872622513881115991698284636037722664560719772553344827371554121290078211726003880563148670076948449620807004923694085045951441914742029623582714975131520869629385286814602654443207827890687955224465360189814003716577525856073775924114 0 0 0 0 0 0 0 0 0 0 0 0 0 0 0 0 0 0 0 0 0 0 0 0 0 0 0 0 0 0 0 0 0 0 0 0 0 0 0 0 0 0 0 0 0 0 0 0 0 0 0 0 0 0 1 0 0 0 0 0 0 0 0 0 0 0 0 0 0 0 0 0 0 0 0 0 0 0 0 0 0]
[2854732464196901399929701917531127245755059481950835244677799932910294213941220620541356275935027743176310132490740001661938822909992276282090637286694725775556094063672740630825228731387540721624324657413321205586262912658314441074586855087964647 0 0 0 0 0 0 0 0 0 0 0 0 0 0 0 0 0 0 0 0 0 0 0 0 0 0 0 0 0 0 0 0 0 0 0 0 0 0 0 0 0 0 0 0 0 0 0 0 0 0 0 0 0 0 0 1 0 0 0 0 0 0 0 0 0 0 0 0 0 0 0 0 0 0 0 0 0 0 0 0 0]
[1883716987840039392722139514278400709264256389956778671952583995017160601889298357770133365345173033678960900456355150877018525216309524067794350707123378465823387524166712114351180836526154928630654645457640279741109205397860754168985583996280065 0 0 0 0 0 0 0 0 0 0 0 0 0 0 0 0 0 0 0 0 0 0 0 0 0 0 0 0 0 0 0 0 0 0 0 0 0 0 0 0 0 0 0 0 0 0 0 0 0 0 0 0 0 0 0 0 1 0 0 0 0 0 0 0 0 0 0 0 0 0 0 0 0 0 0 0 0 0 0 0 0]
[4319398954609991496536059774513390716492390029937117756033842693090660898129501725799441302779543089718331019309041954427339944717562440908696567975061388794156595753588581137840334333891450447403974819734468267046293678068319001483828150380729392 0 0 0 0 0 0 0 0 0 0 0 0 0 0 0 0 0 0 0 0 0 0 0 0 0 0 0 0 0 0 0 0 0 0 0 0 0 0 0 0 0 0 0 0 0 0 0 0 0 0 0 0 0 0 0 0 0 1 0 0 0 0 0 0 0 0 0 0 0 0 0 0 0 0 0 0 0 0 0 0 0]
[4883147720669599526789348703331411268571649229991731966563636386209919256793071250383126911677993157602421234797851728633470994485646352180677033695225817049702413228082545159030568316985378722429250717071530804835355557241528593194045644141948436 0 0 0 0 0 0 0 0 0 0 0 0 0 0 0 0 0 0 0 0 0 0 0 0 0 0 0 0 0 0 0 0 0 0 0 0 0 0 0 0 0 0 0 0 0 0 0 0 0 0 0 0 0 0 0 0 0 0 1 0 0 0 0 0 0 0 0 0 0 0 0 0 0 0 0 0 0 0 0 0 0]
[617304527275584702686433816540675551089620136876495048511423293116296051098814351596036041092674924468882594737041816078750125676519622813739409856148295221990774543891636977350915624406647926829587360699950879828218547154373247427065592037238763 0 0 0 0 0 0 0 0 0 0 0 0 0 0 0 0 0 0 0 0 0 0 0 0 0 0 0 0 0 0 0 0 0 0 0 0 0 0 0 0 0 0 0 0 0 0 0 0 0 0 0 0 0 0 0 0 0 0 0 1 0 0 0 0 0 0 0 0 0 0 0 0 0 0 0 0 0 0 0 0 0]
[5003947268671185558942206790989746150765589967890176696343025923306712856646438191817880839348400729821482458203596649348311352003485950529816280888142405510786883770386086166515621766475059335740052312333889704202132186646740231465563084052102037 0 0 0 0 0 0 0 0 0 0 0 0 0 0 0 0 0 0 0 0 0 0 0 0 0 0 0 0 0 0 0 0 0 0 0 0 0 0 0 0 0 0 0 0 0 0 0 0 0 0 0 0 0 0 0 0 0 0 0 0 1 0 0 0 0 0 0 0 0 0 0 0 0 0 0 0 0 0 0 0 0]
[542195550869329437385467667821592308908968202865465902531584988876785827449502394208002210927693940008881057522021104522173503684377210312294696285187207038197180199915553433770965965044087819291946237194311230032271400107644624750753752001457384 0 0 0 0 0 0 0 0 0 0 0 0 0 0 0 0 0 0 0 0 0 0 0 0 0 0 0 0 0 0 0 0 0 0 0 0 0 0 0 0 0 0 0 0 0 0 0 0 0 0 0 0 0 0 0 0 0 0 0 0 0 1 0 0 0 0 0 0 0 0 0 0 0 0 0 0 0 0 0 0 0]
[671175829156894321990025214648423324432512496913007614300263484231558526658959679414261578159686102192116211645861264755541765773041025622081680362371824054307352285950536676483123055720588217418092369870332141992817771269349123789715961960845592 0 0 0 0 0 0 0 0 0 0 0 0 0 0 0 0 0 0 0 0 0 0 0 0 0 0 0 0 0 0 0 0 0 0 0 0 0 0 0 0 0 0 0 0 0 0 0 0 0 0 0 0 0 0 0 0 0 0 0 0 0 0 1 0 0 0 0 0 0 0 0 0 0 0 0 0 0 0 0 0 0]
[960923000485164415753560849917757789880134356107541172937453666940776472883811106415210279339571275891253613773565842660595499296764239323777196376168134288055284961087642890495307539344081931844711460782736749668124973993466342060505679953271686 0 0 0 0 0 0 0 0 0 0 0 0 0 0 0 0 0 0 0 0 0 0 0 0 0 0 0 0 0 0 0 0 0 0 0 0 0 0 0 0 0 0 0 0 0 0 0 0 0 0 0 0 0 0 0 0 0 0 0 0 0 0 0 1 0 0 0 0 0 0 0 0 0 0 0 0 0 0 0 0 0]
[1525190546862169811820333220520920189577022454252665655418710587328704106758696100176463149032480349509261820339262063085375344264703301888479973073868111876475120222004864404815403035538873355993194864219029542749130487776045048883005015965673941 0 0 0 0 0 0 0 0 0 0 0 0 0 0 0 0 0 0 0 0 0 0 0 0 0 0 0 0 0 0 0 0 0 0 0 0 0 0 0 0 0 0 0 0 0 0 0 0 0 0 0 0 0 0 0 0 0 0 0 0 0 0 0 0 1 0 0 0 0 0 0 0 0 0 0 0 0 0 0 0 0]
[1704325578256414463748199310799476693108213518954035688191961737891881833584264038848123605536547067480382124255499015704539082292037150165627206666229090288568358538207199492404673489908242872720158951462638198693124891642548616796197798135749353 0 0 0 0 0 0 0 0 0 0 0 0 0 0 0 0 0 0 0 0 0 0 0 0 0 0 0 0 0 0 0 0 0 0 0 0 0 0 0 0 0 0 0 0 0 0 0 0 0 0 0 0 0 0 0 0 0 0 0 0 0 0 0 0 0 1 0 0 0 0 0 0 0 0 0 0 0 0 0 0 0]
[5129529265979239851410515315175286117837434030514180443473939730591248970674247119334135206808951195011592645078340737525660739664025769296786740015564869826050797945121429856391554897911213353122414651601633068360796195957404979107538303240138985 0 0 0 0 0 0 0 0 0 0 0 0 0 0 0 0 0 0 0 0 0 0 0 0 0 0 0 0 0 0 0 0 0 0 0 0 0 0 0 0 0 0 0 0 0 0 0 0 0 0 0 0 0 0 0 0 0 0 0 0 0 0 0 0 0 0 1 0 0 0 0 0 0 0 0 0 0 0 0 0 0]
[1705268456434304078492863489597363883490768394556159878024325064789080161255881865787300511616795579077242715661670484461687618906528598128607135600763526142074878942141906542146595761340407323536488655780621443220603237346868107708725724627239471 0 0 0 0 0 0 0 0 0 0 0 0 0 0 0 0 0 0 0 0 0 0 0 0 0 0 0 0 0 0 0 0 0 0 0 0 0 0 0 0 0 0 0 0 0 0 0 0 0 0 0 0 0 0 0 0 0 0 0 0 0 0 0 0 0 0 0 1 0 0 0 0 0 0 0 0 0 0 0 0 0]
[1088896611171103756921527681100360205752075049607689390993223753207431640702555200832676732154664116688922037536544147101093580930610555080878324435159351835059443314226466718227222994284039228557394820281407251646210823884004862076183887806603040 0 0 0 0 0 0 0 0 0 0 0 0 0 0 0 0 0 0 0 0 0 0 0 0 0 0 0 0 0 0 0 0 0 0 0 0 0 0 0 0 0 0 0 0 0 0 0 0 0 0 0 0 0 0 0 0 0 0 0 0 0 0 0 0 0 0 0 0 1 0 0 0 0 0 0 0 0 0 0 0 0]
[3112737233391268283770518249446057105885013466414030316585068530298366242452962218536114134551560283562637814247847263038844569407916784245926906307302245705421483061632740118447393579619849488081573792505152217830721307534818225725159647964857043 0 0 0 0 0 0 0 0 0 0 0 0 0 0 0 0 0 0 0 0 0 0 0 0 0 0 0 0 0 0 0 0 0 0 0 0 0 0 0 0 0 0 0 0 0 0 0 0 0 0 0 0 0 0 0 0 0 0 0 0 0 0 0 0 0 0 0 0 0 1 0 0 0 0 0 0 0 0 0 0 0]
[3493063821009598415068195557293152920123125340979200283238045110688259940292389310125572837399987502807586390257803889692682990549790834762416143131762553847966457522600704990644380642202479956464235783847791866982305707116985077348658899253915024 0 0 0 0 0 0 0 0 0 0 0 0 0 0 0 0 0 0 0 0 0 0 0 0 0 0 0 0 0 0 0 0 0 0 0 0 0 0 0 0 0 0 0 0 0 0 0 0 0 0 0 0 0 0 0 0 0 0 0 0 0 0 0 0 0 0 0 0 0 0 1 0 0 0 0 0 0 0 0 0 0]
[5059194148760682175996196351569047084300112607788136791039810757308416612181282525914518126302472225551703696049224333828387460828164661459056802142168502503041835824085633209624735171480457392453934004521029650870100464454063848490619578217651827 0 0 0 0 0 0 0 0 0 0 0 0 0 0 0 0 0 0 0 0 0 0 0 0 0 0 0 0 0 0 0 0 0 0 0 0 0 0 0 0 0 0 0 0 0 0 0 0 0 0 0 0 0 0 0 0 0 0 0 0 0 0 0 0 0 0 0 0 0 0 0 1 0 0 0 0 0 0 0 0 0]
[74967888041590884613294142596309817034836256126688395979051433290741255397783699952533013973378795136273479529767002563546710714758136749800332988604681655630179527908775530303418390361206438010687239462453023644237229255789083136094082420171943 0 0 0 0 0 0 0 0 0 0 0 0 0 0 0 0 0 0 0 0 0 0 0 0 0 0 0 0 0 0 0 0 0 0 0 0 0 0 0 0 0 0 0 0 0 0 0 0 0 0 0 0 0 0 0 0 0 0 0 0 0 0 0 0 0 0 0 0 0 0 0 0 1 0 0 0 0 0 0 0 0]
[2699797998771495585008320086779120356772090605020481438148820053179734514222769029982359248579566197293475219199914056228800951542586943677534503307035844037719857263302252217871665674352264142892637242921880098719601868553923600064515387354751156 0 0 0 0 0 0 0 0 0 0 0 0 0 0 0 0 0 0 0 0 0 0 0 0 0 0 0 0 0 0 0 0 0 0 0 0 0 0 0 0 0 0 0 0 0 0 0 0 0 0 0 0 0 0 0 0 0 0 0 0 0 0 0 0 0 0 0 0 0 0 0 0 0 1 0 0 0 0 0 0 0]
[2309854164885538796608960160919362218565115520115061215035783993895784095837684517760912217525582001421995922866107807015128614552672758373976774415495083695061702649823976187859834567527247322263966977245559284459167641063706940462815629661291732 0 0 0 0 0 0 0 0 0 0 0 0 0 0 0 0 0 0 0 0 0 0 0 0 0 0 0 0 0 0 0 0 0 0 0 0 0 0 0 0 0 0 0 0 0 0 0 0 0 0 0 0 0 0 0 0 0 0 0 0 0 0 0 0 0 0 0 0 0 0 0 0 0 0 1 0 0 0 0 0 0]
[1640615079752561219372019387807886205771949911425786072503473486171288057338461182089060747906800051315310372504546416783351839355992235219200430078580692824765433561981519710780854369250434096915463869876231588998564854181517018795216831876116316 0 0 0 0 0 0 0 0 0 0 0 0 0 0 0 0 0 0 0 0 0 0 0 0 0 0 0 0 0 0 0 0 0 0 0 0 0 0 0 0 0 0 0 0 0 0 0 0 0 0 0 0 0 0 0 0 0 0 0 0 0 0 0 0 0 0 0 0 0 0 0 0 0 0 0 1 0 0 0 0 0]
[3868806334449085852153501288853604948662023916398502737795392526270125397486213976572062422008777897103077578002269033205638489252255157144327411603513104390117178351870450685318366796666703361098106782159813157984685652072666225400057140703925972 0 0 0 0 0 0 0 0 0 0 0 0 0 0 0 0 0 0 0 0 0 0 0 0 0 0 0 0 0 0 0 0 0 0 0 0 0 0 0 0 0 0 0 0 0 0 0 0 0 0 0 0 0 0 0 0 0 0 0 0 0 0 0 0 0 0 0 0 0 0 0 0 0 0 0 0 1 0 0 0 0]
[3503380060287339336764415803805887647587672304650854975727790977301842124090279527789986140946848959486710123741938080871613493162677644003082667598969647948855779824220192273724565975869735508801634005475334985765896597417264613031525629722741819 0 0 0 0 0 0 0 0 0 0 0 0 0 0 0 0 0 0 0 0 0 0 0 0 0 0 0 0 0 0 0 0 0 0 0 0 0 0 0 0 0 0 0 0 0 0 0 0 0 0 0 0 0 0 0 0 0 0 0 0 0 0 0 0 0 0 0 0 0 0 0 0 0 0 0 0 0 1 0 0 0]
[2017965186174561915337864825817372447678769347865396817659406361498775309938805324512377410198764650278397227696725638176484985452706909138284931934580019712894988102663334362532157234263386371558145923807481569507870023758771652987992863058902649 0 0 0 0 0 0 0 0 0 0 0 0 0 0 0 0 0 0 0 0 0 0 0 0 0 0 0 0 0 0 0 0 0 0 0 0 0 0 0 0 0 0 0 0 0 0 0 0 0 0 0 0 0 0 0 0 0 0 0 0 0 0 0 0 0 0 0 0 0 0 0 0 0 0 0 0 0 0 1 0 0]
[1691144236196313107495433229313447223131803315949423731958644932924009798620309861425821647284321629060168735950437267128273984891672709124586128337986417894077319578533699978008004596414688799017979700536736383690804707410547114557151776733000146 0 0 0 0 0 0 0 0 0 0 0 0 0 0 0 0 0 0 0 0 0 0 0 0 0 0 0 0 0 0 0 0 0 0 0 0 0 0 0 0 0 0 0 0 0 0 0 0 0 0 0 0 0 0 0 0 0 0 0 0 0 0 0 0 0 0 0 0 0 0 0 0 0 0 0 0 0 0 0 1 0]
[4865581892180805007711802695817387927596632130928052970033506630822681387676530418846788809302737044964244081462097722433714827502809469563089890538131921063899054810423057280697762390789748517486715111173207988945883637356260755352905843084510759 0 0 0 0 0 0 0 0 0 0 0 0 0 0 0 0 0 0 0 0 0 0 0 0 0 0 0 0 0 0 0 0 0 0 0 0 0 0 0 0 0 0 0 0 0 0 0 0 0 0 0 0 0 0 0 0 0 0 0 0 0 0 0 0 0 0 0 0 0 0 0 0 0 0 0 0 0 0 0 0 1]
]
82 83 6
[1 1 1 1 1 1 1 1 1 1 1 1 1 1 1 1 1 1 1 1 1 1 1 1 1 1 1 1 1 1 1 1 1 1 1 1 1 1 1 1 1 1 1 1 1 1 1 1 1 1 1 1 1 1 1 1 1 1 1 1 1 1 1 1 1 1 1 1 1 1 1 1 1 1 1 1 1 1 1 1 1 1 1]
