[[3733087648992868108553590072880938130811334489281878945867423721093138206710763589144728495135623267730024531997089552750114708340139358595403972063349322048267859042072519609555570383279821803061656889245670331999061770232066965129660785179856471 0 0 0 0 0 0 0 0 0 0 0 0 0 0 0 0 0 0 0 0 0 0 0 0 0 0 0 0 0 0 0 0 0 0 0 0 0 0 0 0 0 0 0 0 0 0 0 0 0 0 0 0 0 0 0 0 0 0 0 0 0 0 0 0 0 0 0 0 0 0 0 0 0 0 0 0 0 0 0 0 0]
[112875424918615561755863930858619005766857167544100066182000732921819593056641179339086581017680221580757971598731167038630635849721906200393662279895841463749346198024192047871667046710880659587335058382711338889500302258545107963316853056673851 1 0 0 0 0 0 0 0 0 0 0 0 0 0 0 0 0 0 0 0 0 0 0 0 0 0 0 0 0 0 0 0 0 0 0 0 0 0 0 0 0 0 0 0 0 0 0 0 0 0 0 0 0 0 0 0 0 0 0 0 0 0 0 0 0 0 0 0 0 0 0 0 0 0 0 0 0 0 0 0 0]
[2286265879894420222428753050690152959483853367949695671472176624976501164548359244783781247737643165504747762698899804842854883265426831914556397588153680511516625490215147279154538073730327597874706493616509643567334535435068213607562733233550545 0 1 0 0 0 0 0 0 0 0 0 0 0 0 0 0 0 0 0 0 0 0 0 0 0 0 0 0 0 0 0 0 0 0 0 0 0 0 0 0 0 0 0 0 0 0 0 0 0 0 0 0 0 0 0 0 0 0 0 0 0 0 0 0 0 0 0 0 0 0 0 0 0 0 0 0 0 0 0 0 0]
[3691373728423877709840602124532400573543516360898512652379544610263702212394031100446583417248936942640219964618186461432860198915442216204037569757992155677954771852854927238985209086394352360055965127688997735483015158420954699690647788959032299 0 0 1 0 0 0 0 0 0 0 0 0 0 0 0 0 0 0 0 0 0 0 0 0 0 0 0 0 0 0 0 0 0 0 0 0 0 0 0 0 0 0 0 0 0 0 0 0 0 0 0 0 0 0 0 0 0 0 0 0 0 0 0 0 0 0 0 0 0 0 0 0 0 0 0 0 0 0 0 0 0]
[404969255212727086133492728223824243827299704376316845455316386314492578424854891729352249205949073288860458581374205637856583191294912810377129741833460834711320532257032257553049378523725188413275593552620901252370355084684224896566051211056492 0 0 0 1 0 0 0 0 0 0 0 0 0 0 0 0 0 0 0 0 0 0 0 0 0 0 0 0 0 0 0 0 0 0 0 0 0 0 0 0 0 0 0 0 0 0 0 0 0 0 0 0 0 0 0 0 0 0 0 0 0 0 0 0 0 0 0 0 0 0 0 0 0 0 0 0 0 0 0 0 0]
[3346763796550151945066388436557808439131867656918407845194239883199792465060245772847226015293972446666481667542863222457786141445295310642893775627587713015891865820313535118795093794343737103215853935948379281644795381687117162186019562887315771 0 0 0 0 1 0 0 0 0 0 0 0 0 0 0 0 0 0 0 0 0 0 0 0 0 0 0 0 0 0 0 0 0 0 0 0 0 0 0 0 0 0 0 0 0 0 0 0 0 0 0 0 0 0 0 0 0 0 0 0 0 0 0 0 0 0 0 0 0 0 0 0 0 0 0 0 0 0 0 0 0]
[2357885751679025730545553031254934627089431132008616866689920908135870806234577532903076440821480384121228737578624554725700728198436326328668695106569508631609074754960536887886120907405221857398255510494495859907355854235457902174802256424061589 0 0 0 0 0 1 0 0 0 0 0 0 0 0 0 0 0 0 0 0 0 0 0 0 0 0 0 0 0 0 0 0 0 0 0 0 0 0 0 0 0 0 0 0 0 0 0 0 0 0 0 0 0 0 0 0 0 0 0 0 0 0 0 0 0 0 0 0 0 0 0 0 0 0 0 0 0 0 0 0 0]
[242264230759203507640499713270190795410089472160074020504792963462333835939102875520930635968821097840276351688214745363021798809569750220014225607599836986059046078541415682632107108611373502657564411751105436344714435782842580097450697375485374 0 0 0 0 0 0 1 0 0 0 0 0 0 0 0 0 0 0 0 0 0 0 0 0 0 0 0 0 0 0 0 0 0 0 0 0 0 0 0 0 0 0 0 0 0 0 0 0 0 0 0 0 0 0 0 0 0 0 0 0 0 0 0 0 0 0 0 0 0 0 0 0 0 0 0 0 0 0 0 0 0]
[3732166802156020372132725701805554248596660049819664358576449005569330720649958929567790426215127812957985397538250649695670868424560805246082208662766111295961954191710535429303278353014831258300521207573871912617296708838416283648788250190104287 0 0 0 0 0 0 0 1 0 0 0 0 0 0 0 0 0 0 0 0 0 0 0 0 0 0 0 0 0 0 0 0 0 0 0 0 0 0 0 0 0 0 0 0 0 0 0 0 0 0 0 0 0 0 0 0 0 0 0 0 0 0 0 0 0 0 0 0 0 0 0 0 0 0 0 0 0 0 0 0 0]
[1966915241951258758626319311950835457531918173729056273799542117791940454717774729946083227595787790139494167067528904968488493269270830494285226947507709563681035906671049549594858645116298164550778081928024262706218531357375759774723849427528466 0 0 0 0 0 0 0 0 1 0 0 0 0 0 0 0 0 0 0 0 0 0 0 0 0 0 0 0 0 0 0 0 0 0 0 0 0 0 0 0 0 0 0 0 0 0 0 0 0 0 0 0 0 0 0 0 0 0 0 0 0 0 0 0 0 0 0 0 0 0 0 0 0 0 0 0 0 0 0 0 0]
[3673810607338764070247265073411387630329189276155796759464162588682747277709503212738728642068584993874155490790641008656434988153618759570485040533025650777356986150535038238070214801539874511349134837177255923761853953108368410880380697543876320 0 0 0 0 0 0 0 0 0 1 0 0 0 0 0 0 0 0 0 0 0 0 0 0 0 0 0 0 0 0 0 0 0 0 0 0 0 0 0 0 0 0 0 0 0 0 0 0 0 0 0 0 0 0 0 0 0 0 0 0 0 0 0 0 0 0 0 0 0 0 0 0 0 0 0 0 0 0 0 0 0]
[409127163764283106342803876666077106358615606523146128020602659029580176455302726160840249785040202608796481915497593405331757227846780342460370252745639764180980519853115890787325159650002825583850227106602107843737092189097855308963030854236688 0 0 0 0 0 0 0 0 0 0 1 0 0 0 0 0 0 0 0 0 0 0 0 0 0 0 0 0 0 0 0 0 0 0 0 0 0 0 0 0 0 0 0 0 0 0 0 0 0 0 0 0 0 0 0 0 0 0 0 0 0 0 0 0 0 0 0 0 0 0 0 0 0 0 0 0 0 0 0 0 0]
[2445475190363349228807860793565317463949216367237913137534302732954269009953894022679772403470294987716729775974811735638801668670089408086069465327857832785452811556927303489859760506892762406873103970711803505369003572534461762902059974084157014 0 0 0 0 0 0 0 0 0 0 0 1 0 0 0 0 0 0 0 0 0 0 0 0 0 0 0 0 0 0 0 0 0 0 0 0 0 0 0 0 0 0 0 0 0 0 0 0 0 0 0 0 0 0 0 0 0 0 0 0 0 0 0 0 0 0 0 0 0 0 0 0 0 0 0 0 0 0 0 0 0]
[2944969415606407107063158809784698543879898045500229735742422229736736342891092777354769310006688705078556398094615460191750267633534949783617024297854448560036188288358221299373046337706424001936347813498432858935818771181370791095780379678510359 0 0 0 0 0 0 0 0 0 0 0 0 1 0 0 0 0 0 0 0 0 0 0 0 0 0 0 0 0 0 0 0 0 0 0 0 0 0 0 0 0 0 0 0 0 0 0 0 0 0 0 0 0 0 0 0 0 0 0 0 0 0 0 0 0 0 0 0 0 0 0 0 0 0 0 0 0 0 0 0 0]
[2152108967404367007732964607838163827072096268011259242548852747104390964923963180778943908672771159688957728951094397309334688055745247517909161324962731994936834482801364100531497293958051279722487304033742139906307936089570936797132232242708395 0 0 0 0 0 0 0 0 0 0 0 0 0 1 0 0 0 0 0 0 0 0 0 0 0 0 0 0 0 0 0 0 0 0 0 0 0 0 0 0 0 0 0 0 0 0 0 0 0 0 0 0 0 0 0 0 0 0 0 0 0 0 0 0 0 0 0 0 0 0 0 0 0 0 0 0 0 0 0 0 0]
[3691861708703081115154661977063955999469185453470748149645770127554537490998048251279980152052376085752980934572453405135467447324362508324547870775073604435024703371114195566587700867516670720941214666453537727219226390753945158471139216880935599 0 0 0 0 0 0 0 0 0 0 0 0 0 0 1 0 0 0 0 0 0 0 0 0 0 0 0 0 0 0 0 0 0 0 0 0 0 0 0 0 0 0 0 0 0 0 0 0 0 0 0 0 0 0 0 0 0 0 0 0 0 0 0 0 0 0 0 0 0 0 0 0 0 0 0 0 0 0 0 0 0]
[262419700265681211641229895254398976395589199740569478478886034463150291468387226742512446692160118626504910974358806281919372366032846748858510386405166306735189714677225467420641276773139286224222628653427526016667080621454097270036153668604980 0 0 0 0 0 0 0 0 0 0 0 0 0 0 0 1 0 0 0 0 0 0 0 0 0 0 0 0 0 0 0 0 0 0 0 0 0 0 0 0 0 0 0 0 0 0 0 0 0 0 0 0 0 0 0 0 0 0 0 0 0 0 0 0 0 0 0 0 0 0 0 0 0 0 0 0 0 0 0 0 0]
[904675120669481874418822269217892913684162191078474697041931054285052294144859107689970919139580116912108352639804331568132180810039872108984319743702045624594053988928429375364675843392125858106636885376301846026202721360500881008868595033140597 0 0 0 0 0 0 0 0 0 0 0 0 0 0 0 0 1 0 0 0 0 0 0 0 0 0 0 0 0 0 0 0 0 0 0 0 0 0 0 0 0 0 0 0 0 0 0 0 0 0 0 0 0 0 0 0 0 0 0 0 0 0 0 0 0 0 0 0 0 0 0 0 0 0 0 0 0 0 0 0 0]
[3219048265435159259514116552154107303519423315803167993588392817271229899608416868606266599523346461048692083334338761679744702369765771924849661923828644581247445031254685357177580352265172875402322901994064556289673364370591818402046158783251682 0 0 0 0 0 0 0 0 0 0 0 0 0 0 0 0 0 1 0 0 0 0 0 0 0 0 0 0 0 0 0 0 0 0 0 0 0 0 0 0 0 0 0 0 0 0 0 0 0 0 0 0 0 0 0 0 0 0 0 0 0 0 0 0 0 0 0 0 0 0 0 0 0 0 0 0 0 0 0 0 0]
[2286129656165567616837699993626748914401841987703410897040094609710087072818411016940408179986422203974972061550911157266903276423311245058050721881524293320279875498623972557440181616160214898576124448309663962244765956340210531445577061713456183 0 0 0 0 0 0 0 0 0 0 0 0 0 0 0 0 0 0 1 0 0 0 0 0 0 0 0 0 0 0 0 0 0 0 0 0 0 0 0 0 0 0 0 0 0 0 0 0 0 0 0 0 0 0 0 0 0 0 0 0 0 0 0 0 0 0 0 0 0 0 0 0 0 0 0 0 0 0 0 0 0]
[1553869950254696151454874929930414683293717487999574613501552996899826737889676759595858062703495130203272053218564075287599982333244311766770565313101526112860142648136027804904212546513558431317326427181475008620036628008092442077589109806799345 0 0 0 0 0 0 0 0 0 0 0 0 0 0 0 0 0 0 0 1 0 0 0 0 0 0 0 0 0 0 0 0 0 0 0 0 0 0 0 0 0 0 0 0 0 0 0 0 0 0 0 0 0 0 0 0 0 0 0 0 0 0 0 0 0 0 0 0 0 0 0 0 0 0 0 0 0 0 0 0 0]
[2300939888067810993567922264917506139998083982415447691778251033994063098767670969967089812906295558216875326528447759174063177316100707481223511305444840289911363279061167473087422269840750441931807473020618717078812671032159410894038338316103663 0 0 0 0 0 0 0 0 0 0 0 0 0 0 0 0 0 0 0 0 1 0 0 0 0 0 0 0 0 0 0 0 0 0 0 0 0 0 0 0 0 0 0 0 0 0 0 0 0 0 0 0 0 0 0 0 0 0 0 0 0 0 0 0 0 0 0 0 0 0 0 0 0 0 0 0 0 0 0 0 0]
[3165186552792842750390802127205741403391038348616397229506411217306321041766322798136710190844913928438728794450939460850598244174126932071478354730725091547590040536081525622349470947282709883806358319768847968200551898674300427651308034366733715 0 0 0 0 0 0 0 0 0 0 0 0 0 0 0 0 0 0 0 0 0 1 0 0 0 0 0 0 0 0 0 0 0 0 0 0 0 0 0 0 0 0 0 0 0 0 0 0 0 0 0 0 0 0 0 0 0 0 0 0 0 0 0 0 0 0 0 0 0 0 0 0 0 0 0 0 0 0 0 0 0]
[258283604493479024101976553922927885073084234475180023819148736474619127400544007723477643571318695305014704854539823278363088493473269718738760320924658311529899095891989082337358826634807333602684476489116384304567755884935133543007164366431990 0 0 0 0 0 0 0 0 0 0 0 0 0 0 0 0 0 0 0 0 0 0 1 0 0 0 0 0 0 0 0 0 0 0 0 0 0 0 0 0 0 0 0 0 0 0 0 0 0 0 0 0 0 0 0 0 0 0 0 0 0 0 0 0 0 0 0 0 0 0 0 0 0 0 0 0 0 0 0 0 0]
[2149277809516440506884527490008463766477883107069697473510866827357263009644611877786801185607949617211587849004037027063672317365796433725517605405354602724217793350948479183663500635692984597839295213118295775224093790397308710921072340015383897 0 0 0 0 0 0 0 0 0 0 0 0 0 0 0 0 0 0 0 0 0 0 0 1 0 0 0 0 0 0 0 0 0 0 0 0 0 0 0 0 0 0 0 0 0 0 0 0 0 0 0 0 0 0 0 0 0 0 0 0 0 0 0 0 0 0 0 0 0 0 0 0 0 0 0 0 0 0 0 0 0]
[537039557572151438945255002120852286760208808726342043189106445232913134707338238373630664875276418474883159670453309726091668427797134927646791467124957130638348975920569052383281374830678426985078872694856415923987467212178287425871269812780294 0 0 0 0 0 0 0 0 0 0 0 0 0 0 0 0 0 0 0 0 0 0 0 0 1 0 0 0 0 0 0 0 0 0 0 0 0 0 0 0 0 0 0 0 0 0 0 0 0 0 0 0 0 0 0 0 0 0 0 0 0 0 0 0 0 0 0 0 0 0 0 0 0 0 0 0 0 0 0 0 0]
[381648730335401941498083637449018589422843895084769426764712796869089899843679034470306618528192573808502574244640440529673354266693502360124559658599046547269525573611842964334380718546313127176023625548088719013468994084021559472543831535158717 0 0 0 0 0 0 0 0 0 0 0 0 0 0 0 0 0 0 0 0 0 0 0 0 0 1 0 0 0 0 0 0 0 0 0 0 0 0 0 0 0 0 0 0 0 0 0 0 0 0 0 0 0 0 0 0 0 0 0 0 0 0 0 0 0 0 0 0 0 0 0 0 0 0 0 0 0 0 0 0 0]
[2543357465228856947357991965219927535564151204480898637691844229570132372192782881049907169684721267205928735526517982326879735512247233061518444705625415580110926002434498922214614962376500399400093104435313759664732619505005997069605096430600 0 0 0 0 0 0 0 0 0 0 0 0 0 0 0 0 0 0 0 0 0 0 0 0 0 0 1 0 0 0 0 0 0 0 0 0 0 0 0 0 0 0 0 0 0 0 0 0 0 0 0 0 0 0 0 0 0 0 0 0 0 0 0 0 0 0 0 0 0 0 0 0 0 0 0 0 0 0 0 0 0]
[1788573398897721006144971470180197231987193825842245382778108029582936309227617952719362707904579230573284567941933575488759404683939271575663027953135785270974298591868037760993409934450071689731910897278716575268207414556474963288763296418086820 0 0 0 0 0 0 0 0 0 0 0 0 0 0 0 0 0 0 0 0 0 0 0 0 0 0 0 1 0 0 0 0 0 0 0 0 0 0 0 0 0 0 0 0 0 0 0 0 0 0 0 0 0 0 0 0 0 0 0 0 0 0 0 0 0 0 0 0 0 0 0 0 0 0 0 0 0 0 0 0 0]
[2933901297247201943488924747677951492926855154418016397899282006044578239936255014390098420394120954301603224796078676740362790544410050987529201012190959546522828360243685682947916841308347218369051968679278180623507996387074981485679723227680731 0 0 0 0 0 0 0 0 0 0 0 0 0 0 0 0 0 0 0 0 0 0 0 0 0 0 0 0 1 0 0 0 0 0 0 0 0 0 0 0 0 0 0 0 0 0 0 0 0 0 0 0 0 0 0 0 0 0 0 0 0 0 0 0 0 0 0 0 0 0 0 0 0 0 0 0 0 0 0 0 0]
[1191681384547303382271933503002636912186879668922106718166606717100649639637173678138197530858024258308104358731965414370667859763757226563373114350183358841341475945523058639140106498788534696513990023903741777220708170587141716635434355980327818 0 0 0 0 0 0 0 0 0 0 0 0 0 0 0 0 0 0 0 0 0 0 0 0 0 0 0 0 0 1 0 0 0 0 0 0 0 0 0 0 0 0 0 0 0 0 0 0 0 0 0 0 0 0 0 0 0 0 0 0 0 0 0 0 0 0 0 0 0 0 0 0 0 0 0 0 0 0 0 0 0]
[1187199044659512336229952975220211092448766211919069265440042637082217004219942774374706879616917662746620986186296634957040478335636070910647594192155698917439063818697014622284138421087567030620057546472300583425194919764063313365469102199111283 0 0 0 0 0 0 0 0 0 0 0 0 0 0 0 0 0 0 0 0 0 0 0 0 0 0 0 0 0 0 1 0 0 0 0 0 0 0 0 0 0 0 0 0 0 0 0 0 0 0 0 0 0 0 0 0 0 0 0 0 0 0 0 0 0 0 0 0 0 0 0 0 0 0 0 0 0 0 0 0 0]
[1111288776105573432255395029289635090556236386186517808814792922707236742988397204362074210749575836903228421143793990484683389755944073716236983990658883738087706536471159181099825008907977003451120057041442337484045066112003027947804582416884427 0 0 0 0 0 0 0 0 0 0 0 0 0 0 0 0 0 0 0 0 0 0 0 0 0 0 0 0 0 0 0 1 0 0 0 0 0 0 0 0 0 0 0 0 0 0 0 0 0 0 0 0 0 0 0 0 0 0 0 0 0 0 0 0 0 0 0 0 0 0 0 0 0 0 0 0 0 0 0 0 0]
[1982210147706406359743535122265707424376088078692081101284917518023276281721321319779819985750217330958021857163177259552049936099111767638201724898995109054064818347856990882523768809192888605418822539480597151400774616521843645290891746189342022 0 0 0 0 0 0 0 0 0 0 0 0 0 0 0 0 0 0 0 0 0 0 0 0 0 0 0 0 0 0 0 0 1 0 0 0 0 0 0 0 0 0 0 0 0 0 0 0 0 0 0 0 0 0 0 0 0 0 0 0 0 0 0 0 0 0 0 0 0 0 0 0 0 0 0 0 0 0 0 0 0]
[711269681561808658899736703026064959784858807177600279035890016622539021064255097972588051448335132530032099139130320016900807256104179531512289114776877265640006833782627609856892975800615390749157826046470318120744261404391183712165122391768051 0 0 0 0 0 0 0 0 0 0 0 0 0 0 0 0 0 0 0 0 0 0 0 0 0 0 0 0 0 0 0 0 0 1 0 0 0 0 0 0 0 0 0 0 0 0 0 0 0 0 0 0 0 0 0 0 0 0 0 0 0 0 0 0 0 0 0 0 0 0 0 0 0 0 0 0 0 0 0 0 0]
[1069275417754828134883192045481431036588500063120427141553636963040515080212857929721928113293878292937270973264344914747067202107954918863782477606206821974221935309885823370766177381962690133494466660730622528328616433358631096563050155786327463 0 0 0 0 0 0 0 0 0 0 0 0 0 0 0 0 0 0 0 0 0 0 0 0 0 0 0 0 0 0 0 0 0 0 1 0 0 0 0 0 0 0 0 0 0 0 0 0 0 0 0 0 0 0 0 0 0 0 0 0 0 0 0 0 0 0 0 0 0 0 0 0 0 0 0 0 0 0 0 0 0]
[3307932057162790423648487681283234115737107165433867353294451089805283018004668530263006947904115587216120211308155799488408082728646761436171043835598474726707566802763278209487994446529715728727330394972709657780950302670561642077471369805857208 0 0 0 0 0 0 0 0 0 0 0 0 0 0 0 0 0 0 0 0 0 0 0 0 0 0 0 0 0 0 0 0 0 0 0 1 0 0 0 0 0 0 0 0 0 0 0 0 0 0 0 0 0 0 0 0 0 0 0 0 0 0 0 0 0 0 0 0 0 0 0 0 0 0 0 0 0 0 0 0 0]
[3664928115221802867651340133919230026931605427172482648444209625950657060613443134420725943542861151185973225473362186532009441659122201918862926478540163920043319898317876830294166720422332391643374053821773862844485697090825757167136621151659599 0 0 0 0 0 0 0 0 0 0 0 0 0 0 0 0 0 0 0 0 0 0 0 0 0 0 0 0 0 0 0 0 0 0 0 0 1 0 0 0 0 0 0 0 0 0 0 0 0 0 0 0 0 0 0 0 0 0 0 0 0 0 0 0 0 0 0 0 0 0 0 0 0 0 0 0 0 0 0 0 0]
[1018341961055909759456855352828747558533101198959187208803428084548362637804398533970558043543392669283287697301673320305258888226838930459420786561969339437897021379030934921209674261301265138963629396758230770484470345476162110677601219518761658 0 0 0 0 0 0 0 0 0 0 0 0 0 0 0 0 0 0 0 0 0 0 0 0 0 0 0 0 0 0 0 0 0 0 0 0 0 1 0 0 0 0 0 0 0 0 0 0 0 0 0 0 0 0 0 0 0 0 0 0 0 0 0 0 0 0 0 0 0 0 0 0 0 0 0 0 0 0 0 0 0]
[1803630621498878240173991108260267893608229817159380975382028310793979236422740291580103018513062496172276565426146342348718592180319400435471978093736830171199956438176208022257456367857881590288855821180529531442820090089813221485155965266754164 0 0 0 0 0 0 0 0 0 0 0 0 0 0 0 0 0 0 0 0 0 0 0 0 0 0 0 0 0 0 0 0 0 0 0 0 0 0 1 0 0 0 0 0 0 0 0 0 0 0 0 0 0 0 0 0 0 0 0 0 0 0 0 0 0 0 0 0 0 0 0 0 0 0 0 0 0 0 0 0 0]
[2320650205855364801367054767992126431833193570458378199822992711730556916238307560051909557228546800040880340800218637214040886308762700895383473789602899403477862835547337727546151923040539162247188218018630339862638858921696781287081565980247707 0 0 0 0 0 0 0 0 0 0 0 0 0 0 0 0 0 0 0 0 0 0 0 0 0 0 0 0 0 0 0 0 0 0 0 0 0 0 0 1 0 0 0 0 0 0 0 0 0 0 0 0 0 0 0 0 0 0 0 0 0 0 0 0 0 0 0 0 0 0 0 0 0 0 0 0 0 0 0 0 0]
[3493994670067905248288873629640189285819471780073479752564144625792852860874108096976060521885379646145623647620613985963965974897713226386114777679109900998427755583470743696755783065450871463134967132683704439915685402737078476627774326162871961 0 0 0 0 0 0 0 0 0 0 0 0 0 0 0 0 0 0 0 0 0 0 0 0 0 0 0 0 0 0 0 0 0 0 0 0 0 0 0 0 1 0 0 0 0 0 0 0 0 0 0 0 0 0 0 0 0 0 0 0 0 0 0 0 0 0 0 0 0 0 0 0 0 0 0 0 0 0 0 0 0]
[3072335491640699024247499526024994750301690706006176418479418094485891890583448459247730694581865411059608262578742000774825034510987515450852121989831195782590512729856472189780590616230187913780664147371250793077285027392261925800017854457531358 0 0 0 0 0 0 0 0 0 0 0 0 0 0 0 0 0 0 0 0 0 0 0 0 0 0 0 0 0 0 0 0 0 0 0 0 0 0 0 0 0 1 0 0 0 0 0 0 0 0 0 0 0 0 0 0 0 0 0 0 0 0 0 0 0 0 0 0 0 0 0 0 0 0 0 0 0 0 0 0 0]
[2123361808706671155050334670858287788470264669216771775357729227783596519472208330078361604146591549194039879361562591675233585484645032313997190212336196596804577676283249613935114183983229289303079222231995765249971129354777863413750980638568145 0 0 0 0 0 0 0 0 0 0 0 0 0 0 0 0 0 0 0 0 0 0 0 0 0 0 0 0 0 0 0 0 0 0 0 0 0 0 0 0 0 0 1 0 0 0 0 0 0 0 0 0 0 0 0 0 0 0 0 0 0 0 0 0 0 0 0 0 0 0 0 0 0 0 0 0 0 0 0 0 0]
[3699714706093445115547835289376550960514510791144384602579761588678315609627714807342299484585853291702988561774879361453746601725931460267939796349149582216832365447967325584166113658452353749275269657267343679667495004867937510280276547913338462 0 0 0 0 0 0 0 0 0 0 0 0 0 0 0 0 0 0 0 0 0 0 0 0 0 0 0 0 0 0 0 0 0 0 0 0 0 0 0 0 0 0 0 1 0 0 0 0 0 0 0 0 0 0 0 0 0 0 0 0 0 0 0 0 0 0 0 0 0 0 0 0 0 0 0 0 0 0 0 0 0]
[2152763336663793440534993352478443791408350920190722943977495167292844355043954454347784864940633982857558242473249832635105348058526187731705252883487023277179241754619888167566695249839884145320253343195828873679105008261527954100922442752750320 0 0 0 0 0 0 0 0 0 0 0 0 0 0 0 0 0 0 0 0 0 0 0 0 0 0 0 0 0 0 0 0 0 0 0 0 0 0 0 0 0 0 0 0 1 0 0 0 0 0 0 0 0 0 0 0 0 0 0 0 0 0 0 0 0 0 0 0 0 0 0 0 0 0 0 0 0 0 0 0 0]
[3075762607890340110565815762283804753514696120971782244514646207740704363989096261405710257425001276724606089234052904244311374330216833480239068144623407618897009721679174013938312922410052328334441776791201001532548764777002403954907477325378153 0 0 0 0 0 0 0 0 0 0 0 0 0 0 0 0 0 0 0 0 0 0 0 0 0 0 0 0 0 0 0 0 0 0 0 0 0 0 0 0 0 0 0 0 0 1 0 0 0 0 0 0 0 0 0 0 0 0 0 0 0 0 0 0 0 0 0 0 0 0 0 0 0 0 0 0 0 0 0 0 0]
[185814484852394166812588342145273265185729628233320421217474304322031073250893764913987687966540263816496890967398205389740414621128296977333065195669206660308508064497031529171688670639050519742220971462509813359397129331828523316991173747728056 0 0 0 0 0 0 0 0 0 0 0 0 0 0 0 0 0 0 0 0 0 0 0 0 0 0 0 0 0 0 0 0 0 0 0 0 0 0 0 0 0 0 0 0 0 0 1 0 0 0 0 0 0 0 0 0 0 0 0 0 0 0 0 0 0 0 0 0 0 0 0 0 0 0 0 0 0 0 0 0 0]
[3591664911148132221835538813157526504282872895039356236579861688042101905224218938569309558444932036977205500802777024514743640035157799985926768888013124437999435893039172831503593951555409438856369687297261590863963294928289638440493364735435942 0 0 0 0 0 0 0 0 0 0 0 0 0 0 0 0 0 0 0 0 0 0 0 0 0 0 0 0 0 0 0 0 0 0 0 0 0 0 0 0 0 0 0 0 0 0 0 1 0 0 0 0 0 0 0 0 0 0 0 0 0 0 0 0 0 0 0 0 0 0 0 0 0 0 0 0 0 0 0 0 0]
[508074852156777912632597870782346731367231478711883160722267173355411739259884353177789243858317343058596962547081603100327807481330234692003261977870469793217197261828823621591887562224703489472221756985067739633477741018083261565082275990083741 0 0 0 0 0 0 0 0 0 0 0 0 0 0 0 0 0 0 0 0 0 0 0 0 0 0 0 0 0 0 0 0 0 0 0 0 0 0 0 0 0 0 0 0 0 0 0 0 1 0 0 0 0 0 0 0 0 0 0 0 0 0 0 0 0 0 0 0 0 0 0 0 0 0 0 0 0 0 0 0 0]
[1139403129128238709939575152709168155451238446517905573936804671008304677249849486084879943968574148762425409487088998920848852683252111080826232632947565211916182891161761952870193477094398132782194610282311741066455979935364489407502221708514666 0 0 0 0 0 0 0 0 0 0 0 0 0 0 0 0 0 0 0 0 0 0 0 0 0 0 0 0 0 0 0 0 0 0 0 0 0 0 0 0 0 0 0 0 0 0 0 0 0 1 0 0 0 0 0 0 0 0 0 0 0 0 0 0 0 0 0 0 0 0 0 0 0 0 0 0 0 0 0 0 0]
[240527052861934345758857589623597088815669035946689383439115262080676986321689735227172477367304615575858452129753795207024940592821453711152494811344771970937099301916957196555198328557811281389067374893510873309243495642715227384144383109493780 0 0 0 0 0 0 0 0 0 0 0 0 0 0 0 0 0 0 0 0 0 0 0 0 0 0 0 0 0 0 0 0 0 0 0 0 0 0 0 0 0 0 0 0 0 0 0 0 0 0 1 0 0 0 0 0 0 0 0 0 0 0 0 0 0 0 0 0 0 0 0 0 0 0 0 0 0 0 0 0 0]
[3194771427585233637126864088542556282215778586232543141093380165307227166944455899523878317208838451972435222176245643570647848934328163307779936047088310542178944615276926605337000200945407830962665053165127204058262623576936178471670698890478307 0 0 0 0 0 0 0 0 0 0 0 0 0 0 0 0 0 0 0 0 0 0 0 0 0 0 0 0 0 0 0 0 0 0 0 0 0 0 0 0 0 0 0 0 0 0 0 0 0 0 0 1 0 0 0 0 0 0 0 0 0 0 0 0 0 0 0 0 0 0 0 0 0 0 0 0 0 0 0 0 0]
[2948382094709419205735025473303211756820096753760898250656940539294229661252301587179914474247704769027743025760433169105906883819133726209375985470615501758252567606172544638436474628482686456122538979739937781427847735783178185290324935854111560 0 0 0 0 0 0 0 0 0 0 0 0 0 0 0 0 0 0 0 0 0 0 0 0 0 0 0 0 0 0 0 0 0 0 0 0 0 0 0 0 0 0 0 0 0 0 0 0 0 0 0 0 1 0 0 0 0 0 0 0 0 0 0 0 0 0 0 0 0 0 0 0 0 0 0 0 0 0 0 0 0]
[842487397609316860364000272932282222637913708303725769194724350579776992753369656935702225353501549218076967371321360893082502186300619085959341459552228577917078816956736861155122878422158016850279437909663829116681553440606808222604630919052521 0 0 0 0 0 0 0 0 0 0 0 0 0 0 0 0 0 0 0 0 0 0 0 0 0 0 0 0 0 0 0 0 0 0 0 0 0 0 0 0 0 0 0 0 0 0 0 0 0 0 0 0 0 1 0 0 0 0 0 0 0 0 0 0 0 0 0 0 0 0 0 0 0 0 0 0 0 0 0 0 0]
[2247552723897255133300321903814228006162697715900711185863210812363203644187961864424355603080585313883626030356463802957886895068008441754904199619311258809419092786741599378824550879518252615619610088364030742756784244594628037352032093550002521 0 0 0 0 0 0 0 0 0 0 0 0 0 0 0 0 0 0 0 0 0 0 0 0 0 0 0 0 0 0 0 0 0 0 0 0 0 0 0 0 0 0 0 0 0 0 0 0 0 0 0 0 0 0 1 0 0 0 0 0 0 0 0 0 0 0 0 0 0 0 0 0 0 0 0 0 0 0 0 0 0]
[1891675868494919891392969097568448856412569485931368446366429152266916038395471584050814866148739390361062103270575498524812446845310125380990893678504332348974385351341086907119402427059827142197501358778934652655205573239297248264439111528336011 0 0 0 0 0 0 0 0 0 0 0 0 0 0 0 0 0 0 0 0 0 0 0 0 0 0 0 0 0 0 0 0 0 0 0 0 0 0 0 0 0 0 0 0 0 0 0 0 0 0 0 0 0 0 0 1 0 0 0 0 0 0 0 0 0 0 0 0 0 0 0 0 0 0 0 0 0 0 0 0 0]
[3252964618412693048786511591845778870323199658494461140381631321391024338285078990153555139739985334654450008485999290239083579007314378797288896763608042962828383688487560970558578061395958084057479021863261310682558986364621444874846991817822169 0 0 0 0 0 0 0 0 0 0 0 0 0 0 0 0 0 0 0 0 0 0 0 0 0 0 0 0 0 0 0 0 0 0 0 0 0 0 0 0 0 0 0 0 0 0 0 0 0 0 0 0 0 0 0 0 1 0 0 0 0 0 0 0 0 0 0 0 0 0 0 0 0 0 0 0 0 0 0 0 0]
[1497650942267207060571669161181186404412845813323954342362712962029943944027484813926679770127609225714332356506485101257465501571376270776262197947779911777269408867954446523004506711312851449542543282136193674940555051087860427734909882014967922 0 0 0 0 0 0 0 0 0 0 0 0 0 0 0 0 0 0 0 0 0 0 0 0 0 0 0 0 0 0 0 0 0 0 0 0 0 0 0 0 0 0 0 0 0 0 0 0 0 0 0 0 0 0 0 0 0 1 0 0 0 0 0 0 0 0 0 0 0 0 0 0 0 0 0 0 0 0 0 0 0]
[1541191557338448277883853620303057400678226117694540581876401613124931636509787045075347581398824490166627427210335231493898171082247327399378413295823125772289751620636483935542920713184216141648865321280192746019787207430287066037497738805568134 0 0 0 0 0 0 0 0 0 0 0 0 0 0 0 0 0 0 0 0 0 0 0 0 0 0 0 0 0 0 0 0 0 0 0 0 0 0 0 0 0 0 0 0 0 0 0 0 0 0 0 0 0 0 0 0 0 0 1 0 0 0 0 0 0 0 0 0 0 0 0 0 0 0 0 0 0 0 0 0 0]
[231202003922867355956168122668789860832212615092865270658485025153876200591336393921718587270273976149441083360476841996381765441944378712638386018183811539369802506205674753741945298472631615267083616883392665599847774774753767733001349065128124 0 0 0 0 0 0 0 0 0 0 0 0 0 0 0 0 0 0 0 0 0 0 0 0 0 0 0 0 0 0 0 0 0 0 0 0 0 0 0 0 0 0 0 0 0 0 0 0 0 0 0 0 0 0 0 0 0 0 0 1 0 0 0 0 0 0 0 0 0 0 0 0 0 0 0 0 0 0 0 0 0]
[87612203670919490302885327612089051359192214977928187455143769904171816499081791748390545332783203805511316021688913766611515930986674413628976885595516250353126128218220143970930254738774071029319694025236648959716222161426870830129244693717096 0 0 0 0 0 0 0 0 0 0 0 0 0 0 0 0 0 0 0 0 0 0 0 0 0 0 0 0 0 0 0 0 0 0 0 0 0 0 0 0 0 0 0 0 0 0 0 0 0 0 0 0 0 0 0 0 0 0 0 0 1 0 0 0 0 0 0 0 0 0 0 0 0 0 0 0 0 0 0 0 0]
[3271656989498676054818742504861918860054982279995917017584981586470327654458043746441080043796047222225030951205194340191564676369736067108573557078866445903821804259735888963959333760973909975436844339873240105931563478411128246474718378323846727 0 0 0 0 0 0 0 0 0 0 0 0 0 0 0 0 0 0 0 0 0 0 0 0 0 0 0 0 0 0 0 0 0 0 0 0 0 0 0 0 0 0 0 0 0 0 0 0 0 0 0 0 0 0 0 0 0 0 0 0 0 1 0 0 0 0 0 0 0 0 0 0 0 0 0 0 0 0 0 0 0]
[164137648353253050329725575712841706574546189100422206516826349754491543518939560276250730127190543879078466157263413689090358389617788342210452151162732136997748906462562233509912124116753611703374923436117048028039078453842762046649708114147030 0 0 0 0 0 0 0 0 0 0 0 0 0 0 0 0 0 0 0 0 0 0 0 0 0 0 0 0 0 0 0 0 0 0 0 0 0 0 0 0 0 0 0 0 0 0 0 0 0 0 0 0 0 0 0 0 0 0 0 0 0 0 1 0 0 0 0 0 0 0 0 0 0 0 0 0 0 0 0 0 0]
[229866157174185808200258870215778663270061686187105728382020034114673892957288536277357491579158302374851601242500025917644981617218752916832771275195408091186391873235777885910695623593526460750519674345534722957853364582673031820487724148938994 0 0 0 0 0 0 0 0 0 0 0 0 0 0 0 0 0 0 0 0 0 0 0 0 0 0 0 0 0 0 0 0 0 0 0 0 0 0 0 0 0 0 0 0 0 0 0 0 0 0 0 0 0 0 0 0 0 0 0 0 0 0 0 1 0 0 0 0 0 0 0 0 0 0 0 0 0 0 0 0 0]
[48181261186186236051091687949269968359746649613821157850882044845965310840139041752078263083945187424780926112176915735720156188137296027877925696057294512419093238914561227494119791195191038380062184936123575549779903553395932217355087288276176 0 0 0 0 0 0 0 0 0 0 0 0 0 0 0 0 0 0 0 0 0 0 0 0 0 0 0 0 0 0 0 0 0 0 0 0 0 0 0 0 0 0 0 0 0 0 0 0 0 0 0 0 0 0 0 0 0 0 0 0 0 0 0 0 1 0 0 0 0 0 0 0 0 0 0 0 0 0 0 0 0]
[537386841710101230467591522284691788142456262678127551765794646698988078665904364042332078637944675889293410161190718385452537139587870078320450867953620662648387043277140983073973960384738090928178679304192570610810246783826215284899749446804656 0 0 0 0 0 0 0 0 0 0 0 0 0 0 0 0 0 0 0 0 0 0 0 0 0 0 0 0 0 0 0 0 0 0 0 0 0 0 0 0 0 0 0 0 0 0 0 0 0 0 0 0 0 0 0 0 0 0 0 0 0 0 0 0 0 1 0 0 0 0 0 0 0 0 0 0 0 0 0 0 0]
[2340256930792242245710209230733299460221958694192068807238002373641482371247639781522725231388758617316903419803146422331211900275839205128800378819415484918063669965337809911441960034957255162654354797839646883318483035498174170016918088384247666 0 0 0 0 0 0 0 0 0 0 0 0 0 0 0 0 0 0 0 0 0 0 0 0 0 0 0 0 0 0 0 0 0 0 0 0 0 0 0 0 0 0 0 0 0 0 0 0 0 0 0 0 0 0 0 0 0 0 0 0 0 0 0 0 0 0 1 0 0 0 0 0 0 0 0 0 0 0 0 0 0]
[342781296133841913772829677451225171805265846584532320646453914823105408686049177344090657870504545628956402231648945365407823421364881006296769365628161405144999577593043686254371736514470938653464330153222064593845798506662123791000729968304568 0 0 0 0 0 0 0 0 0 0 0 0 0 0 0 0 0 0 0 0 0 0 0 0 0 0 0 0 0 0 0 0 0 0 0 0 0 0 0 0 0 0 0 0 0 0 0 0 0 0 0 0 0 0 0 0 0 0 0 0 0 0 0 0 0 0 0 1 0 0 0 0 0 0 0 0 0 0 0 0 0]
[1898018281311439745449824188209464487446907719140108791339254033085576638538706712279206317693124726757351006035125584243897390530340348373941476315812291149074925168722164312879883929197685144006728592891111720093909321906945163122207276918133573 0 0 0 0 0 0 0 0 0 0 0 0 0 0 0 0 0 0 0 0 0 0 0 0 0 0 0 0 0 0 0 0 0 0 0 0 0 0 0 0 0 0 0 0 0 0 0 0 0 0 0 0 0 0 0 0 0 0 0 0 0 0 0 0 0 0 0 0 1 0 0 0 0 0 0 0 0 0 0 0 0]
[3673223230117630654792983746942401513992115915868363439956809733960915860326816134304980683533021288517969132826878763742772263920751371577462810038318594928791570547363821730257581047271946688546016474701796509328071046256221037490699361531062290 0 0 0 0 0 0 0 0 0 0 0 0 0 0 0 0 0 0 0 0 0 0 0 0 0 0 0 0 0 0 0 0 0 0 0 0 0 0 0 0 0 0 0 0 0 0 0 0 0 0 0 0 0 0 0 0 0 0 0 0 0 0 0 0 0 0 0 0 0 1 0 0 0 0 0 0 0 0 0 0 0]
[921807891811336270243378556563421492843711378863469140071107697931122023224750969016873092882716226960747685277070499926665111264783197074407909788442720204819585238398550146562274922528964913876364333622290628960910665203353772973993305651354350 0 0 0 0 0 0 0 0 0 0 0 0 0 0 0 0 0 0 0 0 0 0 0 0 0 0 0 0 0 0 0 0 0 0 0 0 0 0 0 0 0 0 0 0 0 0 0 0 0 0 0 0 0 0 0 0 0 0 0 0 0 0 0 0 0 0 0 0 0 0 1 0 0 0 0 0 0 0 0 0 0]
[118628923150893117441600837088155447875235481113797610653377833756655249116313522882544145194656242040866145097047195508785598754064646079190442624958517007942455254974985990265172114681174387571702985312727603703941157140552284256031730302144667 0 0 0 0 0 0 0 0 0 0 0 0 0 0 0 0 0 0 0 0 0 0 0 0 0 0 0 0 0 0 0 0 0 0 0 0 0 0 0 0 0 0 0 0 0 0 0 0 0 0 0 0 0 0 0 0 0 0 0 0 0 0 0 0 0 0 0 0 0 0 0 1 0 0 0 0 0 0 0 0 0]
[435485212554483653838569858021769056776087321126585561072943435575005284628690704012757453753201895810571189411415033409175511978786685519942400621376118224539200928052806117045171790167030271801261940772342646983731366758331915145024225611076486 0 0 0 0 0 0 0 0 0 0 0 0 0 0 0 0 0 0 0 0 0 0 0 0 0 0 0 0 0 0 0 0 0 0 0 0 0 0 0 0 0 0 0 0 0 0 0 0 0 0 0 0 0 0 0 0 0 0 0 0 0 0 0 0 0 0 0 0 0 0 0 0 1 0 0 0 0 0 0 0 0]
[2518674412231368766118681405767841288337973032497687300138278434053462719422035031985395641481128897859414006386303610416511347610577196461994103859734021630659208501177402475515780063490918211025082784009481095261605216083406421365071112970921294 0 0 0 0 0 0 0 0 0 0 0 0 0 0 0 0 0 0 0 0 0 0 0 0 0 0 0 0 0 0 0 0 0 0 0 0 0 0 0 0 0 0 0 0 0 0 0 0 0 0 0 0 0 0 0 0 0 0 0 0 0 0 0 0 0 0 0 0 0 0 0 0 0 1 0 0 0 0 0 0 0]
[3174043101622003663091910505569930684547858786458392825221678223515780854672525380446562880295333315362704199819779712233830398556412455270071608431203120502778020283642718362161889171961231986579943860758691486878036015224131725966845712729216027 0 0 0 0 0 0 0 0 0 0 0 0 0 0 0 0 0 0 0 0 0 0 0 0 0 0 0 0 0 0 0 0 0 0 0 0 0 0 0 0 0 0 0 0 0 0 0 0 0 0 0 0 0 0 0 0 0 0 0 0 0 0 0 0 0 0 0 0 0 0 0 0 0 0 1 0 0 0 0 0 0]
[2327946576928717086741955628147423322478971196230185530289619762428413971300522592436276260729433331825231090961362082286661161007075014891123835259981338691190130648138466332886600758449729462734792015634809466340578815756421741944270780951878615 0 0 0 0 0 0 0 0 0 0 0 0 0 0 0 0 0 0 0 0 0 0 0 0 0 0 0 0 0 0 0 0 0 0 0 0 0 0 0 0 0 0 0 0 0 0 0 0 0 0 0 0 0 0 0 0 0 0 0 0 0 0 0 0 0 0 0 0 0 0 0 0 0 0 0 1 0 0 0 0 0]
[2657813075570219214943207723503007260629752404016749953770992445853487748324903625826493141745842617125820536429212116632584743623181166209069480351753579748671759155679018371572109047043397493314255365540031594832847454368645889683731139522131041 0 0 0 0 0 0 0 0 0 0 0 0 0 0 0 0 0 0 0 0 0 0 0 0 0 0 0 0 0 0 0 0 0 0 0 0 0 0 0 0 0 0 0 0 0 0 0 0 0 0 0 0 0 0 0 0 0 0 0 0 0 0 0 0 0 0 0 0 0 0 0 0 0 0 0 0 1 0 0 0 0]
[1348649913585370619477324899439852554724114313082886380524994019937858728938142547545554528791640123264293927951398250711922490172850233132039168165516609397727413453240885504588360391030808746915925618862300029788998001452486628511947406916273373 0 0 0 0 0 0 0 0 0 0 0 0 0 0 0 0 0 0 0 0 0 0 0 0 0 0 0 0 0 0 0 0 0 0 0 0 0 0 0 0 0 0 0 0 0 0 0 0 0 0 0 0 0 0 0 0 0 0 0 0 0 0 0 0 0 0 0 0 0 0 0 0 0 0 0 0 0 1 0 0 0]
[2067424904646325078740814335778051083421157339453533090018869164986412774251843620194509717780325189499570155799198580664079170927425254871993978156607810394889299708311927002315629826888416670225240616606844615106970770440750539031438381125648992 0 0 0 0 0 0 0 0 0 0 0 0 0 0 0 0 0 0 0 0 0 0 0 0 0 0 0 0 0 0 0 0 0 0 0 0 0 0 0 0 0 0 0 0 0 0 0 0 0 0 0 0 0 0 0 0 0 0 0 0 0 0 0 0 0 0 0 0 0 0 0 0 0 0 0 0 0 0 1 0 0]
[3493731736459814378505005613223820431383074920380105558005859682796573523213290757953796077595467622857276198997686968916086661859436623192467880189024065321710219858393240525229458654230488603935132663850732536376226309656684320759185562530201063 0 0 0 0 0 0 0 0 0 0 0 0 0 0 0 0 0 0 0 0 0 0 0 0 0 0 0 0 0 0 0 0 0 0 0 0 0 0 0 0 0 0 0 0 0 0 0 0 0 0 0 0 0 0 0 0 0 0 0 0 0 0 0 0 0 0 0 0 0 0 0 0 0 0 0 0 0 0 0 1 0]
[2726786498806273832135562436955400810708714099769860507658951426181984531246302076402711527168703919734024901020616875975524403445991443303376214360510183422236625574639164181706765612911601497455422732122547090119790249944775093653648095400033568 0 0 0 0 0 0 0 0 0 0 0 0 0 0 0 0 0 0 0 0 0 0 0 0 0 0 0 0 0 0 0 0 0 0 0 0 0 0 0 0 0 0 0 0 0 0 0 0 0 0 0 0 0 0 0 0 0 0 0 0 0 0 0 0 0 0 0 0 0 0 0 0 0 0 0 0 0 0 0 0 1]
]
82 83 1
[1 1 1 1 1 1 1 1 1 1 1 1 1 1 1 1 1 1 1 1 1 1 1 1 1 1 1 1 1 1 1 1 1 1 1 1 1 1 1 1 1 1 1 1 1 1 1 1 1 1 1 1 1 1 1 1 1 1 1 1 1 1 1 1 1 1 1 1 1 1 1 1 1 1 1 1 1 1 1 1 1 1 1]
