[[6878245408895839328456840272435559607742390474108893994785909765476565649743955996630052068879178763425502946070523645982419756259038222500644355948930259712226233477197947416590847534133514814735158990994268077475781701405102585856681574469731853 0 0 0 0 0 0 0 0 0 0 0 0 0 0 0 0 0 0 0 0 0 0 0 0 0 0 0 0 0 0 0 0 0 0 0 0 0 0 0 0 0 0 0 0 0 0 0 0 0 0 0 0 0 0 0 0 0 0 0 0 0 0 0 0 0 0 0 0 0 0 0 0 0 0 0 0 0 0 0 0 0]
[2544971466304399266904772505365627539542281265411376702242715460859082985338788400499666917870929927652997845964846168234588122255747740445692977439728603190010257458331389763053001879379202353293604863151074623505140494350318654064918767081941066 1 0 0 0 0 0 0 0 0 0 0 0 0 0 0 0 0 0 0 0 0 0 0 0 0 0 0 0 0 0 0 0 0 0 0 0 0 0 0 0 0 0 0 0 0 0 0 0 0 0 0 0 0 0 0 0 0 0 0 0 0 0 0 0 0 0 0 0 0 0 0 0 0 0 0 0 0 0 0 0 0]
[3431142545644667250351082841995670596776314494191673586295418254186042804866653791504208533921021352706369598929639401404458380999445326178157963165130445919769522029053239463124741970619319956601341812715524883102181930471636885957963534687260302 0 1 0 0 0 0 0 0 0 0 0 0 0 0 0 0 0 0 0 0 0 0 0 0 0 0 0 0 0 0 0 0 0 0 0 0 0 0 0 0 0 0 0 0 0 0 0 0 0 0 0 0 0 0 0 0 0 0 0 0 0 0 0 0 0 0 0 0 0 0 0 0 0 0 0 0 0 0 0 0 0]
[1265228697030677740845912407819694435119936913732632099637982144228437143406934484705835116651428355093116934282639822104751745990136133132655373735362252879214133646542946036430463937289647511827443308442098218834008421949547378339157578716724882 0 0 1 0 0 0 0 0 0 0 0 0 0 0 0 0 0 0 0 0 0 0 0 0 0 0 0 0 0 0 0 0 0 0 0 0 0 0 0 0 0 0 0 0 0 0 0 0 0 0 0 0 0 0 0 0 0 0 0 0 0 0 0 0 0 0 0 0 0 0 0 0 0 0 0 0 0 0 0 0 0]
[1992891693432257829296722801041536860290387769599422735353027277568701605400984187533335894239770339045350665329012087440778288749236642829865501072694356394565358564264499058631148199069640872179700174527465167237389518190657321245363565689134936 0 0 0 1 0 0 0 0 0 0 0 0 0 0 0 0 0 0 0 0 0 0 0 0 0 0 0 0 0 0 0 0 0 0 0 0 0 0 0 0 0 0 0 0 0 0 0 0 0 0 0 0 0 0 0 0 0 0 0 0 0 0 0 0 0 0 0 0 0 0 0 0 0 0 0 0 0 0 0 0 0]
[6810997629327429258410815071563842950149982648520309996420441844499287116248511752052762672566703687253065053847608938641699559092335314956467652510967347058839496770708474316493230337810465918099808656172066587006603083672644531211836046563445415 0 0 0 0 1 0 0 0 0 0 0 0 0 0 0 0 0 0 0 0 0 0 0 0 0 0 0 0 0 0 0 0 0 0 0 0 0 0 0 0 0 0 0 0 0 0 0 0 0 0 0 0 0 0 0 0 0 0 0 0 0 0 0 0 0 0 0 0 0 0 0 0 0 0 0 0 0 0 0 0 0]
[4242089932712136804043808925877978829921937537048103367178121470926142560815057071864479961682991753161334584805330322049593003145818289609837167640673697744552053968445968146325351512373971055493557757860519135171765890671823990490039239111542908 0 0 0 0 0 1 0 0 0 0 0 0 0 0 0 0 0 0 0 0 0 0 0 0 0 0 0 0 0 0 0 0 0 0 0 0 0 0 0 0 0 0 0 0 0 0 0 0 0 0 0 0 0 0 0 0 0 0 0 0 0 0 0 0 0 0 0 0 0 0 0 0 0 0 0 0 0 0 0 0 0]
[1046322306916963654100935023696657242414550266605438505853823210101975886950907996661682749625888025743192456945547850808799631427281053192765576336005503485984024276130789543065214704867457055286967681302219726884137910232741984291629952600788488 0 0 0 0 0 0 1 0 0 0 0 0 0 0 0 0 0 0 0 0 0 0 0 0 0 0 0 0 0 0 0 0 0 0 0 0 0 0 0 0 0 0 0 0 0 0 0 0 0 0 0 0 0 0 0 0 0 0 0 0 0 0 0 0 0 0 0 0 0 0 0 0 0 0 0 0 0 0 0 0 0]
[4381591979705907020812045480658597851458852921693727797973588419857793606494939507747778770689334876504353671776981551432158300606526597946681020292590135650751437743767212125421115203364560541637008442820998865469537459525191635163681675479458051 0 0 0 0 0 0 0 1 0 0 0 0 0 0 0 0 0 0 0 0 0 0 0 0 0 0 0 0 0 0 0 0 0 0 0 0 0 0 0 0 0 0 0 0 0 0 0 0 0 0 0 0 0 0 0 0 0 0 0 0 0 0 0 0 0 0 0 0 0 0 0 0 0 0 0 0 0 0 0 0 0]
[5723807685027837821183431392157259521860242340723395340641994252268277261548499054902308534669472685115347452171438558960045800171915806664357536230676132518139360079005188722574451849754023077279519617907510520146908895883242476968816887340342647 0 0 0 0 0 0 0 0 1 0 0 0 0 0 0 0 0 0 0 0 0 0 0 0 0 0 0 0 0 0 0 0 0 0 0 0 0 0 0 0 0 0 0 0 0 0 0 0 0 0 0 0 0 0 0 0 0 0 0 0 0 0 0 0 0 0 0 0 0 0 0 0 0 0 0 0 0 0 0 0 0]
[4554654068186646815966905145411773768403893763780756994276688996115127998338257635841497996284594523699407056636080406943319082566434316025732322726545370068354252341591742007868811124017299857524980114126994270922837407719762594423678383373209915 0 0 0 0 0 0 0 0 0 1 0 0 0 0 0 0 0 0 0 0 0 0 0 0 0 0 0 0 0 0 0 0 0 0 0 0 0 0 0 0 0 0 0 0 0 0 0 0 0 0 0 0 0 0 0 0 0 0 0 0 0 0 0 0 0 0 0 0 0 0 0 0 0 0 0 0 0 0 0 0 0]
[6624865613908497066558076394957619675200676206624307816107001002594012036083367637706043827173584150257717540691023197737285638893925765937379797847133125175023523708311502181335417089122102157998076496872186666563499501945061973666900951612294200 0 0 0 0 0 0 0 0 0 0 1 0 0 0 0 0 0 0 0 0 0 0 0 0 0 0 0 0 0 0 0 0 0 0 0 0 0 0 0 0 0 0 0 0 0 0 0 0 0 0 0 0 0 0 0 0 0 0 0 0 0 0 0 0 0 0 0 0 0 0 0 0 0 0 0 0 0 0 0 0 0]
[4904016147574399843738142887552507370281128091826589861229045560544236159170825161819386050596309074110756308119505500437387452275149581168798260455248138771989431934796286778689139830997074588645571715405233078490718859000856826745828267585043657 0 0 0 0 0 0 0 0 0 0 0 1 0 0 0 0 0 0 0 0 0 0 0 0 0 0 0 0 0 0 0 0 0 0 0 0 0 0 0 0 0 0 0 0 0 0 0 0 0 0 0 0 0 0 0 0 0 0 0 0 0 0 0 0 0 0 0 0 0 0 0 0 0 0 0 0 0 0 0 0 0]
[4894354051030385176753491288136630221803716870698541117599070486222151734037878113691621425482758293116201856752577471293170315981557812062688368230469771768571267884676396699705356835120954652863650272317863167070825845734378729002383167511381709 0 0 0 0 0 0 0 0 0 0 0 0 1 0 0 0 0 0 0 0 0 0 0 0 0 0 0 0 0 0 0 0 0 0 0 0 0 0 0 0 0 0 0 0 0 0 0 0 0 0 0 0 0 0 0 0 0 0 0 0 0 0 0 0 0 0 0 0 0 0 0 0 0 0 0 0 0 0 0 0 0]
[2638413509092945499027194203668136106907287933796603076822621484157322367497022821779064953167903704841010831552224296452408155301362206370857946164483632426427440796310080293397609246750768754092514545976766432495755328747921580977029250750484814 0 0 0 0 0 0 0 0 0 0 0 0 0 1 0 0 0 0 0 0 0 0 0 0 0 0 0 0 0 0 0 0 0 0 0 0 0 0 0 0 0 0 0 0 0 0 0 0 0 0 0 0 0 0 0 0 0 0 0 0 0 0 0 0 0 0 0 0 0 0 0 0 0 0 0 0 0 0 0 0 0]
[655680055527053454081586166334896246931038452021510668771712903722684007926793507691191364584637052948443886518404273660826737484650132470307480970298116990797365708635822433526911941141902138555292213758169655173046546530605577190968850656415710 0 0 0 0 0 0 0 0 0 0 0 0 0 0 1 0 0 0 0 0 0 0 0 0 0 0 0 0 0 0 0 0 0 0 0 0 0 0 0 0 0 0 0 0 0 0 0 0 0 0 0 0 0 0 0 0 0 0 0 0 0 0 0 0 0 0 0 0 0 0 0 0 0 0 0 0 0 0 0 0 0]
[2751940207183731311888325916652430190645113215519973532651174909146161826205625442499725728147922407323369251921363732985377772761935603122531884618205989268186221877231592781992484014121357387527532268644604713711109801995827768365904997810048239 0 0 0 0 0 0 0 0 0 0 0 0 0 0 0 1 0 0 0 0 0 0 0 0 0 0 0 0 0 0 0 0 0 0 0 0 0 0 0 0 0 0 0 0 0 0 0 0 0 0 0 0 0 0 0 0 0 0 0 0 0 0 0 0 0 0 0 0 0 0 0 0 0 0 0 0 0 0 0 0 0]
[3406105636969946963396387149017559157960545162374554439562907481465685842034871507295621643779783157617960562721581949872338578960767910010112582296807367446872357821012488315665601317910170834439569917220094665226955590106748023058869974878804528 0 0 0 0 0 0 0 0 0 0 0 0 0 0 0 0 1 0 0 0 0 0 0 0 0 0 0 0 0 0 0 0 0 0 0 0 0 0 0 0 0 0 0 0 0 0 0 0 0 0 0 0 0 0 0 0 0 0 0 0 0 0 0 0 0 0 0 0 0 0 0 0 0 0 0 0 0 0 0 0 0]
[6369577976873255632493602174599347850172604296178792027239008337459111467876122183461597714342227489623279282359051665480633628703519623208886349582197888082198929815191096367332302212748025465044468962907212778979178672286060104183008208754625096 0 0 0 0 0 0 0 0 0 0 0 0 0 0 0 0 0 1 0 0 0 0 0 0 0 0 0 0 0 0 0 0 0 0 0 0 0 0 0 0 0 0 0 0 0 0 0 0 0 0 0 0 0 0 0 0 0 0 0 0 0 0 0 0 0 0 0 0 0 0 0 0 0 0 0 0 0 0 0 0 0]
[2976212879359406255919957131037082674505885772697266189431681988446015162784228627752046525512090711198310913347804019518870231482210917056890072566828953770291237049964047114009592097920860106511991698166325636702001753967825139258262916366031 0 0 0 0 0 0 0 0 0 0 0 0 0 0 0 0 0 0 1 0 0 0 0 0 0 0 0 0 0 0 0 0 0 0 0 0 0 0 0 0 0 0 0 0 0 0 0 0 0 0 0 0 0 0 0 0 0 0 0 0 0 0 0 0 0 0 0 0 0 0 0 0 0 0 0 0 0 0 0 0 0]
[4453130787265544945295750368571314355595839671470145371122357816959586068592797722510802678744925307155029441465381345626220902906366166896328801809906523402484525698548068666735454566492797696767862876068767825854283649724484816748832050215711138 0 0 0 0 0 0 0 0 0 0 0 0 0 0 0 0 0 0 0 1 0 0 0 0 0 0 0 0 0 0 0 0 0 0 0 0 0 0 0 0 0 0 0 0 0 0 0 0 0 0 0 0 0 0 0 0 0 0 0 0 0 0 0 0 0 0 0 0 0 0 0 0 0 0 0 0 0 0 0 0 0]
[4915885484378888344453717166544422442657068929124413662064359340765972003604022131236508972547987625419049080016020759701567420971137743344455894414338702205623190980125041649071732021717954836785218447825854688266763952998261385724812046055894356 0 0 0 0 0 0 0 0 0 0 0 0 0 0 0 0 0 0 0 0 1 0 0 0 0 0 0 0 0 0 0 0 0 0 0 0 0 0 0 0 0 0 0 0 0 0 0 0 0 0 0 0 0 0 0 0 0 0 0 0 0 0 0 0 0 0 0 0 0 0 0 0 0 0 0 0 0 0 0 0 0]
[1697851219678836708311244879157531715891470640482003715944475339462948808453611886127643552419192661489812956922524724357491492338412319322602121449635442387254896690559459948027669067990618901440001882952318200704763202614168440840485188526344165 0 0 0 0 0 0 0 0 0 0 0 0 0 0 0 0 0 0 0 0 0 1 0 0 0 0 0 0 0 0 0 0 0 0 0 0 0 0 0 0 0 0 0 0 0 0 0 0 0 0 0 0 0 0 0 0 0 0 0 0 0 0 0 0 0 0 0 0 0 0 0 0 0 0 0 0 0 0 0 0 0]
[6745365268449671873873181417252900292643374558715975302388546139473826471776633433322409887605242496874748376190057464108933809342094338888064804253464613867820262669244326148372820273967070343335257885660074825128318600541693376289908427585560573 0 0 0 0 0 0 0 0 0 0 0 0 0 0 0 0 0 0 0 0 0 0 1 0 0 0 0 0 0 0 0 0 0 0 0 0 0 0 0 0 0 0 0 0 0 0 0 0 0 0 0 0 0 0 0 0 0 0 0 0 0 0 0 0 0 0 0 0 0 0 0 0 0 0 0 0 0 0 0 0 0]
[351663974342986023515937339165682577302509670744381791085786652022807549308128129425322637680689942462689183232911417863261261824424143556910604273986451068907228154410866727070136452232782893433246099572548240996674627872075190184152318574707641 0 0 0 0 0 0 0 0 0 0 0 0 0 0 0 0 0 0 0 0 0 0 0 1 0 0 0 0 0 0 0 0 0 0 0 0 0 0 0 0 0 0 0 0 0 0 0 0 0 0 0 0 0 0 0 0 0 0 0 0 0 0 0 0 0 0 0 0 0 0 0 0 0 0 0 0 0 0 0 0 0]
[1754559074149293034746933778938712044474339700583815270394286906872726809150147632180620916492284975303585699799226492094748827126203640917860192206061820381915721219656524995708290580782657367060621699167950146554190007798857181621180425209490971 0 0 0 0 0 0 0 0 0 0 0 0 0 0 0 0 0 0 0 0 0 0 0 0 1 0 0 0 0 0 0 0 0 0 0 0 0 0 0 0 0 0 0 0 0 0 0 0 0 0 0 0 0 0 0 0 0 0 0 0 0 0 0 0 0 0 0 0 0 0 0 0 0 0 0 0 0 0 0 0 0]
[516308488766560667237604022806186932756908537796586247527449976007320936108326454516024061154690933999947031919762116966888209230688603630981506139634187658871081963637456656319136719287838824694340504659971728662440282669587976233025659162193874 0 0 0 0 0 0 0 0 0 0 0 0 0 0 0 0 0 0 0 0 0 0 0 0 0 1 0 0 0 0 0 0 0 0 0 0 0 0 0 0 0 0 0 0 0 0 0 0 0 0 0 0 0 0 0 0 0 0 0 0 0 0 0 0 0 0 0 0 0 0 0 0 0 0 0 0 0 0 0 0 0]
[3301605948796404090710906748026446427110761200097286351696236716079073969506377618608031131952282222555695757444610082037466897082263299883500597698492603031361141293778331816100338708623645292945030477968365080358011865014796418270961475620763180 0 0 0 0 0 0 0 0 0 0 0 0 0 0 0 0 0 0 0 0 0 0 0 0 0 0 1 0 0 0 0 0 0 0 0 0 0 0 0 0 0 0 0 0 0 0 0 0 0 0 0 0 0 0 0 0 0 0 0 0 0 0 0 0 0 0 0 0 0 0 0 0 0 0 0 0 0 0 0 0 0]
[4843869383304503695179737131536279143488499309477313991057031273878317773875906873437280428027564790102098453966450323945810733350897896470513965450079506721366164554545117546401079776018539450159128796002604935016512267370240648635943486443825641 0 0 0 0 0 0 0 0 0 0 0 0 0 0 0 0 0 0 0 0 0 0 0 0 0 0 0 1 0 0 0 0 0 0 0 0 0 0 0 0 0 0 0 0 0 0 0 0 0 0 0 0 0 0 0 0 0 0 0 0 0 0 0 0 0 0 0 0 0 0 0 0 0 0 0 0 0 0 0 0 0]
[3741968313200278017240333492329556502921709590711971960094112000643519779798995610066216754331845820636085386991015671377276404573576135303339718174318157526798958641185870635089950803499431289400598497400181577359794461623930434480339320927316988 0 0 0 0 0 0 0 0 0 0 0 0 0 0 0 0 0 0 0 0 0 0 0 0 0 0 0 0 1 0 0 0 0 0 0 0 0 0 0 0 0 0 0 0 0 0 0 0 0 0 0 0 0 0 0 0 0 0 0 0 0 0 0 0 0 0 0 0 0 0 0 0 0 0 0 0 0 0 0 0 0]
[2873955208558748880165011743083235244423148980874404872224073840669929833660491579278310071970757459561074172303809974856486443527758059340107473852104733880726127477121751936159304928673353424965738081387855730042163345995658248761044357145551820 0 0 0 0 0 0 0 0 0 0 0 0 0 0 0 0 0 0 0 0 0 0 0 0 0 0 0 0 0 1 0 0 0 0 0 0 0 0 0 0 0 0 0 0 0 0 0 0 0 0 0 0 0 0 0 0 0 0 0 0 0 0 0 0 0 0 0 0 0 0 0 0 0 0 0 0 0 0 0 0 0]
[1727971015006983066183081459754665581084444061529397261945127672779978259122258483364602505169875404872730600635198738030632277617743052089470709498274497829166617278748078921188095914109997789094442879968559304490118085275892019244716985139334071 0 0 0 0 0 0 0 0 0 0 0 0 0 0 0 0 0 0 0 0 0 0 0 0 0 0 0 0 0 0 1 0 0 0 0 0 0 0 0 0 0 0 0 0 0 0 0 0 0 0 0 0 0 0 0 0 0 0 0 0 0 0 0 0 0 0 0 0 0 0 0 0 0 0 0 0 0 0 0 0 0]
[5523639321439098356575044886614603827811794264012967689123272000452468768620927926081808478376898892893145540891262136037989002926477603245586435400062312969275013637302291993372721969000437288052916010881019850936277877870944128588701000485623716 0 0 0 0 0 0 0 0 0 0 0 0 0 0 0 0 0 0 0 0 0 0 0 0 0 0 0 0 0 0 0 1 0 0 0 0 0 0 0 0 0 0 0 0 0 0 0 0 0 0 0 0 0 0 0 0 0 0 0 0 0 0 0 0 0 0 0 0 0 0 0 0 0 0 0 0 0 0 0 0 0]
[4877842352377179899865675329304052844443325124477923319579989719420537630447207317673755113952079551531008213615468665312725262466275489127477375713435956472564298003803510378000887532388413773760161393733168109858290909884507346936533611690493767 0 0 0 0 0 0 0 0 0 0 0 0 0 0 0 0 0 0 0 0 0 0 0 0 0 0 0 0 0 0 0 0 1 0 0 0 0 0 0 0 0 0 0 0 0 0 0 0 0 0 0 0 0 0 0 0 0 0 0 0 0 0 0 0 0 0 0 0 0 0 0 0 0 0 0 0 0 0 0 0 0]
[1544485339790325840523666331475069564688651988805526168500970098866595277418458606985918113114700374563487127952429762708075383130611461837305256232187810326648636905649796763048417197894329793493305639263427282591115140939623244048914317533816285 0 0 0 0 0 0 0 0 0 0 0 0 0 0 0 0 0 0 0 0 0 0 0 0 0 0 0 0 0 0 0 0 0 1 0 0 0 0 0 0 0 0 0 0 0 0 0 0 0 0 0 0 0 0 0 0 0 0 0 0 0 0 0 0 0 0 0 0 0 0 0 0 0 0 0 0 0 0 0 0 0]
[5208106337309308992655776173837988202314858428755244357061566334195382034272101090890997262100348074826603755400397805840099314587660569424082299328596059290962003874200422495442186192126438536562454246371709274062999282135936270664791510039681515 0 0 0 0 0 0 0 0 0 0 0 0 0 0 0 0 0 0 0 0 0 0 0 0 0 0 0 0 0 0 0 0 0 0 1 0 0 0 0 0 0 0 0 0 0 0 0 0 0 0 0 0 0 0 0 0 0 0 0 0 0 0 0 0 0 0 0 0 0 0 0 0 0 0 0 0 0 0 0 0 0]
[163351893055852280212384855180529342840811505129662325741017791335382239085610106660252407879871265342755802312999830487790790726021310622181783137356450448987640805025725850433928084070687155244934324396219682289744093360153474497985081524421890 0 0 0 0 0 0 0 0 0 0 0 0 0 0 0 0 0 0 0 0 0 0 0 0 0 0 0 0 0 0 0 0 0 0 0 1 0 0 0 0 0 0 0 0 0 0 0 0 0 0 0 0 0 0 0 0 0 0 0 0 0 0 0 0 0 0 0 0 0 0 0 0 0 0 0 0 0 0 0 0 0]
[5455837309812697298686313362450204399953119659155822800091954237458327939466274096219266055474269909242122048480119898902187621416823010704367838477405008337386154733329132535991682842881880398317524355641730169482372615579061740504450336481135646 0 0 0 0 0 0 0 0 0 0 0 0 0 0 0 0 0 0 0 0 0 0 0 0 0 0 0 0 0 0 0 0 0 0 0 0 1 0 0 0 0 0 0 0 0 0 0 0 0 0 0 0 0 0 0 0 0 0 0 0 0 0 0 0 0 0 0 0 0 0 0 0 0 0 0 0 0 0 0 0 0]
[2767105690714036889484557122158102316718832889678472529486941915894206475138098981130212107532093168574185189657551639353245256114899613797796789966571929354770824424068188486456650908400202518238278776225801680846704935689524623392005699890238613 0 0 0 0 0 0 0 0 0 0 0 0 0 0 0 0 0 0 0 0 0 0 0 0 0 0 0 0 0 0 0 0 0 0 0 0 0 1 0 0 0 0 0 0 0 0 0 0 0 0 0 0 0 0 0 0 0 0 0 0 0 0 0 0 0 0 0 0 0 0 0 0 0 0 0 0 0 0 0 0 0]
[4298115919515022566876524130169362795108798022587069891929744827026889000086661998857860911000186350366014951777247095999159497974540016776089968578310985367701557400270296262530852484145698719397953133401168403743017859068412680617767525959760194 0 0 0 0 0 0 0 0 0 0 0 0 0 0 0 0 0 0 0 0 0 0 0 0 0 0 0 0 0 0 0 0 0 0 0 0 0 0 1 0 0 0 0 0 0 0 0 0 0 0 0 0 0 0 0 0 0 0 0 0 0 0 0 0 0 0 0 0 0 0 0 0 0 0 0 0 0 0 0 0 0]
[3487070024341060773025204638626624835365444133896077002839907852886074360999844917283722173124613089780731538414863437939491179562282221083312229901021609961120160327807340457267686601461511914341306145529294400214234080866722440047873921831762234 0 0 0 0 0 0 0 0 0 0 0 0 0 0 0 0 0 0 0 0 0 0 0 0 0 0 0 0 0 0 0 0 0 0 0 0 0 0 0 1 0 0 0 0 0 0 0 0 0 0 0 0 0 0 0 0 0 0 0 0 0 0 0 0 0 0 0 0 0 0 0 0 0 0 0 0 0 0 0 0 0]
[5052061765367553339559109838673521458666775132726722949203582461819811764604162185179682093252412688636308772560895045690500135165010455609519421365251483165377240635161704110952771533688895923611504389056255429804163045712083725869692523324117660 0 0 0 0 0 0 0 0 0 0 0 0 0 0 0 0 0 0 0 0 0 0 0 0 0 0 0 0 0 0 0 0 0 0 0 0 0 0 0 0 1 0 0 0 0 0 0 0 0 0 0 0 0 0 0 0 0 0 0 0 0 0 0 0 0 0 0 0 0 0 0 0 0 0 0 0 0 0 0 0 0]
[1326218962373331991429270101204910470427071993973405476858839213804553810841736322641456395596277760451446830778595710173699913260867435549308328900571077823155909037910681709845363841169776539218877798790342186169269031144659054156300237894895881 0 0 0 0 0 0 0 0 0 0 0 0 0 0 0 0 0 0 0 0 0 0 0 0 0 0 0 0 0 0 0 0 0 0 0 0 0 0 0 0 0 1 0 0 0 0 0 0 0 0 0 0 0 0 0 0 0 0 0 0 0 0 0 0 0 0 0 0 0 0 0 0 0 0 0 0 0 0 0 0 0]
[4651597085478499668135027697734897215113800131035340667258946668617414867954134266709609668195983368494056516195373037645188707249656702274641439111483758035461399661243217799262747614573549315839278634577518603882960900584222154254319590365696118 0 0 0 0 0 0 0 0 0 0 0 0 0 0 0 0 0 0 0 0 0 0 0 0 0 0 0 0 0 0 0 0 0 0 0 0 0 0 0 0 0 0 1 0 0 0 0 0 0 0 0 0 0 0 0 0 0 0 0 0 0 0 0 0 0 0 0 0 0 0 0 0 0 0 0 0 0 0 0 0 0]
[6870495772434380443163196472999604839762219477293023699981509294356975941611759509457541644730921779088064313361805818088772049420284378162390659832203989510134803826020752705085337238721673487666801339975062416848558189536566013794484841128846699 0 0 0 0 0 0 0 0 0 0 0 0 0 0 0 0 0 0 0 0 0 0 0 0 0 0 0 0 0 0 0 0 0 0 0 0 0 0 0 0 0 0 0 1 0 0 0 0 0 0 0 0 0 0 0 0 0 0 0 0 0 0 0 0 0 0 0 0 0 0 0 0 0 0 0 0 0 0 0 0 0]
[1861093062432808432792697620834829542472399649327405876799289273548100901537103001704290499204997561243479550239546470337163316343762918174963749384032539307821363788647919065917520382743537687902021646253087270671928772280151777261937975613160108 0 0 0 0 0 0 0 0 0 0 0 0 0 0 0 0 0 0 0 0 0 0 0 0 0 0 0 0 0 0 0 0 0 0 0 0 0 0 0 0 0 0 0 0 1 0 0 0 0 0 0 0 0 0 0 0 0 0 0 0 0 0 0 0 0 0 0 0 0 0 0 0 0 0 0 0 0 0 0 0 0]
[6179666436899967557293985905660839506103083997558584273546092610087807824026002624738002704041112469714968538722589179645042948879563102368775184417794474045898348067130807739830434862080990502510070416172884677474093340671883749804681017759656251 0 0 0 0 0 0 0 0 0 0 0 0 0 0 0 0 0 0 0 0 0 0 0 0 0 0 0 0 0 0 0 0 0 0 0 0 0 0 0 0 0 0 0 0 0 1 0 0 0 0 0 0 0 0 0 0 0 0 0 0 0 0 0 0 0 0 0 0 0 0 0 0 0 0 0 0 0 0 0 0 0]
[1175721583860193784142300377496570849008917761391981660389451080997593850952662553956723181687845008925586464515850754602627176094320256312706493650836257430601893873924912132033429761178064715751754695446123382982802219299951055253656072609869071 0 0 0 0 0 0 0 0 0 0 0 0 0 0 0 0 0 0 0 0 0 0 0 0 0 0 0 0 0 0 0 0 0 0 0 0 0 0 0 0 0 0 0 0 0 0 1 0 0 0 0 0 0 0 0 0 0 0 0 0 0 0 0 0 0 0 0 0 0 0 0 0 0 0 0 0 0 0 0 0 0]
[6580271301026334823650155883423830597304849643107910429876381376102769503499027119990349247860871608942992032827812355949932950685726282894295952032162554773970903915705221343941129408431318213948582852758664591451914062289413324066292430025444362 0 0 0 0 0 0 0 0 0 0 0 0 0 0 0 0 0 0 0 0 0 0 0 0 0 0 0 0 0 0 0 0 0 0 0 0 0 0 0 0 0 0 0 0 0 0 0 1 0 0 0 0 0 0 0 0 0 0 0 0 0 0 0 0 0 0 0 0 0 0 0 0 0 0 0 0 0 0 0 0 0]
[1444689564344611527055324631933619185014346025421256930957597581296953757861012024696139078553981744254378369966026071021533810219903304535088219387459339954772978887432728707333257356946978688036756777420217753925566572012084502645686581053457141 0 0 0 0 0 0 0 0 0 0 0 0 0 0 0 0 0 0 0 0 0 0 0 0 0 0 0 0 0 0 0 0 0 0 0 0 0 0 0 0 0 0 0 0 0 0 0 0 1 0 0 0 0 0 0 0 0 0 0 0 0 0 0 0 0 0 0 0 0 0 0 0 0 0 0 0 0 0 0 0 0]
[1493916997403875920755076003205381498691153741360675034946486964708066525612471526746437447195933210392534640922466382255173828900703010753490179389246371320575822246997507797552150873019335732098029978799086763003743512490665588392165335082771955 0 0 0 0 0 0 0 0 0 0 0 0 0 0 0 0 0 0 0 0 0 0 0 0 0 0 0 0 0 0 0 0 0 0 0 0 0 0 0 0 0 0 0 0 0 0 0 0 0 1 0 0 0 0 0 0 0 0 0 0 0 0 0 0 0 0 0 0 0 0 0 0 0 0 0 0 0 0 0 0 0]
[5793845868513368410182256053735450306236516763070398770768699849752870874374161017607580328284517402149320986706925399891737021464919629846255136104284844960718509587696775509666559764468223088732172427845600166424588212700414411949377718567344822 0 0 0 0 0 0 0 0 0 0 0 0 0 0 0 0 0 0 0 0 0 0 0 0 0 0 0 0 0 0 0 0 0 0 0 0 0 0 0 0 0 0 0 0 0 0 0 0 0 0 1 0 0 0 0 0 0 0 0 0 0 0 0 0 0 0 0 0 0 0 0 0 0 0 0 0 0 0 0 0 0]
[813451823053359573809935877823844010325554347167213326124517272205000156733693979059808722848576953147764822085021320036932509101401504000413632037838880341997475069966059213570175194154316816088167997449309079922848570142771540610104557993776602 0 0 0 0 0 0 0 0 0 0 0 0 0 0 0 0 0 0 0 0 0 0 0 0 0 0 0 0 0 0 0 0 0 0 0 0 0 0 0 0 0 0 0 0 0 0 0 0 0 0 0 1 0 0 0 0 0 0 0 0 0 0 0 0 0 0 0 0 0 0 0 0 0 0 0 0 0 0 0 0 0]
[5759463909937709200648244936867819023116504547949479281330277829000469127939209620335256158488236792774620077171772279545394728079400935047716733307685052533742619479083467287115361419695936304569054140974324812901220217556849867930591124439515068 0 0 0 0 0 0 0 0 0 0 0 0 0 0 0 0 0 0 0 0 0 0 0 0 0 0 0 0 0 0 0 0 0 0 0 0 0 0 0 0 0 0 0 0 0 0 0 0 0 0 0 0 1 0 0 0 0 0 0 0 0 0 0 0 0 0 0 0 0 0 0 0 0 0 0 0 0 0 0 0 0]
[5979887351067753985552664673569714937851521340420277243934088549739956957378417575035891808902844348203061999340130812114044925748328258136370097020155305678692504146716591123667470966781015860635188391230502232619790425891552196836039761688041823 0 0 0 0 0 0 0 0 0 0 0 0 0 0 0 0 0 0 0 0 0 0 0 0 0 0 0 0 0 0 0 0 0 0 0 0 0 0 0 0 0 0 0 0 0 0 0 0 0 0 0 0 0 1 0 0 0 0 0 0 0 0 0 0 0 0 0 0 0 0 0 0 0 0 0 0 0 0 0 0 0]
[2825710186687719701062362491500901310994915181164780038403267233669413443151584838730533228705476804413037422424136897256633747536830792904688439844402309019911239278883186787596534120994892629097111150131000580230042663237141037887868331709454692 0 0 0 0 0 0 0 0 0 0 0 0 0 0 0 0 0 0 0 0 0 0 0 0 0 0 0 0 0 0 0 0 0 0 0 0 0 0 0 0 0 0 0 0 0 0 0 0 0 0 0 0 0 0 1 0 0 0 0 0 0 0 0 0 0 0 0 0 0 0 0 0 0 0 0 0 0 0 0 0 0]
[2640234165924868549126656859027133224622932253779865623585322545116535107477672804529546801430103797527386507141821395252165310393809393497752887277246573569952287210832138585104586618211131921005304466486462199233261239805913367498321662852314916 0 0 0 0 0 0 0 0 0 0 0 0 0 0 0 0 0 0 0 0 0 0 0 0 0 0 0 0 0 0 0 0 0 0 0 0 0 0 0 0 0 0 0 0 0 0 0 0 0 0 0 0 0 0 0 1 0 0 0 0 0 0 0 0 0 0 0 0 0 0 0 0 0 0 0 0 0 0 0 0 0]
[6288724992819962167238259898318533575549517692021479746013025300591263374969069978559829794896597134262336915033792781054457319731726911585622025978999998358089125397939794688110499153982708925236312604672869338235753048822025504855445373956529403 0 0 0 0 0 0 0 0 0 0 0 0 0 0 0 0 0 0 0 0 0 0 0 0 0 0 0 0 0 0 0 0 0 0 0 0 0 0 0 0 0 0 0 0 0 0 0 0 0 0 0 0 0 0 0 0 1 0 0 0 0 0 0 0 0 0 0 0 0 0 0 0 0 0 0 0 0 0 0 0 0]
[2396699093704544672258676766868794362553651391180564381902295533903747654449659034634100193727694533152574299880184715382565663273514520936019173781233182710387264240866735096449674891048515340262234343970979961296082945365466599410732885122215652 0 0 0 0 0 0 0 0 0 0 0 0 0 0 0 0 0 0 0 0 0 0 0 0 0 0 0 0 0 0 0 0 0 0 0 0 0 0 0 0 0 0 0 0 0 0 0 0 0 0 0 0 0 0 0 0 0 1 0 0 0 0 0 0 0 0 0 0 0 0 0 0 0 0 0 0 0 0 0 0 0]
[4193732057797305185833378145504175966383601915720170968666686593631268107209385917629994867324551110720973770147507695700738375215445315225421026898300665373688221623973961968443720880988438894090670699011159914265011820898414609165819807189093346 0 0 0 0 0 0 0 0 0 0 0 0 0 0 0 0 0 0 0 0 0 0 0 0 0 0 0 0 0 0 0 0 0 0 0 0 0 0 0 0 0 0 0 0 0 0 0 0 0 0 0 0 0 0 0 0 0 0 1 0 0 0 0 0 0 0 0 0 0 0 0 0 0 0 0 0 0 0 0 0 0]
[5050078490923230069309792942885845138814957186105507447307612258050769226463550471504131035021722414441379486793251440556494519874765873042594183736088510611407744061398519141054432681822375733039967774316328085604087326627094365373280023049199702 0 0 0 0 0 0 0 0 0 0 0 0 0 0 0 0 0 0 0 0 0 0 0 0 0 0 0 0 0 0 0 0 0 0 0 0 0 0 0 0 0 0 0 0 0 0 0 0 0 0 0 0 0 0 0 0 0 0 0 1 0 0 0 0 0 0 0 0 0 0 0 0 0 0 0 0 0 0 0 0 0]
[1194439758905490486316908961539913512567423700210132979433965520716080081880743090693030687392495825459919177154840850403814321924275399945248828848687622777620481422787076532269007174522971319009703941378893894891384823375741662119213000368070465 0 0 0 0 0 0 0 0 0 0 0 0 0 0 0 0 0 0 0 0 0 0 0 0 0 0 0 0 0 0 0 0 0 0 0 0 0 0 0 0 0 0 0 0 0 0 0 0 0 0 0 0 0 0 0 0 0 0 0 0 1 0 0 0 0 0 0 0 0 0 0 0 0 0 0 0 0 0 0 0 0]
[1048693447904872704567863489214043290800156827762677530650857678981191738806338143209115974694956454765036538190813443493745662132652152718220141774150148825318030342635558152223895516626683611865322187627982742197609001952422187539204935385711501 0 0 0 0 0 0 0 0 0 0 0 0 0 0 0 0 0 0 0 0 0 0 0 0 0 0 0 0 0 0 0 0 0 0 0 0 0 0 0 0 0 0 0 0 0 0 0 0 0 0 0 0 0 0 0 0 0 0 0 0 0 1 0 0 0 0 0 0 0 0 0 0 0 0 0 0 0 0 0 0 0]
[5936855121973034577547611947019910525124571821569001756016729909002683328751106473853600980927877256197455407483593690810714101792235555687470928889448865184300648720465452878684951008269362290869448836753483529317946962744902784199675330237727762 0 0 0 0 0 0 0 0 0 0 0 0 0 0 0 0 0 0 0 0 0 0 0 0 0 0 0 0 0 0 0 0 0 0 0 0 0 0 0 0 0 0 0 0 0 0 0 0 0 0 0 0 0 0 0 0 0 0 0 0 0 0 1 0 0 0 0 0 0 0 0 0 0 0 0 0 0 0 0 0 0]
[2745311513031061081501315122912579534944583516260059355605114686800900123523581950784403717785765409764970919339015800066830888355018698804596597573401337912935311928228470955309358842350937955648171971713602860474895724858808428377194992383790897 0 0 0 0 0 0 0 0 0 0 0 0 0 0 0 0 0 0 0 0 0 0 0 0 0 0 0 0 0 0 0 0 0 0 0 0 0 0 0 0 0 0 0 0 0 0 0 0 0 0 0 0 0 0 0 0 0 0 0 0 0 0 0 1 0 0 0 0 0 0 0 0 0 0 0 0 0 0 0 0 0]
[3165126292961814442092775206767384239348565701902708752532167861483295067168525450206161929625323929983212706652890189600519770274115111987609344629188427807699379552649496347978196160443242790580958850597867814323995057693018925281679350258100331 0 0 0 0 0 0 0 0 0 0 0 0 0 0 0 0 0 0 0 0 0 0 0 0 0 0 0 0 0 0 0 0 0 0 0 0 0 0 0 0 0 0 0 0 0 0 0 0 0 0 0 0 0 0 0 0 0 0 0 0 0 0 0 0 1 0 0 0 0 0 0 0 0 0 0 0 0 0 0 0 0]
[2398066260273839122440714263244528769448969925887105863293699865573744279934370452415908826350545180314997174945871240921641268675563378585702165360511358229068805714372975204039555800426796456001365343027909097634909656089722478113981185785703713 0 0 0 0 0 0 0 0 0 0 0 0 0 0 0 0 0 0 0 0 0 0 0 0 0 0 0 0 0 0 0 0 0 0 0 0 0 0 0 0 0 0 0 0 0 0 0 0 0 0 0 0 0 0 0 0 0 0 0 0 0 0 0 0 0 1 0 0 0 0 0 0 0 0 0 0 0 0 0 0 0]
[18023828143812416810779498044952814759674181404640604260387930838752002793751115472426608451421838480729915786242168418742898899047799421268368172631506964258565210429777658099554196996832257738548788127695866933272244418723018476599671634706688 0 0 0 0 0 0 0 0 0 0 0 0 0 0 0 0 0 0 0 0 0 0 0 0 0 0 0 0 0 0 0 0 0 0 0 0 0 0 0 0 0 0 0 0 0 0 0 0 0 0 0 0 0 0 0 0 0 0 0 0 0 0 0 0 0 0 1 0 0 0 0 0 0 0 0 0 0 0 0 0 0]
[2421037924283843004189885357865637557091900140243975563040806652069141035059923743945884571727326855345280755882453906635347875471520727254625236470015103906159300700729666119728941742876031937073486757474115143998607287538223062831026674016439702 0 0 0 0 0 0 0 0 0 0 0 0 0 0 0 0 0 0 0 0 0 0 0 0 0 0 0 0 0 0 0 0 0 0 0 0 0 0 0 0 0 0 0 0 0 0 0 0 0 0 0 0 0 0 0 0 0 0 0 0 0 0 0 0 0 0 0 1 0 0 0 0 0 0 0 0 0 0 0 0 0]
[1325876488286365379082009259918002796635459946284581521517306672537264309950624789700005817890006798742661477417941008563734729116515476511562937429089496738340661773812568160108586867507656804074356967465280341628139893023357246759737620483724347 0 0 0 0 0 0 0 0 0 0 0 0 0 0 0 0 0 0 0 0 0 0 0 0 0 0 0 0 0 0 0 0 0 0 0 0 0 0 0 0 0 0 0 0 0 0 0 0 0 0 0 0 0 0 0 0 0 0 0 0 0 0 0 0 0 0 0 0 1 0 0 0 0 0 0 0 0 0 0 0 0]
[5028251431263612667204117530441541789342993306725096714855671910545450852443636840833714470019895825600254037125031142177976866435385581406888732831684672332112706662040715904995644731802503903054782223161025158532527447708526720658591182773189151 0 0 0 0 0 0 0 0 0 0 0 0 0 0 0 0 0 0 0 0 0 0 0 0 0 0 0 0 0 0 0 0 0 0 0 0 0 0 0 0 0 0 0 0 0 0 0 0 0 0 0 0 0 0 0 0 0 0 0 0 0 0 0 0 0 0 0 0 0 1 0 0 0 0 0 0 0 0 0 0 0]
[6556416564551647516704129299824007921040081191443180259252446474167233521500816407389748009232137491028340782785319221608502485707744807369595666383639490937895032639529897676184931664039997451148227956283932442340221931443915758821167272543086763 0 0 0 0 0 0 0 0 0 0 0 0 0 0 0 0 0 0 0 0 0 0 0 0 0 0 0 0 0 0 0 0 0 0 0 0 0 0 0 0 0 0 0 0 0 0 0 0 0 0 0 0 0 0 0 0 0 0 0 0 0 0 0 0 0 0 0 0 0 0 1 0 0 0 0 0 0 0 0 0 0]
[3178152126021945088017548279741246031297464362448244703545995208391247104728636212082536339795977502405113705628115293101802195904061800428286607355976096573546574848907360346220020323134517138521271154793026598348831449289537321102149549932506024 0 0 0 0 0 0 0 0 0 0 0 0 0 0 0 0 0 0 0 0 0 0 0 0 0 0 0 0 0 0 0 0 0 0 0 0 0 0 0 0 0 0 0 0 0 0 0 0 0 0 0 0 0 0 0 0 0 0 0 0 0 0 0 0 0 0 0 0 0 0 0 1 0 0 0 0 0 0 0 0 0]
[1026371134072709748533902918667135793129313610572133694750331545343348447895720641394708502766918901530168755259520843020082015728363281787641191216506736507955836284383746340207359006193172670243264059508271323882290539153719780831328140589369146 0 0 0 0 0 0 0 0 0 0 0 0 0 0 0 0 0 0 0 0 0 0 0 0 0 0 0 0 0 0 0 0 0 0 0 0 0 0 0 0 0 0 0 0 0 0 0 0 0 0 0 0 0 0 0 0 0 0 0 0 0 0 0 0 0 0 0 0 0 0 0 0 1 0 0 0 0 0 0 0 0]
[6667962820044646260140513436317330358795587590577097695082750499902730614007461754912631116899525384708642176182029468458317552555541358678574681606797138250381038320087115335644173150787726332061296730970775553710067653231258046487375211889563646 0 0 0 0 0 0 0 0 0 0 0 0 0 0 0 0 0 0 0 0 0 0 0 0 0 0 0 0 0 0 0 0 0 0 0 0 0 0 0 0 0 0 0 0 0 0 0 0 0 0 0 0 0 0 0 0 0 0 0 0 0 0 0 0 0 0 0 0 0 0 0 0 0 1 0 0 0 0 0 0 0]
[176312459501068950876458226853761527309684137489400756770636248919085547003705689730246432291094569620157745134834122940462641083424834461456373190629952449576468512172679109479180936983747541452581257832300061320491774111032410375832365309058452 0 0 0 0 0 0 0 0 0 0 0 0 0 0 0 0 0 0 0 0 0 0 0 0 0 0 0 0 0 0 0 0 0 0 0 0 0 0 0 0 0 0 0 0 0 0 0 0 0 0 0 0 0 0 0 0 0 0 0 0 0 0 0 0 0 0 0 0 0 0 0 0 0 0 1 0 0 0 0 0 0]
[4235437377781530330878646829755670333772361453419272208711600810027290830843254391731558191790196307526986344019538153506454811894180109039957240400377942080858397259165395968427925307224855430378184587058064765430178554335485922705589487656450103 0 0 0 0 0 0 0 0 0 0 0 0 0 0 0 0 0 0 0 0 0 0 0 0 0 0 0 0 0 0 0 0 0 0 0 0 0 0 0 0 0 0 0 0 0 0 0 0 0 0 0 0 0 0 0 0 0 0 0 0 0 0 0 0 0 0 0 0 0 0 0 0 0 0 0 1 0 0 0 0 0]
[5231647549687837624464590808113827032912459164948203016475948535386595647899467056109623544401114735579734811885604073546957531352153854945709071188665733907223419753731246599186715194195871777940529316981933648312555423031072030126502829924654057 0 0 0 0 0 0 0 0 0 0 0 0 0 0 0 0 0 0 0 0 0 0 0 0 0 0 0 0 0 0 0 0 0 0 0 0 0 0 0 0 0 0 0 0 0 0 0 0 0 0 0 0 0 0 0 0 0 0 0 0 0 0 0 0 0 0 0 0 0 0 0 0 0 0 0 0 1 0 0 0 0]
[6712287757099064446110673404217393883159798977018970941324667317978274952857054857875909185589659446210408712792415755690393886280995445604579257667389693445960340334104487486521332046262102402973342604960768487702278686928627229388920101716635749 0 0 0 0 0 0 0 0 0 0 0 0 0 0 0 0 0 0 0 0 0 0 0 0 0 0 0 0 0 0 0 0 0 0 0 0 0 0 0 0 0 0 0 0 0 0 0 0 0 0 0 0 0 0 0 0 0 0 0 0 0 0 0 0 0 0 0 0 0 0 0 0 0 0 0 0 0 1 0 0 0]
[957825396193125262625088674371374974206485757913651062317827169675901939467595386067976203665459010354396349723274685938721670403177497723632487209704442316829282106699199688322215528750714414996548719586192919457485029282708252611676635044265759 0 0 0 0 0 0 0 0 0 0 0 0 0 0 0 0 0 0 0 0 0 0 0 0 0 0 0 0 0 0 0 0 0 0 0 0 0 0 0 0 0 0 0 0 0 0 0 0 0 0 0 0 0 0 0 0 0 0 0 0 0 0 0 0 0 0 0 0 0 0 0 0 0 0 0 0 0 0 1 0 0]
[1960838077083639506139896314473505195985557160554957147574897159379006929995432948261511219917570597729191605960410283992413598313863244343677193249177235379618423389967864581576145788483602933965843740095826716085085281891401508947037747641729098 0 0 0 0 0 0 0 0 0 0 0 0 0 0 0 0 0 0 0 0 0 0 0 0 0 0 0 0 0 0 0 0 0 0 0 0 0 0 0 0 0 0 0 0 0 0 0 0 0 0 0 0 0 0 0 0 0 0 0 0 0 0 0 0 0 0 0 0 0 0 0 0 0 0 0 0 0 0 0 1 0]
[65873461242298303210547931724522869634938832120629140625937851685697493211399308385045963492791406107761053777743849772909498795529286309457835407427537134214962217329862468784970275507964698520140863068834139038710039010235971264489728829384573 0 0 0 0 0 0 0 0 0 0 0 0 0 0 0 0 0 0 0 0 0 0 0 0 0 0 0 0 0 0 0 0 0 0 0 0 0 0 0 0 0 0 0 0 0 0 0 0 0 0 0 0 0 0 0 0 0 0 0 0 0 0 0 0 0 0 0 0 0 0 0 0 0 0 0 0 0 0 0 0 1]
]
82 83 0
[1 1 1 1 1 1 1 1 1 1 1 1 1 1 1 1 1 1 1 1 1 1 1 1 1 1 1 1 1 1 1 1 1 1 1 1 1 1 1 1 1 1 1 1 1 1 1 1 1 1 1 1 1 1 1 1 1 1 1 1 1 1 1 1 1 1 1 1 1 1 1 1 1 1 1 1 1 1 1 1 1 1 1]
