[[4042086939563978172819195765630949218085205335060718738566717625199371232241129731709023950678635317894246490796917578540352989230506834619150786883265507699085593240814791512529356954156732167241676863019646097316172647223573255299253372982301367 0 0 0 0 0 0 0 0 0 0 0 0 0 0 0 0 0 0 0 0 0 0 0 0 0 0 0 0 0 0 0 0 0 0 0 0 0 0 0 0 0 0 0 0 0 0 0 0 0 0 0 0 0 0 0 0 0 0 0 0 0 0 0 0 0 0 0 0 0 0 0 0 0 0 0 0 0 0 0 0 0]
[3159056586163980183639541007444866743934510227822898289815224992083821968995075820337836338220012413422065401530909104282967596599985049886968418338056745235231466295949412372912228420006674524083777076936472248789578069448111283561869778664594065 1 0 0 0 0 0 0 0 0 0 0 0 0 0 0 0 0 0 0 0 0 0 0 0 0 0 0 0 0 0 0 0 0 0 0 0 0 0 0 0 0 0 0 0 0 0 0 0 0 0 0 0 0 0 0 0 0 0 0 0 0 0 0 0 0 0 0 0 0 0 0 0 0 0 0 0 0 0 0 0 0]
[681145468650543921319066247030076635883195247157782816737878391766091774035747253765120437262842937082051396812583557749927097233007352562702535507672825422403985471069800829225474411375932220400662341184662078181974309922348645753823342863593644 0 1 0 0 0 0 0 0 0 0 0 0 0 0 0 0 0 0 0 0 0 0 0 0 0 0 0 0 0 0 0 0 0 0 0 0 0 0 0 0 0 0 0 0 0 0 0 0 0 0 0 0 0 0 0 0 0 0 0 0 0 0 0 0 0 0 0 0 0 0 0 0 0 0 0 0 0 0 0 0 0]
[3194898444833792073233355336007487166546512131935991586031694856031787848811257814390050240261834091621962589560763080564731019547043020731128735691143244236233662920678364223373215012096540672302951158744844394964547761930668133416981830132675927 0 0 1 0 0 0 0 0 0 0 0 0 0 0 0 0 0 0 0 0 0 0 0 0 0 0 0 0 0 0 0 0 0 0 0 0 0 0 0 0 0 0 0 0 0 0 0 0 0 0 0 0 0 0 0 0 0 0 0 0 0 0 0 0 0 0 0 0 0 0 0 0 0 0 0 0 0 0 0 0 0]
[242076251976385514868817106736575116753633324158534394031015255335134059303095979000195601449510659265304572939734134141141884746195313749831695009564615890297638273662106459593960593503123097201278364691436277770480515024755950556077048507339317 0 0 0 1 0 0 0 0 0 0 0 0 0 0 0 0 0 0 0 0 0 0 0 0 0 0 0 0 0 0 0 0 0 0 0 0 0 0 0 0 0 0 0 0 0 0 0 0 0 0 0 0 0 0 0 0 0 0 0 0 0 0 0 0 0 0 0 0 0 0 0 0 0 0 0 0 0 0 0 0 0]
[568436905828334959197368737411938210454811873539729487208469183168329920003334495318601467285401335742619603877099869158729865901702456446727110100266057054152147229702368594347639843450634997464791627954269037267827431031252076799788079801811833 0 0 0 0 1 0 0 0 0 0 0 0 0 0 0 0 0 0 0 0 0 0 0 0 0 0 0 0 0 0 0 0 0 0 0 0 0 0 0 0 0 0 0 0 0 0 0 0 0 0 0 0 0 0 0 0 0 0 0 0 0 0 0 0 0 0 0 0 0 0 0 0 0 0 0 0 0 0 0 0 0]
[2114330620388083921230295872717487998215298555174246064603649292084005383407991480603757595389743588443695357671488932278630657157000439697328127827204772561843971700919067637228227313378274286062001199996078958223542923873204271922782122624837846 0 0 0 0 0 1 0 0 0 0 0 0 0 0 0 0 0 0 0 0 0 0 0 0 0 0 0 0 0 0 0 0 0 0 0 0 0 0 0 0 0 0 0 0 0 0 0 0 0 0 0 0 0 0 0 0 0 0 0 0 0 0 0 0 0 0 0 0 0 0 0 0 0 0 0 0 0 0 0 0 0]
[760589982096851544264615047707655957007325254846096911172755803407342803892505854760882475424705382925711235603412394252749606794652328926301371025660445128592266100289148180471037485758036889157231813947044367832408605272421316559904056835892925 0 0 0 0 0 0 1 0 0 0 0 0 0 0 0 0 0 0 0 0 0 0 0 0 0 0 0 0 0 0 0 0 0 0 0 0 0 0 0 0 0 0 0 0 0 0 0 0 0 0 0 0 0 0 0 0 0 0 0 0 0 0 0 0 0 0 0 0 0 0 0 0 0 0 0 0 0 0 0 0 0]
[317542067052894962653789205351677286676321384381422547309826014951692892585276795037510400593275255059891387858929479637041620797204093301678294641192086652385889027860050799147139670298969592411270735767881358051458078090150377632237963463091944 0 0 0 0 0 0 0 1 0 0 0 0 0 0 0 0 0 0 0 0 0 0 0 0 0 0 0 0 0 0 0 0 0 0 0 0 0 0 0 0 0 0 0 0 0 0 0 0 0 0 0 0 0 0 0 0 0 0 0 0 0 0 0 0 0 0 0 0 0 0 0 0 0 0 0 0 0 0 0 0 0]
[680592042842741189617499041958307959491404339917751233740346734440831658635449412860999717645295290188632961468172207255702686424336558477514126661131689271842884761168053021580378207580570964508709691654163808942110245021080642166096971202017867 0 0 0 0 0 0 0 0 1 0 0 0 0 0 0 0 0 0 0 0 0 0 0 0 0 0 0 0 0 0 0 0 0 0 0 0 0 0 0 0 0 0 0 0 0 0 0 0 0 0 0 0 0 0 0 0 0 0 0 0 0 0 0 0 0 0 0 0 0 0 0 0 0 0 0 0 0 0 0 0 0]
[1191291349909137092236061833993036539191150487963217777510485726456152356594390539875465771693338778749875639399267900698917865507552448927188484263938089720869771208781466799159297292281553163567722802474604689263695767293704669494302664414478574 0 0 0 0 0 0 0 0 0 1 0 0 0 0 0 0 0 0 0 0 0 0 0 0 0 0 0 0 0 0 0 0 0 0 0 0 0 0 0 0 0 0 0 0 0 0 0 0 0 0 0 0 0 0 0 0 0 0 0 0 0 0 0 0 0 0 0 0 0 0 0 0 0 0 0 0 0 0 0 0 0]
[3296935847620135108871347017433097407392953823584531031739522579724131493762338691302144608120355660886420639100559984907773309344396879324799522428258261978162820393375713461155171593992479433022224195961941448661783771686666757975179192976854399 0 0 0 0 0 0 0 0 0 0 1 0 0 0 0 0 0 0 0 0 0 0 0 0 0 0 0 0 0 0 0 0 0 0 0 0 0 0 0 0 0 0 0 0 0 0 0 0 0 0 0 0 0 0 0 0 0 0 0 0 0 0 0 0 0 0 0 0 0 0 0 0 0 0 0 0 0 0 0 0 0]
[564751856630050107420292865599026972431653886114415519048282650254008673307068888586084373652326362273195758107321207951157775179594010257813210627212175510968363890557093146127386276965780360258129229501098730300942446509242261344585462158721961 0 0 0 0 0 0 0 0 0 0 0 1 0 0 0 0 0 0 0 0 0 0 0 0 0 0 0 0 0 0 0 0 0 0 0 0 0 0 0 0 0 0 0 0 0 0 0 0 0 0 0 0 0 0 0 0 0 0 0 0 0 0 0 0 0 0 0 0 0 0 0 0 0 0 0 0 0 0 0 0 0]
[1793958231661203534522976190848261130093731542625888718498669954668120524320556538248365148915489950954056574150687259033058971153191825045386332540819018726351852612233855803437424310449360765274047171485314793919395642258138393761616654016225565 0 0 0 0 0 0 0 0 0 0 0 0 1 0 0 0 0 0 0 0 0 0 0 0 0 0 0 0 0 0 0 0 0 0 0 0 0 0 0 0 0 0 0 0 0 0 0 0 0 0 0 0 0 0 0 0 0 0 0 0 0 0 0 0 0 0 0 0 0 0 0 0 0 0 0 0 0 0 0 0 0]
[251570892645528208064361668728952548080083124275819962517466954470981566619151447593250605316243798975881698958019940135818284384185802226895882912870300458124658943635201338368179922421903032571598441367259967677952614710510306333065447158048376 0 0 0 0 0 0 0 0 0 0 0 0 0 1 0 0 0 0 0 0 0 0 0 0 0 0 0 0 0 0 0 0 0 0 0 0 0 0 0 0 0 0 0 0 0 0 0 0 0 0 0 0 0 0 0 0 0 0 0 0 0 0 0 0 0 0 0 0 0 0 0 0 0 0 0 0 0 0 0 0 0]
[3626043872187205448872704928538984138532338059350610595050450075119407566604198473383113349584064722075925661633448111169594955071367588101309298524085590168564927415114871463585695893607256395969378427338197143034905688543647821204994809414944329 0 0 0 0 0 0 0 0 0 0 0 0 0 0 1 0 0 0 0 0 0 0 0 0 0 0 0 0 0 0 0 0 0 0 0 0 0 0 0 0 0 0 0 0 0 0 0 0 0 0 0 0 0 0 0 0 0 0 0 0 0 0 0 0 0 0 0 0 0 0 0 0 0 0 0 0 0 0 0 0 0]
[3191400230078293757324168192271230511219906335124589519843041250083179198151890785750389185262830839919724405269050099971252315059550854151191418573477607171154434024130053725988345356278475204677116441522603643539859558173372477799008520560224305 0 0 0 0 0 0 0 0 0 0 0 0 0 0 0 1 0 0 0 0 0 0 0 0 0 0 0 0 0 0 0 0 0 0 0 0 0 0 0 0 0 0 0 0 0 0 0 0 0 0 0 0 0 0 0 0 0 0 0 0 0 0 0 0 0 0 0 0 0 0 0 0 0 0 0 0 0 0 0 0 0]
[3934917730741044710255072634462052157044419165208861049466208250600328928300073703908079209518647860350051456270158884795485222847210367792459651980020370230504647714159813039899709334620711695907359146491116021490792029828434676632327460483456220 0 0 0 0 0 0 0 0 0 0 0 0 0 0 0 0 1 0 0 0 0 0 0 0 0 0 0 0 0 0 0 0 0 0 0 0 0 0 0 0 0 0 0 0 0 0 0 0 0 0 0 0 0 0 0 0 0 0 0 0 0 0 0 0 0 0 0 0 0 0 0 0 0 0 0 0 0 0 0 0 0]
[2462596413522014468569305440824654955952227345449537846129597066546365317351120818201953699279815979771127588721986206462867016405000526083884384231033538526354781626623127328659510048331443164405118596915191997453121780349288177168430388769626202 0 0 0 0 0 0 0 0 0 0 0 0 0 0 0 0 0 1 0 0 0 0 0 0 0 0 0 0 0 0 0 0 0 0 0 0 0 0 0 0 0 0 0 0 0 0 0 0 0 0 0 0 0 0 0 0 0 0 0 0 0 0 0 0 0 0 0 0 0 0 0 0 0 0 0 0 0 0 0 0 0]
[3987119699767933709360697169707554851208528840058677156324826094264429915193895712011399010163461437113262195036932331679453266142071677758454815135038095429984921350728703101807240412540046417096954645247685941659200891319967900514712545393627544 0 0 0 0 0 0 0 0 0 0 0 0 0 0 0 0 0 0 1 0 0 0 0 0 0 0 0 0 0 0 0 0 0 0 0 0 0 0 0 0 0 0 0 0 0 0 0 0 0 0 0 0 0 0 0 0 0 0 0 0 0 0 0 0 0 0 0 0 0 0 0 0 0 0 0 0 0 0 0 0 0]
[246313116024833706507948771267344996722032788950897267314164522052417455873868420349414231862968676646968317194043806048257943838751742524219716520065322411888596281805261519221224767646836990102822074103604774445169405437810812434663040870163943 0 0 0 0 0 0 0 0 0 0 0 0 0 0 0 0 0 0 0 1 0 0 0 0 0 0 0 0 0 0 0 0 0 0 0 0 0 0 0 0 0 0 0 0 0 0 0 0 0 0 0 0 0 0 0 0 0 0 0 0 0 0 0 0 0 0 0 0 0 0 0 0 0 0 0 0 0 0 0 0 0]
[2606745544060462339397555439085760631172384829374600585930583373971731407871680198108225036503532520790372241197382800207179353749025002479733458185164073425541194292182633478585395800434471956189851295958275057375842842970021193297857837778693863 0 0 0 0 0 0 0 0 0 0 0 0 0 0 0 0 0 0 0 0 1 0 0 0 0 0 0 0 0 0 0 0 0 0 0 0 0 0 0 0 0 0 0 0 0 0 0 0 0 0 0 0 0 0 0 0 0 0 0 0 0 0 0 0 0 0 0 0 0 0 0 0 0 0 0 0 0 0 0 0 0]
[134230089332387109105046463695867947966951004227385310350646486887231993643194796389721142922546154468245948137152562873890321625898725521510632230199150463606219372573610281812681666241472621636741153594519813020357122499191177203064024271428337 0 0 0 0 0 0 0 0 0 0 0 0 0 0 0 0 0 0 0 0 0 1 0 0 0 0 0 0 0 0 0 0 0 0 0 0 0 0 0 0 0 0 0 0 0 0 0 0 0 0 0 0 0 0 0 0 0 0 0 0 0 0 0 0 0 0 0 0 0 0 0 0 0 0 0 0 0 0 0 0 0]
[2351779024811254018106285897766293591317783318589287513038390292872002223344226461619853194286976541431219311237906817383369841694315164079568071830268689996540501763589790277571286822655604998341206462053677164713418571432642985375038657097475831 0 0 0 0 0 0 0 0 0 0 0 0 0 0 0 0 0 0 0 0 0 0 1 0 0 0 0 0 0 0 0 0 0 0 0 0 0 0 0 0 0 0 0 0 0 0 0 0 0 0 0 0 0 0 0 0 0 0 0 0 0 0 0 0 0 0 0 0 0 0 0 0 0 0 0 0 0 0 0 0 0]
[478813924869349744733646623378608761412929314538088539018166191974953917233364316790620024615751775859964983232256987389293100663288039100867664540268148664541462431017609581765506728514577281132310050565038524231434317518845660369311463374580134 0 0 0 0 0 0 0 0 0 0 0 0 0 0 0 0 0 0 0 0 0 0 0 1 0 0 0 0 0 0 0 0 0 0 0 0 0 0 0 0 0 0 0 0 0 0 0 0 0 0 0 0 0 0 0 0 0 0 0 0 0 0 0 0 0 0 0 0 0 0 0 0 0 0 0 0 0 0 0 0 0]
[376856433285872116150727996069284645450303789392522425686459366989597077235215761775502372928862002177233777423291384108594805785784066596905977491458943334552901861427542241822802851815351325669110132053094518642703046163496066953791336007965979 0 0 0 0 0 0 0 0 0 0 0 0 0 0 0 0 0 0 0 0 0 0 0 0 1 0 0 0 0 0 0 0 0 0 0 0 0 0 0 0 0 0 0 0 0 0 0 0 0 0 0 0 0 0 0 0 0 0 0 0 0 0 0 0 0 0 0 0 0 0 0 0 0 0 0 0 0 0 0 0 0]
[3195719739997228097981063684253998359391050214985586743043227214534430894038942845227415880458197453817236333119199268452483626612953171744261983961379895457926953087828508092164191865496581574163733080022790685151532675288472385056016972395265634 0 0 0 0 0 0 0 0 0 0 0 0 0 0 0 0 0 0 0 0 0 0 0 0 0 1 0 0 0 0 0 0 0 0 0 0 0 0 0 0 0 0 0 0 0 0 0 0 0 0 0 0 0 0 0 0 0 0 0 0 0 0 0 0 0 0 0 0 0 0 0 0 0 0 0 0 0 0 0 0 0]
[877202663121720332458974959757878750727718233264057901024724814228222758440184347339790597212271620572696429541156573797669131983560326720019529035381092418266889187148233629094003297572211356414465281144662060747335441340594822557773768175796861 0 0 0 0 0 0 0 0 0 0 0 0 0 0 0 0 0 0 0 0 0 0 0 0 0 0 1 0 0 0 0 0 0 0 0 0 0 0 0 0 0 0 0 0 0 0 0 0 0 0 0 0 0 0 0 0 0 0 0 0 0 0 0 0 0 0 0 0 0 0 0 0 0 0 0 0 0 0 0 0 0]
[586369536139537101855879148807626425666236198135898423889994737314311067007378533813186416407822858478544250842655869867732728897938128086841208351804338070045606697159686900846752325941702164426126109918608711054759083420788354343041848791789471 0 0 0 0 0 0 0 0 0 0 0 0 0 0 0 0 0 0 0 0 0 0 0 0 0 0 0 1 0 0 0 0 0 0 0 0 0 0 0 0 0 0 0 0 0 0 0 0 0 0 0 0 0 0 0 0 0 0 0 0 0 0 0 0 0 0 0 0 0 0 0 0 0 0 0 0 0 0 0 0 0]
[118917942457349494102347201545982865175399853901984283237845439978492698543089524452888412956981880233365079319472259254745007341457870388835969003919266528435760282107903954748512636674364437001272612906943888362570343420996147928444711335945990 0 0 0 0 0 0 0 0 0 0 0 0 0 0 0 0 0 0 0 0 0 0 0 0 0 0 0 0 1 0 0 0 0 0 0 0 0 0 0 0 0 0 0 0 0 0 0 0 0 0 0 0 0 0 0 0 0 0 0 0 0 0 0 0 0 0 0 0 0 0 0 0 0 0 0 0 0 0 0 0 0]
[798721752732766255173683458468080122896503822023037335067136643279565787134922245378773104648053235280209012507311837109207047159227251175288749210001367014406427841254199163900771920695674940533168231043526756499338441864805696142011905554324313 0 0 0 0 0 0 0 0 0 0 0 0 0 0 0 0 0 0 0 0 0 0 0 0 0 0 0 0 0 1 0 0 0 0 0 0 0 0 0 0 0 0 0 0 0 0 0 0 0 0 0 0 0 0 0 0 0 0 0 0 0 0 0 0 0 0 0 0 0 0 0 0 0 0 0 0 0 0 0 0 0]
[1795590344401617590063209063709673680204043425972866993547880186652954391207159339705069414331045156811640512913648198686671819705761037807951451511351916231138165357114802492714588392151110530524489581879462466665472137714188972007361622304575586 0 0 0 0 0 0 0 0 0 0 0 0 0 0 0 0 0 0 0 0 0 0 0 0 0 0 0 0 0 0 1 0 0 0 0 0 0 0 0 0 0 0 0 0 0 0 0 0 0 0 0 0 0 0 0 0 0 0 0 0 0 0 0 0 0 0 0 0 0 0 0 0 0 0 0 0 0 0 0 0 0]
[1487204074451047135873512671111696939123658111502817380471964912397868622131774610312346510642829994769638665407059903888234053799216820957397713129147494703813151741848192077643209579863938699784255500374595868282051436189101468706814658507679448 0 0 0 0 0 0 0 0 0 0 0 0 0 0 0 0 0 0 0 0 0 0 0 0 0 0 0 0 0 0 0 1 0 0 0 0 0 0 0 0 0 0 0 0 0 0 0 0 0 0 0 0 0 0 0 0 0 0 0 0 0 0 0 0 0 0 0 0 0 0 0 0 0 0 0 0 0 0 0 0 0]
[3597764557950913785510587431988160790760108156805583325613865531974035767080279580432648450509955776900981236591349654796400372240392614874198281955340873631303062785851481853094722941375048184051436096830218380644778266664793027282329887368682997 0 0 0 0 0 0 0 0 0 0 0 0 0 0 0 0 0 0 0 0 0 0 0 0 0 0 0 0 0 0 0 0 1 0 0 0 0 0 0 0 0 0 0 0 0 0 0 0 0 0 0 0 0 0 0 0 0 0 0 0 0 0 0 0 0 0 0 0 0 0 0 0 0 0 0 0 0 0 0 0 0]
[795321542960789569700636250923281593217486501875495907444834907062796254036820706383988523054477244362172105175796414891852765586521995642817861658506175652688084548121777004474296767704370048745864343946488682804562082478363637242825119504069955 0 0 0 0 0 0 0 0 0 0 0 0 0 0 0 0 0 0 0 0 0 0 0 0 0 0 0 0 0 0 0 0 0 1 0 0 0 0 0 0 0 0 0 0 0 0 0 0 0 0 0 0 0 0 0 0 0 0 0 0 0 0 0 0 0 0 0 0 0 0 0 0 0 0 0 0 0 0 0 0 0]
[2562539288549705506858546626881243338733699425412327253673667526015018370574179734523516725681866091311284492103542849015995639616652156549696477403233191674916152155975401445075366689100038293003997973963093753969086939527588437309170632449124757 0 0 0 0 0 0 0 0 0 0 0 0 0 0 0 0 0 0 0 0 0 0 0 0 0 0 0 0 0 0 0 0 0 0 1 0 0 0 0 0 0 0 0 0 0 0 0 0 0 0 0 0 0 0 0 0 0 0 0 0 0 0 0 0 0 0 0 0 0 0 0 0 0 0 0 0 0 0 0 0 0]
[3694459451481560095876478143806212781040128961442498516446606920696408876376896783913450256519196004221286320026346938462511094329569012232547487499386767537649371886621356206242778627895583997460602461464539782650661567627400786910094259813078517 0 0 0 0 0 0 0 0 0 0 0 0 0 0 0 0 0 0 0 0 0 0 0 0 0 0 0 0 0 0 0 0 0 0 0 1 0 0 0 0 0 0 0 0 0 0 0 0 0 0 0 0 0 0 0 0 0 0 0 0 0 0 0 0 0 0 0 0 0 0 0 0 0 0 0 0 0 0 0 0 0]
[3482076940762307569491548169921369282376235165408658617969745733363008505138475513454903203297109588776267387718109308201062016561042647518037088346838054091813640093996780161983871728770211425070108321736223584603532140318040904919631129922044621 0 0 0 0 0 0 0 0 0 0 0 0 0 0 0 0 0 0 0 0 0 0 0 0 0 0 0 0 0 0 0 0 0 0 0 0 1 0 0 0 0 0 0 0 0 0 0 0 0 0 0 0 0 0 0 0 0 0 0 0 0 0 0 0 0 0 0 0 0 0 0 0 0 0 0 0 0 0 0 0 0]
[710007768892312274862936048633214490473931310333206912191486211426073955721359401672995099551766828082316151471320839972834589522733000494446315052600371969278160261182814970196045079548087654630150294922202429108501921203252569662550656101788510 0 0 0 0 0 0 0 0 0 0 0 0 0 0 0 0 0 0 0 0 0 0 0 0 0 0 0 0 0 0 0 0 0 0 0 0 0 1 0 0 0 0 0 0 0 0 0 0 0 0 0 0 0 0 0 0 0 0 0 0 0 0 0 0 0 0 0 0 0 0 0 0 0 0 0 0 0 0 0 0 0]
[3978873608486801442295956798879571197405187101759482724557925586345758737763913341781602271593855937178435528423918866796226742058017897745039865846229475397326941759933553611704597814483918641125320831582560300104872626256022270889928190212397273 0 0 0 0 0 0 0 0 0 0 0 0 0 0 0 0 0 0 0 0 0 0 0 0 0 0 0 0 0 0 0 0 0 0 0 0 0 0 1 0 0 0 0 0 0 0 0 0 0 0 0 0 0 0 0 0 0 0 0 0 0 0 0 0 0 0 0 0 0 0 0 0 0 0 0 0 0 0 0 0 0]
[785613467964053305395028438304294917036732770634246755524176945111075555460638927651897528532866549666988644829990149841487841489052560188897366177515971981126463689860487687168723581909373726256033654889395862410967479029042440701745967508929096 0 0 0 0 0 0 0 0 0 0 0 0 0 0 0 0 0 0 0 0 0 0 0 0 0 0 0 0 0 0 0 0 0 0 0 0 0 0 0 1 0 0 0 0 0 0 0 0 0 0 0 0 0 0 0 0 0 0 0 0 0 0 0 0 0 0 0 0 0 0 0 0 0 0 0 0 0 0 0 0 0]
[3733430640814256978905879349687781900470459958993338383751955611967018288168458864852143837702211615184182887186042230543756124356408774051048666046705776225028908449862591965846073261881502632522745642899896974775695099125029675386956287707288257 0 0 0 0 0 0 0 0 0 0 0 0 0 0 0 0 0 0 0 0 0 0 0 0 0 0 0 0 0 0 0 0 0 0 0 0 0 0 0 0 1 0 0 0 0 0 0 0 0 0 0 0 0 0 0 0 0 0 0 0 0 0 0 0 0 0 0 0 0 0 0 0 0 0 0 0 0 0 0 0 0]
[186772164064435820783704973435023304259711897771717084998769571383895783048687105809066430792726979908498662513835746117187794544047206382432463504324179477041217316399211166121988025443093866009916275198146461995464087380349395152872419029202892 0 0 0 0 0 0 0 0 0 0 0 0 0 0 0 0 0 0 0 0 0 0 0 0 0 0 0 0 0 0 0 0 0 0 0 0 0 0 0 0 0 1 0 0 0 0 0 0 0 0 0 0 0 0 0 0 0 0 0 0 0 0 0 0 0 0 0 0 0 0 0 0 0 0 0 0 0 0 0 0 0]
[93678554108959405248374136249113127662565286223759586889813248049715716783097330512402811247592755874601713815566895526701681310178569432880160912314814672317772331396359352647576913529128668630312494358509710301818538308341866596962038593229141 0 0 0 0 0 0 0 0 0 0 0 0 0 0 0 0 0 0 0 0 0 0 0 0 0 0 0 0 0 0 0 0 0 0 0 0 0 0 0 0 0 0 1 0 0 0 0 0 0 0 0 0 0 0 0 0 0 0 0 0 0 0 0 0 0 0 0 0 0 0 0 0 0 0 0 0 0 0 0 0 0]
[136121250009377189006380449334667686250296268191963832807272486766417052314154717304185471826562831045950797989521722398251152530829016304855647526819563851650429319637597918215130759337195613013883811821067235158632120562386532188121572932002656 0 0 0 0 0 0 0 0 0 0 0 0 0 0 0 0 0 0 0 0 0 0 0 0 0 0 0 0 0 0 0 0 0 0 0 0 0 0 0 0 0 0 0 1 0 0 0 0 0 0 0 0 0 0 0 0 0 0 0 0 0 0 0 0 0 0 0 0 0 0 0 0 0 0 0 0 0 0 0 0 0]
[3225343273685825511960256472110405062089684848441177263749748872270822144225064308083323872889099729024146759104949520357985553403772299366587048720749923176900471384269131693270378988446232394542480079917020702041069662937470493891932044231580911 0 0 0 0 0 0 0 0 0 0 0 0 0 0 0 0 0 0 0 0 0 0 0 0 0 0 0 0 0 0 0 0 0 0 0 0 0 0 0 0 0 0 0 0 1 0 0 0 0 0 0 0 0 0 0 0 0 0 0 0 0 0 0 0 0 0 0 0 0 0 0 0 0 0 0 0 0 0 0 0 0]
[2511907119151584629505682402740429689523658301510518248332024736014401722193098709706327470646304396935173425431713403038963824945713039269969173807306243761698404574480969063842032154518553172144124027402902790314562452207800485301513888499865650 0 0 0 0 0 0 0 0 0 0 0 0 0 0 0 0 0 0 0 0 0 0 0 0 0 0 0 0 0 0 0 0 0 0 0 0 0 0 0 0 0 0 0 0 0 1 0 0 0 0 0 0 0 0 0 0 0 0 0 0 0 0 0 0 0 0 0 0 0 0 0 0 0 0 0 0 0 0 0 0 0]
[1798813477626793121921641759227273143462254830144002557265699483236927612902256732982858503753139013156672844769485805781296119517650588155572615780898959059024891674221105979874993204702601548867151558448614954328828791829319398407656554198172049 0 0 0 0 0 0 0 0 0 0 0 0 0 0 0 0 0 0 0 0 0 0 0 0 0 0 0 0 0 0 0 0 0 0 0 0 0 0 0 0 0 0 0 0 0 0 1 0 0 0 0 0 0 0 0 0 0 0 0 0 0 0 0 0 0 0 0 0 0 0 0 0 0 0 0 0 0 0 0 0 0]
[1382203075912059364411532119959735443380000842077521098209014760095445718355532524051920522669363741155698193368164887051247447783437237802415448176473519980748719043280535275572223012651555780652940595066437018702892720690496238536821698640331552 0 0 0 0 0 0 0 0 0 0 0 0 0 0 0 0 0 0 0 0 0 0 0 0 0 0 0 0 0 0 0 0 0 0 0 0 0 0 0 0 0 0 0 0 0 0 0 1 0 0 0 0 0 0 0 0 0 0 0 0 0 0 0 0 0 0 0 0 0 0 0 0 0 0 0 0 0 0 0 0 0]
[877390223155944826450079922580295800165964628517540506448698329630753918206905216095312175288731856030439236796421032179842135578958530188751035334137431222047385718645138429907451099512582988688352123315477405352414525629533170034599326412564447 0 0 0 0 0 0 0 0 0 0 0 0 0 0 0 0 0 0 0 0 0 0 0 0 0 0 0 0 0 0 0 0 0 0 0 0 0 0 0 0 0 0 0 0 0 0 0 0 1 0 0 0 0 0 0 0 0 0 0 0 0 0 0 0 0 0 0 0 0 0 0 0 0 0 0 0 0 0 0 0 0]
[32747902920504462055124680320263195725292208958536898783822311063747198029774364575424248357068409857514684771602601948314658949465161820859591201623939931965585142358576152201262779517720947523441310226110883873887971872893224283594657755520591 0 0 0 0 0 0 0 0 0 0 0 0 0 0 0 0 0 0 0 0 0 0 0 0 0 0 0 0 0 0 0 0 0 0 0 0 0 0 0 0 0 0 0 0 0 0 0 0 0 1 0 0 0 0 0 0 0 0 0 0 0 0 0 0 0 0 0 0 0 0 0 0 0 0 0 0 0 0 0 0 0]
[717451615953286202095261445898603936256517834833436061716931056016080762607444800240234425686872703865035840856026675209687577884389929571224517127932439179912004469283075848953852864068455365467045085882985754484778308785548941738589244091162884 0 0 0 0 0 0 0 0 0 0 0 0 0 0 0 0 0 0 0 0 0 0 0 0 0 0 0 0 0 0 0 0 0 0 0 0 0 0 0 0 0 0 0 0 0 0 0 0 0 0 1 0 0 0 0 0 0 0 0 0 0 0 0 0 0 0 0 0 0 0 0 0 0 0 0 0 0 0 0 0 0]
[3613179088260887601926824474056363729908524569930635538167699747643486245500013709169108652770435791346155499247694153933840614125687094051305564955581546446786233256774138690504106845983105457989195440743596492244971648947347031354752390142360394 0 0 0 0 0 0 0 0 0 0 0 0 0 0 0 0 0 0 0 0 0 0 0 0 0 0 0 0 0 0 0 0 0 0 0 0 0 0 0 0 0 0 0 0 0 0 0 0 0 0 0 1 0 0 0 0 0 0 0 0 0 0 0 0 0 0 0 0 0 0 0 0 0 0 0 0 0 0 0 0 0]
[3938012535196242060299336170608226496529429409144177681207000098244317233887572699380105288660671302525435179050349221762722335843010472669403119271193928937575228011769835893940483301802521291010783813657861355573851264438937315555508705502967793 0 0 0 0 0 0 0 0 0 0 0 0 0 0 0 0 0 0 0 0 0 0 0 0 0 0 0 0 0 0 0 0 0 0 0 0 0 0 0 0 0 0 0 0 0 0 0 0 0 0 0 0 1 0 0 0 0 0 0 0 0 0 0 0 0 0 0 0 0 0 0 0 0 0 0 0 0 0 0 0 0]
[1455719690215536838437269099012384295234513723862085627037581990700303401529016536226155757663856495603681520207901670244023128339824966410349023873805056364786449149295771471458856483231922958911820813333467343918113573330556982795571622234169868 0 0 0 0 0 0 0 0 0 0 0 0 0 0 0 0 0 0 0 0 0 0 0 0 0 0 0 0 0 0 0 0 0 0 0 0 0 0 0 0 0 0 0 0 0 0 0 0 0 0 0 0 0 1 0 0 0 0 0 0 0 0 0 0 0 0 0 0 0 0 0 0 0 0 0 0 0 0 0 0 0]
[3877946888653305408900485546886923105823764460855730563626318825596857999831369440690821916773949214852939954328830794567001912119866161588539817869782360253547186728886421847164698793123379864403616774183869609819934800680526060673974219869921013 0 0 0 0 0 0 0 0 0 0 0 0 0 0 0 0 0 0 0 0 0 0 0 0 0 0 0 0 0 0 0 0 0 0 0 0 0 0 0 0 0 0 0 0 0 0 0 0 0 0 0 0 0 0 1 0 0 0 0 0 0 0 0 0 0 0 0 0 0 0 0 0 0 0 0 0 0 0 0 0 0]
[1170015916015519664645907855423801435774297503345733879769711317598316793305889162199062426033492649222253746328969752574854398742199361528415918857079665095136541968473118704033234611900695882677670858398716423753679814960352824080940789706952804 0 0 0 0 0 0 0 0 0 0 0 0 0 0 0 0 0 0 0 0 0 0 0 0 0 0 0 0 0 0 0 0 0 0 0 0 0 0 0 0 0 0 0 0 0 0 0 0 0 0 0 0 0 0 0 1 0 0 0 0 0 0 0 0 0 0 0 0 0 0 0 0 0 0 0 0 0 0 0 0 0]
[2397109451563073983460119141619039893556437657243835349813914615904735277781765595901317072941911124433537249027604966046943481300462002385921439289409387205245423089482744210956686765445582042839749349233481099187495615275302191829436902697996016 0 0 0 0 0 0 0 0 0 0 0 0 0 0 0 0 0 0 0 0 0 0 0 0 0 0 0 0 0 0 0 0 0 0 0 0 0 0 0 0 0 0 0 0 0 0 0 0 0 0 0 0 0 0 0 0 1 0 0 0 0 0 0 0 0 0 0 0 0 0 0 0 0 0 0 0 0 0 0 0 0]
[1111945837075914797894119322438265157092504742772682925889706210688859186144078068242322640665776113216289335697454999747672986302001538476344511310569430572255383685512362201214608456589049499940825206046310391521235196126460400445742710508926339 0 0 0 0 0 0 0 0 0 0 0 0 0 0 0 0 0 0 0 0 0 0 0 0 0 0 0 0 0 0 0 0 0 0 0 0 0 0 0 0 0 0 0 0 0 0 0 0 0 0 0 0 0 0 0 0 0 1 0 0 0 0 0 0 0 0 0 0 0 0 0 0 0 0 0 0 0 0 0 0 0]
[2125857964643870809028178395352381269073201804995265637128417634555735860247465439905230816359585022018228779319174234727838946944594872810273127113372818851874224987654144530873050548143648728034838117789601649352180175010353543540640042102046962 0 0 0 0 0 0 0 0 0 0 0 0 0 0 0 0 0 0 0 0 0 0 0 0 0 0 0 0 0 0 0 0 0 0 0 0 0 0 0 0 0 0 0 0 0 0 0 0 0 0 0 0 0 0 0 0 0 0 1 0 0 0 0 0 0 0 0 0 0 0 0 0 0 0 0 0 0 0 0 0 0]
[2298613750520590372570694408425741527809831537375076899199014252678431212261123981875708947103857072618916508244180947579720284769544625257379264261867053723140231160735345434916626866224273885525274180671723769658894680701216207662012048435802793 0 0 0 0 0 0 0 0 0 0 0 0 0 0 0 0 0 0 0 0 0 0 0 0 0 0 0 0 0 0 0 0 0 0 0 0 0 0 0 0 0 0 0 0 0 0 0 0 0 0 0 0 0 0 0 0 0 0 0 1 0 0 0 0 0 0 0 0 0 0 0 0 0 0 0 0 0 0 0 0 0]
[16359126385087272814188515671753825735797614738167312013817008686217565363017589725525735947759377516426922128189129469272401721239823795608371947708602308434927203046324667397808308009067214315347433336555028103788482855721539319439083758702607 0 0 0 0 0 0 0 0 0 0 0 0 0 0 0 0 0 0 0 0 0 0 0 0 0 0 0 0 0 0 0 0 0 0 0 0 0 0 0 0 0 0 0 0 0 0 0 0 0 0 0 0 0 0 0 0 0 0 0 0 1 0 0 0 0 0 0 0 0 0 0 0 0 0 0 0 0 0 0 0 0]
[617554498351246632755219749242012006696870097502516393998890714748294657071609310545489069560764669518991052866146709717876332318566976154846141997187563438292361428015245201742190258398672032896998446602113248048932357306838717964989092827150782 0 0 0 0 0 0 0 0 0 0 0 0 0 0 0 0 0 0 0 0 0 0 0 0 0 0 0 0 0 0 0 0 0 0 0 0 0 0 0 0 0 0 0 0 0 0 0 0 0 0 0 0 0 0 0 0 0 0 0 0 0 1 0 0 0 0 0 0 0 0 0 0 0 0 0 0 0 0 0 0 0]
[3342288777951621580663416555353652405271172674687784751083437866161749647386707355292436919483138045126209209819972276995479806184771858036074998097718629553158675470566455839463160448281759615541248878814434256962509406499180654105699335223816319 0 0 0 0 0 0 0 0 0 0 0 0 0 0 0 0 0 0 0 0 0 0 0 0 0 0 0 0 0 0 0 0 0 0 0 0 0 0 0 0 0 0 0 0 0 0 0 0 0 0 0 0 0 0 0 0 0 0 0 0 0 0 1 0 0 0 0 0 0 0 0 0 0 0 0 0 0 0 0 0 0]
[2840166824389723576359860741636488448050130649563678734577913791583037941133951494585038002444419339977683166373655093277553140427321928351117889662449510950412196750908583932212203766918810787052330854453185150214508973101489906518073813672974325 0 0 0 0 0 0 0 0 0 0 0 0 0 0 0 0 0 0 0 0 0 0 0 0 0 0 0 0 0 0 0 0 0 0 0 0 0 0 0 0 0 0 0 0 0 0 0 0 0 0 0 0 0 0 0 0 0 0 0 0 0 0 0 1 0 0 0 0 0 0 0 0 0 0 0 0 0 0 0 0 0]
[1572051426491571156403966482964741553584222153250123410701945948718515201055550088436778147002567330147808070382574595409557755434277818136255558269784268117129459887596713295824120044328420408222677420218093986431261880551759227373747337911712920 0 0 0 0 0 0 0 0 0 0 0 0 0 0 0 0 0 0 0 0 0 0 0 0 0 0 0 0 0 0 0 0 0 0 0 0 0 0 0 0 0 0 0 0 0 0 0 0 0 0 0 0 0 0 0 0 0 0 0 0 0 0 0 0 1 0 0 0 0 0 0 0 0 0 0 0 0 0 0 0 0]
[2111964440716690291680161086273481684151995872075764610065532973463179829854817805165639029468914077956124291981572248205906126834310618458129544380554384814553202595603355587165292806494332386587923177771268499181734953418141287530686291163622742 0 0 0 0 0 0 0 0 0 0 0 0 0 0 0 0 0 0 0 0 0 0 0 0 0 0 0 0 0 0 0 0 0 0 0 0 0 0 0 0 0 0 0 0 0 0 0 0 0 0 0 0 0 0 0 0 0 0 0 0 0 0 0 0 0 1 0 0 0 0 0 0 0 0 0 0 0 0 0 0 0]
[3222330663702073938938203984293801460056748963151180524376235492962273856294071790043486178094318165216314998830060461083821853033463775411097026548274292142472902389089019439211274497608441830230767059930057454098868457320763138076835414710450509 0 0 0 0 0 0 0 0 0 0 0 0 0 0 0 0 0 0 0 0 0 0 0 0 0 0 0 0 0 0 0 0 0 0 0 0 0 0 0 0 0 0 0 0 0 0 0 0 0 0 0 0 0 0 0 0 0 0 0 0 0 0 0 0 0 0 1 0 0 0 0 0 0 0 0 0 0 0 0 0 0]
[20614210994419126619183645467738483225127597747908355572616825727915436055061284056410966399479021606855459579964302449023516140559176918005869544664502978505214826800880338814317553495081113897394007764227462039693750690094766175922513271526122 0 0 0 0 0 0 0 0 0 0 0 0 0 0 0 0 0 0 0 0 0 0 0 0 0 0 0 0 0 0 0 0 0 0 0 0 0 0 0 0 0 0 0 0 0 0 0 0 0 0 0 0 0 0 0 0 0 0 0 0 0 0 0 0 0 0 0 1 0 0 0 0 0 0 0 0 0 0 0 0 0]
[872340860961139726887874297604318464419008157026281197677223997934997830637277054822299499857361720177287237878903333365430616314941107188773673666701296615114942042864470027788340378435509771591071284614064430908125139045615262765191936725406694 0 0 0 0 0 0 0 0 0 0 0 0 0 0 0 0 0 0 0 0 0 0 0 0 0 0 0 0 0 0 0 0 0 0 0 0 0 0 0 0 0 0 0 0 0 0 0 0 0 0 0 0 0 0 0 0 0 0 0 0 0 0 0 0 0 0 0 0 1 0 0 0 0 0 0 0 0 0 0 0 0]
[316312431071289738677189622959568099830964815611017036727751209982365178546587219781529412958022344453351624536842248859803029414243541864972913654716733709639845401656285182175362793271983344193665316084872425816859331760328797261361813516867653 0 0 0 0 0 0 0 0 0 0 0 0 0 0 0 0 0 0 0 0 0 0 0 0 0 0 0 0 0 0 0 0 0 0 0 0 0 0 0 0 0 0 0 0 0 0 0 0 0 0 0 0 0 0 0 0 0 0 0 0 0 0 0 0 0 0 0 0 0 1 0 0 0 0 0 0 0 0 0 0 0]
[3583857757376409224256905044016085259507273739784760988406993048456641393733648692416560791938919447754687893880166814985788997757643062399605276214864002244207015790193120400704903789733997923749463890029923938740519240295859314754685660950752415 0 0 0 0 0 0 0 0 0 0 0 0 0 0 0 0 0 0 0 0 0 0 0 0 0 0 0 0 0 0 0 0 0 0 0 0 0 0 0 0 0 0 0 0 0 0 0 0 0 0 0 0 0 0 0 0 0 0 0 0 0 0 0 0 0 0 0 0 0 0 1 0 0 0 0 0 0 0 0 0 0]
[437453703562857953604324644303228169850347464526064648908519587705420606367968842953476241230684913882564959654528040185890915277176295601753866524181351330471242270870812102946470447638563623987832052291598898957313955562368179456513037469055255 0 0 0 0 0 0 0 0 0 0 0 0 0 0 0 0 0 0 0 0 0 0 0 0 0 0 0 0 0 0 0 0 0 0 0 0 0 0 0 0 0 0 0 0 0 0 0 0 0 0 0 0 0 0 0 0 0 0 0 0 0 0 0 0 0 0 0 0 0 0 0 1 0 0 0 0 0 0 0 0 0]
[3591850588176800851980539300033696239554496754647870081638948619609835255039839849460066510797684554636727689929167825076152759518265264475020721574377530373065962433371705915736107805219332911687006747012733004691390286900238764682023697525408500 0 0 0 0 0 0 0 0 0 0 0 0 0 0 0 0 0 0 0 0 0 0 0 0 0 0 0 0 0 0 0 0 0 0 0 0 0 0 0 0 0 0 0 0 0 0 0 0 0 0 0 0 0 0 0 0 0 0 0 0 0 0 0 0 0 0 0 0 0 0 0 0 1 0 0 0 0 0 0 0 0]
[1001513167229181810905135064164986141635781949383956413069761988962349328250114749557167793186459980626910061846353462709603907378460783829467411146092662364301850092539711961204286830579328223736857207171214894279124775845535577185812116907767945 0 0 0 0 0 0 0 0 0 0 0 0 0 0 0 0 0 0 0 0 0 0 0 0 0 0 0 0 0 0 0 0 0 0 0 0 0 0 0 0 0 0 0 0 0 0 0 0 0 0 0 0 0 0 0 0 0 0 0 0 0 0 0 0 0 0 0 0 0 0 0 0 0 1 0 0 0 0 0 0 0]
[3947747763211688136012519622312944381360649793144170780350382312940941355247165394590366929956644393496580667616115279321836269176328565030577748586551282263378094707613190269966104463538765820469927889316775837800697727430962613160120753822960239 0 0 0 0 0 0 0 0 0 0 0 0 0 0 0 0 0 0 0 0 0 0 0 0 0 0 0 0 0 0 0 0 0 0 0 0 0 0 0 0 0 0 0 0 0 0 0 0 0 0 0 0 0 0 0 0 0 0 0 0 0 0 0 0 0 0 0 0 0 0 0 0 0 0 1 0 0 0 0 0 0]
[841108176232038713091725531411354786574937042006508211681024252562530757672384812609051257698246181894922109163556793082070462749758767439942981808766302171631374843153492958243154974762150704590547366718806196854449366654325139602859470500399962 0 0 0 0 0 0 0 0 0 0 0 0 0 0 0 0 0 0 0 0 0 0 0 0 0 0 0 0 0 0 0 0 0 0 0 0 0 0 0 0 0 0 0 0 0 0 0 0 0 0 0 0 0 0 0 0 0 0 0 0 0 0 0 0 0 0 0 0 0 0 0 0 0 0 0 1 0 0 0 0 0]
[108997083972025909532733951920526868933312884131331677042728750618014507246224620831437202141924671971575168493847648500657768923188221319102245125697355445522459668299000422359118168803199956655364786440139513486104691505348147222101646202320955 0 0 0 0 0 0 0 0 0 0 0 0 0 0 0 0 0 0 0 0 0 0 0 0 0 0 0 0 0 0 0 0 0 0 0 0 0 0 0 0 0 0 0 0 0 0 0 0 0 0 0 0 0 0 0 0 0 0 0 0 0 0 0 0 0 0 0 0 0 0 0 0 0 0 0 0 1 0 0 0 0]
[582660089400824354943341259135298219579852526433163548718983822100721273878124543580725192679466903541265057881606513023770258755061659094685308870774167420438218680411674599161579047207472350103692488504042066887714583401946680206642201556587961 0 0 0 0 0 0 0 0 0 0 0 0 0 0 0 0 0 0 0 0 0 0 0 0 0 0 0 0 0 0 0 0 0 0 0 0 0 0 0 0 0 0 0 0 0 0 0 0 0 0 0 0 0 0 0 0 0 0 0 0 0 0 0 0 0 0 0 0 0 0 0 0 0 0 0 0 0 1 0 0 0]
[1239937380072472224927383203417807478651844908843434352858441728020365160590526570537602383697642415406744880457413041483002358738659481616161836503108363907309670385852940965687667252869147617775856898597326535143851844484446666765411245498833518 0 0 0 0 0 0 0 0 0 0 0 0 0 0 0 0 0 0 0 0 0 0 0 0 0 0 0 0 0 0 0 0 0 0 0 0 0 0 0 0 0 0 0 0 0 0 0 0 0 0 0 0 0 0 0 0 0 0 0 0 0 0 0 0 0 0 0 0 0 0 0 0 0 0 0 0 0 0 1 0 0]
[2821279032190199573772354227690365634038554215613890192151692457708084308249049984672642925818259916565016654826481475124673034524736887191504774040907076088654845917080236667545593264105436795661688446968104330491711630913325158927471017739878228 0 0 0 0 0 0 0 0 0 0 0 0 0 0 0 0 0 0 0 0 0 0 0 0 0 0 0 0 0 0 0 0 0 0 0 0 0 0 0 0 0 0 0 0 0 0 0 0 0 0 0 0 0 0 0 0 0 0 0 0 0 0 0 0 0 0 0 0 0 0 0 0 0 0 0 0 0 0 0 1 0]
[1075365538251656553947578257336101495256152112477122661095390405006502002136582173572281334223427596924769965647218390070468282652163827296053560590513156598060007640385170809186921584815489255447845267869277890252512817553238024927578131797180791 0 0 0 0 0 0 0 0 0 0 0 0 0 0 0 0 0 0 0 0 0 0 0 0 0 0 0 0 0 0 0 0 0 0 0 0 0 0 0 0 0 0 0 0 0 0 0 0 0 0 0 0 0 0 0 0 0 0 0 0 0 0 0 0 0 0 0 0 0 0 0 0 0 0 0 0 0 0 0 0 1]
]
82 83 9
[1 1 1 1 1 1 1 1 1 1 1 1 1 1 1 1 1 1 1 1 1 1 1 1 1 1 1 1 1 1 1 1 1 1 1 1 1 1 1 1 1 1 1 1 1 1 1 1 1 1 1 1 1 1 1 1 1 1 1 1 1 1 1 1 1 1 1 1 1 1 1 1 1 1 1 1 1 1 1 1 1 1 1]
