[[5423476629580792404125802712149593277682566107196407041412077862999375909747138211438447689853571047785515413823535386706110195208615718499747408352135277626667344199746131739809926587904883981691456427691088971811367554579928530802777530253870899 0 0 0 0 0 0 0 0 0 0 0 0 0 0 0 0 0 0 0 0 0 0 0 0 0 0 0 0 0 0 0 0 0 0 0 0 0 0 0 0 0 0 0 0 0 0 0 0 0 0 0 0 0 0 0 0 0 0 0 0 0 0 0 0 0 0 0 0 0 0 0 0 0 0 0 0 0 0 0 0 0]
[1212562287216351820941952533976207408389475887039470769186733097517371107496733353755322758471284330496329450111475724580236339645922356161900880099134349094823496697985758920158220471264901516605272046855056927161063729654553601235433600797773524 1 0 0 0 0 0 0 0 0 0 0 0 0 0 0 0 0 0 0 0 0 0 0 0 0 0 0 0 0 0 0 0 0 0 0 0 0 0 0 0 0 0 0 0 0 0 0 0 0 0 0 0 0 0 0 0 0 0 0 0 0 0 0 0 0 0 0 0 0 0 0 0 0 0 0 0 0 0 0 0 0]
[1668803405163421726864638035760570355319016924068573918152835770537280289089955373488971417920882533006265675816137953775297899084463223529998389413464525235029733150300903621194603264298096055313567768334688719734371340105856447288716588585960989 0 1 0 0 0 0 0 0 0 0 0 0 0 0 0 0 0 0 0 0 0 0 0 0 0 0 0 0 0 0 0 0 0 0 0 0 0 0 0 0 0 0 0 0 0 0 0 0 0 0 0 0 0 0 0 0 0 0 0 0 0 0 0 0 0 0 0 0 0 0 0 0 0 0 0 0 0 0 0 0 0]
[1759098749623733066519809399746888732294420578550473033771559235994583040286182149907149698496121645000014119733496182201271929712900905414500663740307447966891583651755753054064200853330687189971748382721158040257803022374124512392236840937526703 0 0 1 0 0 0 0 0 0 0 0 0 0 0 0 0 0 0 0 0 0 0 0 0 0 0 0 0 0 0 0 0 0 0 0 0 0 0 0 0 0 0 0 0 0 0 0 0 0 0 0 0 0 0 0 0 0 0 0 0 0 0 0 0 0 0 0 0 0 0 0 0 0 0 0 0 0 0 0 0 0]
[819200083158672907092114558179063007157497415895014463099361354843564885761504681864220677573239192611927352206343740402343440255544596568210438854942002828753508778129272646999746416227078812123241171674205227403288117291644207494610244536179899 0 0 0 1 0 0 0 0 0 0 0 0 0 0 0 0 0 0 0 0 0 0 0 0 0 0 0 0 0 0 0 0 0 0 0 0 0 0 0 0 0 0 0 0 0 0 0 0 0 0 0 0 0 0 0 0 0 0 0 0 0 0 0 0 0 0 0 0 0 0 0 0 0 0 0 0 0 0 0 0 0]
[929126785960278197258910331742931369984588103134705601271400899317432386986239187003212974464635064760246489406591816257057456459535924471338315768154070305167027349103252038286058795328370682798327197402720907253260250783907406720095715731255269 0 0 0 0 1 0 0 0 0 0 0 0 0 0 0 0 0 0 0 0 0 0 0 0 0 0 0 0 0 0 0 0 0 0 0 0 0 0 0 0 0 0 0 0 0 0 0 0 0 0 0 0 0 0 0 0 0 0 0 0 0 0 0 0 0 0 0 0 0 0 0 0 0 0 0 0 0 0 0 0 0]
[1079463206458331205958828154748241425907708889190881454316451983125222761380314453595128482353364856268792841919600644850132441851041948824399377899099038487619292329715369827058533828645136558775102477606724645521355274577060113461165256304373895 0 0 0 0 0 1 0 0 0 0 0 0 0 0 0 0 0 0 0 0 0 0 0 0 0 0 0 0 0 0 0 0 0 0 0 0 0 0 0 0 0 0 0 0 0 0 0 0 0 0 0 0 0 0 0 0 0 0 0 0 0 0 0 0 0 0 0 0 0 0 0 0 0 0 0 0 0 0 0 0 0]
[3257000754604833603913599347781420534039889497187769227447622149980625497953548726242489497720048594220590559030179260508846140260789604475269360825387783422442342281183679267167532613127819230143199604558382999402507580957883796877175208602866633 0 0 0 0 0 0 1 0 0 0 0 0 0 0 0 0 0 0 0 0 0 0 0 0 0 0 0 0 0 0 0 0 0 0 0 0 0 0 0 0 0 0 0 0 0 0 0 0 0 0 0 0 0 0 0 0 0 0 0 0 0 0 0 0 0 0 0 0 0 0 0 0 0 0 0 0 0 0 0 0 0]
[4127264985572176112747297121944792661436564107842554252095622835178649929135737280959643442390079622678007661024673141747263842224607535481103671885286333805805895882050754228878693290225257824762563204739305328800227975804395267578570289211016415 0 0 0 0 0 0 0 1 0 0 0 0 0 0 0 0 0 0 0 0 0 0 0 0 0 0 0 0 0 0 0 0 0 0 0 0 0 0 0 0 0 0 0 0 0 0 0 0 0 0 0 0 0 0 0 0 0 0 0 0 0 0 0 0 0 0 0 0 0 0 0 0 0 0 0 0 0 0 0 0 0]
[1384746088419238627064771757106392799056498002195072281764244354588421034656212197695200061063200128266582818927236863741251607093552749634971552176249803221765388102414304282068098790257066732439125608822372094614266107419957455197181262023236069 0 0 0 0 0 0 0 0 1 0 0 0 0 0 0 0 0 0 0 0 0 0 0 0 0 0 0 0 0 0 0 0 0 0 0 0 0 0 0 0 0 0 0 0 0 0 0 0 0 0 0 0 0 0 0 0 0 0 0 0 0 0 0 0 0 0 0 0 0 0 0 0 0 0 0 0 0 0 0 0 0]
[500658066615838103827987865402361208827502683925038414865304563762057460314619275175721477347014621278391694315668275942419333162345713333323229446319237576268657570965574774477757510969607206863069322715670348446973266711914235454227242915377315 0 0 0 0 0 0 0 0 0 1 0 0 0 0 0 0 0 0 0 0 0 0 0 0 0 0 0 0 0 0 0 0 0 0 0 0 0 0 0 0 0 0 0 0 0 0 0 0 0 0 0 0 0 0 0 0 0 0 0 0 0 0 0 0 0 0 0 0 0 0 0 0 0 0 0 0 0 0 0 0 0]
[1958548169836081424395362613991819723377516574910235321337356580841973456924389266045689330138572393717501597385258212619192429304831423529774891514601141958590426113900274097861123335906716876465757662852547447373094260030807764129003030252325518 0 0 0 0 0 0 0 0 0 0 1 0 0 0 0 0 0 0 0 0 0 0 0 0 0 0 0 0 0 0 0 0 0 0 0 0 0 0 0 0 0 0 0 0 0 0 0 0 0 0 0 0 0 0 0 0 0 0 0 0 0 0 0 0 0 0 0 0 0 0 0 0 0 0 0 0 0 0 0 0 0]
[5071782754774939383623081731245093591644731614573189268582887514009166241615835160006660547612818264284654312800601982581128505041403763582607138754616864886942757807832709651195072501295540978577160372033199455244159702877513015741326384705921159 0 0 0 0 0 0 0 0 0 0 0 1 0 0 0 0 0 0 0 0 0 0 0 0 0 0 0 0 0 0 0 0 0 0 0 0 0 0 0 0 0 0 0 0 0 0 0 0 0 0 0 0 0 0 0 0 0 0 0 0 0 0 0 0 0 0 0 0 0 0 0 0 0 0 0 0 0 0 0 0 0]
[1540997310075727879110141626334722739681964897023319131026322437093849309552071059465521356288013298720683979758220680501095324072885710360563536439958627483569882778987565960993272646137735166188678804898304267925906771592848456924802977415306786 0 0 0 0 0 0 0 0 0 0 0 0 1 0 0 0 0 0 0 0 0 0 0 0 0 0 0 0 0 0 0 0 0 0 0 0 0 0 0 0 0 0 0 0 0 0 0 0 0 0 0 0 0 0 0 0 0 0 0 0 0 0 0 0 0 0 0 0 0 0 0 0 0 0 0 0 0 0 0 0 0]
[2825173172732921751243411983676180713002671826532683983271269804251020443712088610347708022885435067687061964095098810140216813208666209893861116705147875416567974711668110646307473384989261208164932074730264403762749236416263319469230567290081596 0 0 0 0 0 0 0 0 0 0 0 0 0 1 0 0 0 0 0 0 0 0 0 0 0 0 0 0 0 0 0 0 0 0 0 0 0 0 0 0 0 0 0 0 0 0 0 0 0 0 0 0 0 0 0 0 0 0 0 0 0 0 0 0 0 0 0 0 0 0 0 0 0 0 0 0 0 0 0 0 0]
[5411204532582932980619321521634744040179984117368389834856745293959815040896323333755262963850512718717256372770571090579142773265068194072296473242606552681260982280782284480617868749403837136657076295997571751482745576556761961922505825681132976 0 0 0 0 0 0 0 0 0 0 0 0 0 0 1 0 0 0 0 0 0 0 0 0 0 0 0 0 0 0 0 0 0 0 0 0 0 0 0 0 0 0 0 0 0 0 0 0 0 0 0 0 0 0 0 0 0 0 0 0 0 0 0 0 0 0 0 0 0 0 0 0 0 0 0 0 0 0 0 0 0]
[2590102511348165801773063658813752616267536094579100667567780032403663776353286442589749148866863942510598780589192580601531071163220743425861469488536641863321770526647272474705312000543201370325022994724692817574295675039788299193044526850816355 0 0 0 0 0 0 0 0 0 0 0 0 0 0 0 1 0 0 0 0 0 0 0 0 0 0 0 0 0 0 0 0 0 0 0 0 0 0 0 0 0 0 0 0 0 0 0 0 0 0 0 0 0 0 0 0 0 0 0 0 0 0 0 0 0 0 0 0 0 0 0 0 0 0 0 0 0 0 0 0 0]
[1225126641514242984406129818602551495632505945757861563013197500630972789147715400938634955223642663388426499604570247220757410600521188331665536868544049421994773720787983937338101915665801567753100757863394626761551824007490426635977683302469823 0 0 0 0 0 0 0 0 0 0 0 0 0 0 0 0 1 0 0 0 0 0 0 0 0 0 0 0 0 0 0 0 0 0 0 0 0 0 0 0 0 0 0 0 0 0 0 0 0 0 0 0 0 0 0 0 0 0 0 0 0 0 0 0 0 0 0 0 0 0 0 0 0 0 0 0 0 0 0 0 0]
[815294445032809967121965842479228249174587440780038844732884571127489877051177421539597434815551378465281403396638567419012659244141074238802446179971271077045644643496691141373931891197522415888081628625831116207538807558411426095317450616518528 0 0 0 0 0 0 0 0 0 0 0 0 0 0 0 0 0 1 0 0 0 0 0 0 0 0 0 0 0 0 0 0 0 0 0 0 0 0 0 0 0 0 0 0 0 0 0 0 0 0 0 0 0 0 0 0 0 0 0 0 0 0 0 0 0 0 0 0 0 0 0 0 0 0 0 0 0 0 0 0 0]
[1442228345957339065494679082961858409424243943060332393590021538781410181927941828218427039105593139073867413853605164422371789068867001832237031042476603386139132007637688631957410382264391571860472071727161001907520632618676554467624644553076208 0 0 0 0 0 0 0 0 0 0 0 0 0 0 0 0 0 0 1 0 0 0 0 0 0 0 0 0 0 0 0 0 0 0 0 0 0 0 0 0 0 0 0 0 0 0 0 0 0 0 0 0 0 0 0 0 0 0 0 0 0 0 0 0 0 0 0 0 0 0 0 0 0 0 0 0 0 0 0 0 0]
[4846983120286188427651941052662026970419696937062787989232368969508585828061542334214994622534911377251793316958914554557020702856726282284844168543415436556930555195269239008382444880686605303856935220516285963013516007896147392293830606982429739 0 0 0 0 0 0 0 0 0 0 0 0 0 0 0 0 0 0 0 1 0 0 0 0 0 0 0 0 0 0 0 0 0 0 0 0 0 0 0 0 0 0 0 0 0 0 0 0 0 0 0 0 0 0 0 0 0 0 0 0 0 0 0 0 0 0 0 0 0 0 0 0 0 0 0 0 0 0 0 0 0]
[2227875848544405417275458712653753406076973882018655216637058729003765185760200706354812468216153172312640544286155114255986516479204027924269169665981641119026653386114382719680268386921783002239503570614743748239882920837763400258668104506170071 0 0 0 0 0 0 0 0 0 0 0 0 0 0 0 0 0 0 0 0 1 0 0 0 0 0 0 0 0 0 0 0 0 0 0 0 0 0 0 0 0 0 0 0 0 0 0 0 0 0 0 0 0 0 0 0 0 0 0 0 0 0 0 0 0 0 0 0 0 0 0 0 0 0 0 0 0 0 0 0 0]
[5160484829424815962569833435213743764090226936167968414023429468815610492512897491508449946070526263054662993228202252631475920680706416790773862383732562581444598668964261141821798515509678279151123506109195279240123980358134894733175248150787244 0 0 0 0 0 0 0 0 0 0 0 0 0 0 0 0 0 0 0 0 0 1 0 0 0 0 0 0 0 0 0 0 0 0 0 0 0 0 0 0 0 0 0 0 0 0 0 0 0 0 0 0 0 0 0 0 0 0 0 0 0 0 0 0 0 0 0 0 0 0 0 0 0 0 0 0 0 0 0 0 0]
[2729056014869596679098481743427149025835003211933367594363052124045841708940379117305862468769503711670751208585764388827480336365364984952984872995868642585744818455114522303964560912554921792826778278928517058897753884978093071624178460649537844 0 0 0 0 0 0 0 0 0 0 0 0 0 0 0 0 0 0 0 0 0 0 1 0 0 0 0 0 0 0 0 0 0 0 0 0 0 0 0 0 0 0 0 0 0 0 0 0 0 0 0 0 0 0 0 0 0 0 0 0 0 0 0 0 0 0 0 0 0 0 0 0 0 0 0 0 0 0 0 0 0]
[2999569999207310793983992638860122738951866369577381108918741483346605986497843531059733314330300936833439460641175654656778736799542248518498551167121903635085568160699162658520268181884509467098098531181694215021774636923536255602788790442515513 0 0 0 0 0 0 0 0 0 0 0 0 0 0 0 0 0 0 0 0 0 0 0 1 0 0 0 0 0 0 0 0 0 0 0 0 0 0 0 0 0 0 0 0 0 0 0 0 0 0 0 0 0 0 0 0 0 0 0 0 0 0 0 0 0 0 0 0 0 0 0 0 0 0 0 0 0 0 0 0 0]
[280321343706032328469555422598384427214132347056978364064767672490639195980263420689098593720412920873667722172862893980943864076932935402484498060215887060731376308210279026643294180658842627392562152660853922619676071395757386925604970990492281 0 0 0 0 0 0 0 0 0 0 0 0 0 0 0 0 0 0 0 0 0 0 0 0 1 0 0 0 0 0 0 0 0 0 0 0 0 0 0 0 0 0 0 0 0 0 0 0 0 0 0 0 0 0 0 0 0 0 0 0 0 0 0 0 0 0 0 0 0 0 0 0 0 0 0 0 0 0 0 0 0]
[4746676720089631103869684989234061792597905758300667680079512806245611643629296604710830377236459405474896825558392455616380118153438346005280647531624791513195686964431146898661183002017100294647518928707558379418554984071883669724392909565719874 0 0 0 0 0 0 0 0 0 0 0 0 0 0 0 0 0 0 0 0 0 0 0 0 0 1 0 0 0 0 0 0 0 0 0 0 0 0 0 0 0 0 0 0 0 0 0 0 0 0 0 0 0 0 0 0 0 0 0 0 0 0 0 0 0 0 0 0 0 0 0 0 0 0 0 0 0 0 0 0 0]
[5297606938325434462280597198020862245038251933815311469371803313810884855245731904403263058351332105876284516785583028916776189612641862077946283896289223765426044086160713229881214838298125405569555159156711463891218604428539807070136921043405495 0 0 0 0 0 0 0 0 0 0 0 0 0 0 0 0 0 0 0 0 0 0 0 0 0 0 1 0 0 0 0 0 0 0 0 0 0 0 0 0 0 0 0 0 0 0 0 0 0 0 0 0 0 0 0 0 0 0 0 0 0 0 0 0 0 0 0 0 0 0 0 0 0 0 0 0 0 0 0 0 0]
[4035415793750449553176042897973990281034769120233499362244296656707308003954392077626506531856363320174862980738469173344075824431569292548698114071345037553733308996496979133898003605266155932647548255753876746552970294353560601754593735075875872 0 0 0 0 0 0 0 0 0 0 0 0 0 0 0 0 0 0 0 0 0 0 0 0 0 0 0 1 0 0 0 0 0 0 0 0 0 0 0 0 0 0 0 0 0 0 0 0 0 0 0 0 0 0 0 0 0 0 0 0 0 0 0 0 0 0 0 0 0 0 0 0 0 0 0 0 0 0 0 0 0]
[3305791758935086699971235655516575266506140829439365307441474653377832705139881553271505208063049276622761261374809728412057032042889448713786752552930178400886500861023222008127754838751491057842339113115308226225753200745373294501372776850709369 0 0 0 0 0 0 0 0 0 0 0 0 0 0 0 0 0 0 0 0 0 0 0 0 0 0 0 0 1 0 0 0 0 0 0 0 0 0 0 0 0 0 0 0 0 0 0 0 0 0 0 0 0 0 0 0 0 0 0 0 0 0 0 0 0 0 0 0 0 0 0 0 0 0 0 0 0 0 0 0 0]
[4431507109118311597274551720357398489731592685476688847956858834929373450927639051962354558854219431516880083329204948198042235999297070155356441738346444067946704729911335164670560742670413609091451225874524297838797802667316816917191334096271813 0 0 0 0 0 0 0 0 0 0 0 0 0 0 0 0 0 0 0 0 0 0 0 0 0 0 0 0 0 1 0 0 0 0 0 0 0 0 0 0 0 0 0 0 0 0 0 0 0 0 0 0 0 0 0 0 0 0 0 0 0 0 0 0 0 0 0 0 0 0 0 0 0 0 0 0 0 0 0 0 0]
[4386175511132078323490400478027476104913170138768858022058367312427502212276470600261144003945653218795019950142025883851963935815210062279062837196575723548419548996684176884894282120036096186936830177140819645097387959470762877690293443046130365 0 0 0 0 0 0 0 0 0 0 0 0 0 0 0 0 0 0 0 0 0 0 0 0 0 0 0 0 0 0 1 0 0 0 0 0 0 0 0 0 0 0 0 0 0 0 0 0 0 0 0 0 0 0 0 0 0 0 0 0 0 0 0 0 0 0 0 0 0 0 0 0 0 0 0 0 0 0 0 0 0]
[2488075365103579360100541193000812544266949697694262145465620476413439697897905877994260396518391978553851663036510839176040983402698643472868670038575150584582143630573655507433826935498140220859777874777131602571740051082274307404908543267814108 0 0 0 0 0 0 0 0 0 0 0 0 0 0 0 0 0 0 0 0 0 0 0 0 0 0 0 0 0 0 0 1 0 0 0 0 0 0 0 0 0 0 0 0 0 0 0 0 0 0 0 0 0 0 0 0 0 0 0 0 0 0 0 0 0 0 0 0 0 0 0 0 0 0 0 0 0 0 0 0 0]
[2637341240097194286554856925430899266082541477111852343573106906008147931917464268788716964622169019021705757242803735858582769977071322130791515563316065355521602668264504049991000390423946926219534981137943241608916781683422138571110369715060496 0 0 0 0 0 0 0 0 0 0 0 0 0 0 0 0 0 0 0 0 0 0 0 0 0 0 0 0 0 0 0 0 1 0 0 0 0 0 0 0 0 0 0 0 0 0 0 0 0 0 0 0 0 0 0 0 0 0 0 0 0 0 0 0 0 0 0 0 0 0 0 0 0 0 0 0 0 0 0 0 0]
[3540827577608535292289884617429258296698928118595973269791808145552350544366127275758565159749532007017530458420304363828005063961620590841568291703429371342979426662448429699167074419163352151866417554225059185318109568222201524862279592184974758 0 0 0 0 0 0 0 0 0 0 0 0 0 0 0 0 0 0 0 0 0 0 0 0 0 0 0 0 0 0 0 0 0 1 0 0 0 0 0 0 0 0 0 0 0 0 0 0 0 0 0 0 0 0 0 0 0 0 0 0 0 0 0 0 0 0 0 0 0 0 0 0 0 0 0 0 0 0 0 0 0]
[2831437869046351934847543321352326026551767296533236936013774328097227027426292232843501529721255033901094488621588090774603161230836451923775566884149943336495534759677321322015960782129782686934570811839883051314251908654845767412045778369643016 0 0 0 0 0 0 0 0 0 0 0 0 0 0 0 0 0 0 0 0 0 0 0 0 0 0 0 0 0 0 0 0 0 0 1 0 0 0 0 0 0 0 0 0 0 0 0 0 0 0 0 0 0 0 0 0 0 0 0 0 0 0 0 0 0 0 0 0 0 0 0 0 0 0 0 0 0 0 0 0 0]
[2676194411763505374441623999692039014070105231424090748041173685246326166966653736353646276512820379952905063163837702109211125102084655642997730731022099133227329556691154852244675120769745712276738887712387991528621055973370074897327593838883211 0 0 0 0 0 0 0 0 0 0 0 0 0 0 0 0 0 0 0 0 0 0 0 0 0 0 0 0 0 0 0 0 0 0 0 1 0 0 0 0 0 0 0 0 0 0 0 0 0 0 0 0 0 0 0 0 0 0 0 0 0 0 0 0 0 0 0 0 0 0 0 0 0 0 0 0 0 0 0 0 0]
[5277497150361798527931395997038727927670420830766497539770324872498395046375770327846128897509006753982531404201469711132044137340918917596537550329374567529612871045504640332747965602491482681430195486424918576959328118044840038451784486208360975 0 0 0 0 0 0 0 0 0 0 0 0 0 0 0 0 0 0 0 0 0 0 0 0 0 0 0 0 0 0 0 0 0 0 0 0 1 0 0 0 0 0 0 0 0 0 0 0 0 0 0 0 0 0 0 0 0 0 0 0 0 0 0 0 0 0 0 0 0 0 0 0 0 0 0 0 0 0 0 0 0]
[2822594698125957056240088076756870104062765844778377702458907507837527693425688361264891777573461223981378081599602594438719938146852870670381148260318875613818862625633672682781113402116510081209917533544869561973642394702852150405829534478353627 0 0 0 0 0 0 0 0 0 0 0 0 0 0 0 0 0 0 0 0 0 0 0 0 0 0 0 0 0 0 0 0 0 0 0 0 0 1 0 0 0 0 0 0 0 0 0 0 0 0 0 0 0 0 0 0 0 0 0 0 0 0 0 0 0 0 0 0 0 0 0 0 0 0 0 0 0 0 0 0 0]
[956376502623843372252370083880909686103440495627464037178789373572007272590086196639850186048835545579741288268239476705317745460923148259245630282366459947877859826951625395429634879943099793895604419930038227681717676027524630847723313677409814 0 0 0 0 0 0 0 0 0 0 0 0 0 0 0 0 0 0 0 0 0 0 0 0 0 0 0 0 0 0 0 0 0 0 0 0 0 0 1 0 0 0 0 0 0 0 0 0 0 0 0 0 0 0 0 0 0 0 0 0 0 0 0 0 0 0 0 0 0 0 0 0 0 0 0 0 0 0 0 0 0]
[888337514557086807646165392178519664642146565254898536272281781033227428466529985235471628702293275373525900545732043076953457365014969336195602752382798306578018799661922477095023641690895374089795354491887552806344763704207566620927460103250639 0 0 0 0 0 0 0 0 0 0 0 0 0 0 0 0 0 0 0 0 0 0 0 0 0 0 0 0 0 0 0 0 0 0 0 0 0 0 0 1 0 0 0 0 0 0 0 0 0 0 0 0 0 0 0 0 0 0 0 0 0 0 0 0 0 0 0 0 0 0 0 0 0 0 0 0 0 0 0 0 0]
[556232259093158039313410929947752166455346373503182749426517575245683180975357546924231365936070158317433987116674210688982937075835099564156194617539753771945843579566652837660966477192467583628596286783363727383877249411872501638676444178194675 0 0 0 0 0 0 0 0 0 0 0 0 0 0 0 0 0 0 0 0 0 0 0 0 0 0 0 0 0 0 0 0 0 0 0 0 0 0 0 0 1 0 0 0 0 0 0 0 0 0 0 0 0 0 0 0 0 0 0 0 0 0 0 0 0 0 0 0 0 0 0 0 0 0 0 0 0 0 0 0 0]
[3196976879925946780173092388754467918414813906643002220898871540421244988083791933383916923541464268916236793312164876816856143451192747777960985493745839736569595021748831161507057959738479203856867666610843131604560010344738531784599766127235901 0 0 0 0 0 0 0 0 0 0 0 0 0 0 0 0 0 0 0 0 0 0 0 0 0 0 0 0 0 0 0 0 0 0 0 0 0 0 0 0 0 1 0 0 0 0 0 0 0 0 0 0 0 0 0 0 0 0 0 0 0 0 0 0 0 0 0 0 0 0 0 0 0 0 0 0 0 0 0 0 0]
[3172233113395471158178095951654392895322410888107010084739827884620743362070541949952299009749277970865164928412496304693313689330562835867777354578804323492648651309407668410733864438329865294233538823495656866775756290019763751558145955969178824 0 0 0 0 0 0 0 0 0 0 0 0 0 0 0 0 0 0 0 0 0 0 0 0 0 0 0 0 0 0 0 0 0 0 0 0 0 0 0 0 0 0 1 0 0 0 0 0 0 0 0 0 0 0 0 0 0 0 0 0 0 0 0 0 0 0 0 0 0 0 0 0 0 0 0 0 0 0 0 0 0]
[1204766029070704217292128157928720313274704828472358232252383450969866701987974415300163309514492865412206149188955409496381949729880312213973907099124559897138962606641687545608781716943773751938938546019193532869832579098064410815329308842744934 0 0 0 0 0 0 0 0 0 0 0 0 0 0 0 0 0 0 0 0 0 0 0 0 0 0 0 0 0 0 0 0 0 0 0 0 0 0 0 0 0 0 0 1 0 0 0 0 0 0 0 0 0 0 0 0 0 0 0 0 0 0 0 0 0 0 0 0 0 0 0 0 0 0 0 0 0 0 0 0 0]
[3565005817742251468202891752738829461793394456927450582332700279252747234075754031909220550526722743250352407934877130021974372666563943113377794976234681302990377765732792256777534205982414313556625527495359688083666282479618374630360091401617101 0 0 0 0 0 0 0 0 0 0 0 0 0 0 0 0 0 0 0 0 0 0 0 0 0 0 0 0 0 0 0 0 0 0 0 0 0 0 0 0 0 0 0 0 1 0 0 0 0 0 0 0 0 0 0 0 0 0 0 0 0 0 0 0 0 0 0 0 0 0 0 0 0 0 0 0 0 0 0 0 0]
[1315838778828057209691401651544581140273569051045038930969010795569265895730408365550564277182962380702098350752935320395214224238675336854619541072104151132327784251762062760198633888911278409647727641411690131119707950189821370419027816367027015 0 0 0 0 0 0 0 0 0 0 0 0 0 0 0 0 0 0 0 0 0 0 0 0 0 0 0 0 0 0 0 0 0 0 0 0 0 0 0 0 0 0 0 0 0 1 0 0 0 0 0 0 0 0 0 0 0 0 0 0 0 0 0 0 0 0 0 0 0 0 0 0 0 0 0 0 0 0 0 0 0]
[290982751647872408473379910751597461679138438331697759674820913403189584226225130401847900314037123307297176192747086748596652818087838080650138291900028207357687798646531570732400376822898536131093586439744752636629027995988157550582061968737245 0 0 0 0 0 0 0 0 0 0 0 0 0 0 0 0 0 0 0 0 0 0 0 0 0 0 0 0 0 0 0 0 0 0 0 0 0 0 0 0 0 0 0 0 0 0 1 0 0 0 0 0 0 0 0 0 0 0 0 0 0 0 0 0 0 0 0 0 0 0 0 0 0 0 0 0 0 0 0 0 0]
[4866802877600543341458279770710578509694987602175111477179778521484416841706603565679312576475283542175722960217093788352837514866153213615189389822163543188259308802313409587713730356796670586709293145180140382670860721374419775955603823734819300 0 0 0 0 0 0 0 0 0 0 0 0 0 0 0 0 0 0 0 0 0 0 0 0 0 0 0 0 0 0 0 0 0 0 0 0 0 0 0 0 0 0 0 0 0 0 0 1 0 0 0 0 0 0 0 0 0 0 0 0 0 0 0 0 0 0 0 0 0 0 0 0 0 0 0 0 0 0 0 0 0]
[4784717169882443273193526401373377114352196740613395861868910083683563783413218553997345074584588650135985840115759072702437053583768479266508623639158413610631997888412484300065019304762640129531653133554137468894485795280899230608124000963140449 0 0 0 0 0 0 0 0 0 0 0 0 0 0 0 0 0 0 0 0 0 0 0 0 0 0 0 0 0 0 0 0 0 0 0 0 0 0 0 0 0 0 0 0 0 0 0 0 1 0 0 0 0 0 0 0 0 0 0 0 0 0 0 0 0 0 0 0 0 0 0 0 0 0 0 0 0 0 0 0 0]
[961445901307407211162997077978758463608164018834343186838117427589899836527677801874647721703020930503412779880590975278327982072796495733726307297546280894002137665222500395533225329143786329315910387502992372360301513810861288296952079416256749 0 0 0 0 0 0 0 0 0 0 0 0 0 0 0 0 0 0 0 0 0 0 0 0 0 0 0 0 0 0 0 0 0 0 0 0 0 0 0 0 0 0 0 0 0 0 0 0 0 1 0 0 0 0 0 0 0 0 0 0 0 0 0 0 0 0 0 0 0 0 0 0 0 0 0 0 0 0 0 0 0]
[4291894208271248771665405946000573138260291591634207559046303341757926166523138499760781709252750019411651458261968056386933319297921315212053915233017325272196038076781930078440296934240967130155471818198744789292679393303663630150892600031892419 0 0 0 0 0 0 0 0 0 0 0 0 0 0 0 0 0 0 0 0 0 0 0 0 0 0 0 0 0 0 0 0 0 0 0 0 0 0 0 0 0 0 0 0 0 0 0 0 0 0 1 0 0 0 0 0 0 0 0 0 0 0 0 0 0 0 0 0 0 0 0 0 0 0 0 0 0 0 0 0 0]
[358896991905890308776449379999756690810904104592227136994921298778095763831122160557074253924054045619808239351430615083852484196696365874094789143441689330106327586771698826847184226372980148764914249391921406652056559437265338342939977198928175 0 0 0 0 0 0 0 0 0 0 0 0 0 0 0 0 0 0 0 0 0 0 0 0 0 0 0 0 0 0 0 0 0 0 0 0 0 0 0 0 0 0 0 0 0 0 0 0 0 0 0 1 0 0 0 0 0 0 0 0 0 0 0 0 0 0 0 0 0 0 0 0 0 0 0 0 0 0 0 0 0]
[2877729094298447772314626835379250105715669517929789508173312719110667592854557575935996678313857359213860172501888135316343458307208093565058574578738657041579382112915106919252350141676525271795540799043874638568272142640670996019883347507286529 0 0 0 0 0 0 0 0 0 0 0 0 0 0 0 0 0 0 0 0 0 0 0 0 0 0 0 0 0 0 0 0 0 0 0 0 0 0 0 0 0 0 0 0 0 0 0 0 0 0 0 0 1 0 0 0 0 0 0 0 0 0 0 0 0 0 0 0 0 0 0 0 0 0 0 0 0 0 0 0 0]
[2760575332463173009030775549826037699736300502937664668350233287529283091029161458630907389146001615297683215528857390256939871929530259372082068819592739352908645604791743332258046202212787071440209422861527802205713083171079209372246265369223228 0 0 0 0 0 0 0 0 0 0 0 0 0 0 0 0 0 0 0 0 0 0 0 0 0 0 0 0 0 0 0 0 0 0 0 0 0 0 0 0 0 0 0 0 0 0 0 0 0 0 0 0 0 1 0 0 0 0 0 0 0 0 0 0 0 0 0 0 0 0 0 0 0 0 0 0 0 0 0 0 0]
[3790013443294748109852989889284839081736729149273605364477807709504495387813776462997833476397132473477419427688626342777850399107657205617200781025661594736466410397562654361875732854073189908927370398425851538339752713292210200413708123906060345 0 0 0 0 0 0 0 0 0 0 0 0 0 0 0 0 0 0 0 0 0 0 0 0 0 0 0 0 0 0 0 0 0 0 0 0 0 0 0 0 0 0 0 0 0 0 0 0 0 0 0 0 0 0 1 0 0 0 0 0 0 0 0 0 0 0 0 0 0 0 0 0 0 0 0 0 0 0 0 0 0]
[5422432120857439870146611742268958458245473637746640089397897464956687090973078301226575141310646990790134592956818664101591746301217273749305847909159612582800708862861854910834203984041623696307901628946104025852471216144250115428285510265653433 0 0 0 0 0 0 0 0 0 0 0 0 0 0 0 0 0 0 0 0 0 0 0 0 0 0 0 0 0 0 0 0 0 0 0 0 0 0 0 0 0 0 0 0 0 0 0 0 0 0 0 0 0 0 0 1 0 0 0 0 0 0 0 0 0 0 0 0 0 0 0 0 0 0 0 0 0 0 0 0 0]
[4705463985815534627558125298208498153464475306017496837261841189189464362996492347904126103524075648971059703165169503114252658200258245449614031807872793274636926788584495564353921934489438531151329719562156285772628109800337561536512922188548326 0 0 0 0 0 0 0 0 0 0 0 0 0 0 0 0 0 0 0 0 0 0 0 0 0 0 0 0 0 0 0 0 0 0 0 0 0 0 0 0 0 0 0 0 0 0 0 0 0 0 0 0 0 0 0 0 1 0 0 0 0 0 0 0 0 0 0 0 0 0 0 0 0 0 0 0 0 0 0 0 0]
[3259825373154056760369535715470434163454683243046856780362766082664552672418719070681608914910905799480644345763857588802214851045658869897211536802719709791977355369339290804003698225877767467512699174517386144212482408223683683321655575436503065 0 0 0 0 0 0 0 0 0 0 0 0 0 0 0 0 0 0 0 0 0 0 0 0 0 0 0 0 0 0 0 0 0 0 0 0 0 0 0 0 0 0 0 0 0 0 0 0 0 0 0 0 0 0 0 0 0 1 0 0 0 0 0 0 0 0 0 0 0 0 0 0 0 0 0 0 0 0 0 0 0]
[339338958650546007080140227970262187799952866904111107749003709475639242054371178204348623962075176941783032240688380563538262556004954163393076869368763454541239158594142842076947480241853823466839106277639337584025732230826155402441011856094599 0 0 0 0 0 0 0 0 0 0 0 0 0 0 0 0 0 0 0 0 0 0 0 0 0 0 0 0 0 0 0 0 0 0 0 0 0 0 0 0 0 0 0 0 0 0 0 0 0 0 0 0 0 0 0 0 0 0 1 0 0 0 0 0 0 0 0 0 0 0 0 0 0 0 0 0 0 0 0 0 0]
[3872438426811744227538787510588791953079494646522057049606016696339076158708466361676747430392943112852463523351697801471653777999928916310557800390044456447067628909671577529533487573210372067225666058790058754519788063490828830520243368105229641 0 0 0 0 0 0 0 0 0 0 0 0 0 0 0 0 0 0 0 0 0 0 0 0 0 0 0 0 0 0 0 0 0 0 0 0 0 0 0 0 0 0 0 0 0 0 0 0 0 0 0 0 0 0 0 0 0 0 0 1 0 0 0 0 0 0 0 0 0 0 0 0 0 0 0 0 0 0 0 0 0]
[349722400780672012179038579554144379971687288827700439243615546801885955860896966105093798638564305418315048786048680002558702155386277196791288662658260303068606650409583636130709644474353265726828534605605687233428852763770489982343563934465997 0 0 0 0 0 0 0 0 0 0 0 0 0 0 0 0 0 0 0 0 0 0 0 0 0 0 0 0 0 0 0 0 0 0 0 0 0 0 0 0 0 0 0 0 0 0 0 0 0 0 0 0 0 0 0 0 0 0 0 0 1 0 0 0 0 0 0 0 0 0 0 0 0 0 0 0 0 0 0 0 0]
[383912229592022089767279626884534008262817579439288788666653267078372889676399690541346734731039185778442443811855321401260270722422228134550635358184655554955304166990544906708624816853777676696487893243788223981399280722294037500446302965851420 0 0 0 0 0 0 0 0 0 0 0 0 0 0 0 0 0 0 0 0 0 0 0 0 0 0 0 0 0 0 0 0 0 0 0 0 0 0 0 0 0 0 0 0 0 0 0 0 0 0 0 0 0 0 0 0 0 0 0 0 0 1 0 0 0 0 0 0 0 0 0 0 0 0 0 0 0 0 0 0 0]
[789365026563531731706964290921747084790755354328973922694752048270867627937548296047017814906344778725866506882879777726452251935679455476624059126212406808311257161233673862330932941133548659582653376465746206115491224039448622036390868871737762 0 0 0 0 0 0 0 0 0 0 0 0 0 0 0 0 0 0 0 0 0 0 0 0 0 0 0 0 0 0 0 0 0 0 0 0 0 0 0 0 0 0 0 0 0 0 0 0 0 0 0 0 0 0 0 0 0 0 0 0 0 0 1 0 0 0 0 0 0 0 0 0 0 0 0 0 0 0 0 0 0]
[985435285833441667984331566766054569690730296641738551428706338305693906771233240435503723075883899130853663397985716578327771843449079150027056857557815961081184836158226512269952482262797997927477126300648749497249850707492032627078822420119016 0 0 0 0 0 0 0 0 0 0 0 0 0 0 0 0 0 0 0 0 0 0 0 0 0 0 0 0 0 0 0 0 0 0 0 0 0 0 0 0 0 0 0 0 0 0 0 0 0 0 0 0 0 0 0 0 0 0 0 0 0 0 0 1 0 0 0 0 0 0 0 0 0 0 0 0 0 0 0 0 0]
[2851854235642865911531559179925557482098196463725804270970011474369955696003413473497443243364498640566961755186858850676646639635291827049080940467951751415079905918608351825891103936005422444656468173236643203494218247236042882785126550741114146 0 0 0 0 0 0 0 0 0 0 0 0 0 0 0 0 0 0 0 0 0 0 0 0 0 0 0 0 0 0 0 0 0 0 0 0 0 0 0 0 0 0 0 0 0 0 0 0 0 0 0 0 0 0 0 0 0 0 0 0 0 0 0 0 1 0 0 0 0 0 0 0 0 0 0 0 0 0 0 0 0]
[4253687097081291235313251889504423432540495798431045876113892270139143611772527564854594708626453962122132607013929730815463273037713008964099252151820616068936340708328590601611527600617697706932848746061072181698002565686879554947903537287676497 0 0 0 0 0 0 0 0 0 0 0 0 0 0 0 0 0 0 0 0 0 0 0 0 0 0 0 0 0 0 0 0 0 0 0 0 0 0 0 0 0 0 0 0 0 0 0 0 0 0 0 0 0 0 0 0 0 0 0 0 0 0 0 0 0 1 0 0 0 0 0 0 0 0 0 0 0 0 0 0 0]
[2553033991378951420764464698940546671080110523432328330353680711773709853419153686053903419827262393345365074870015550304076912058980091338688271462741227802418608504004387044655195104895006290262623904075288672480668972766842660509407762149999770 0 0 0 0 0 0 0 0 0 0 0 0 0 0 0 0 0 0 0 0 0 0 0 0 0 0 0 0 0 0 0 0 0 0 0 0 0 0 0 0 0 0 0 0 0 0 0 0 0 0 0 0 0 0 0 0 0 0 0 0 0 0 0 0 0 0 1 0 0 0 0 0 0 0 0 0 0 0 0 0 0]
[2923103368292558287888949745452054462815970772311572192458635583267618412396196815214451038730531405077609271119454515875533554578343366955949724794330599987629561832895878491524931377729911220392929613311619717052007884660111777743404091792298251 0 0 0 0 0 0 0 0 0 0 0 0 0 0 0 0 0 0 0 0 0 0 0 0 0 0 0 0 0 0 0 0 0 0 0 0 0 0 0 0 0 0 0 0 0 0 0 0 0 0 0 0 0 0 0 0 0 0 0 0 0 0 0 0 0 0 0 1 0 0 0 0 0 0 0 0 0 0 0 0 0]
[853521264885183471079006227338861627529870177453967185015624171348458066641828155537591970093169717704263719807544599420900127533870701150216341230458826229216022225452549592506972987783181688527228380647371029936150868827813406500689919594133561 0 0 0 0 0 0 0 0 0 0 0 0 0 0 0 0 0 0 0 0 0 0 0 0 0 0 0 0 0 0 0 0 0 0 0 0 0 0 0 0 0 0 0 0 0 0 0 0 0 0 0 0 0 0 0 0 0 0 0 0 0 0 0 0 0 0 0 0 1 0 0 0 0 0 0 0 0 0 0 0 0]
[2415313856519974976947875870107931908710986327311304725692942133639978290028970624321312565446078384779170201066635940810795798207827737286457241647172150852355828191325015443372759764422967276492468557133862916517284981578140730422464109619159574 0 0 0 0 0 0 0 0 0 0 0 0 0 0 0 0 0 0 0 0 0 0 0 0 0 0 0 0 0 0 0 0 0 0 0 0 0 0 0 0 0 0 0 0 0 0 0 0 0 0 0 0 0 0 0 0 0 0 0 0 0 0 0 0 0 0 0 0 0 1 0 0 0 0 0 0 0 0 0 0 0]
[931173922355191956665057761289583778068211481345787336941376530650220530568251914781330961883474138721107281094867506989873207027818471719206598754234513180139209799656829205117330916772867144208769540400873644654909979113111354419407039497132136 0 0 0 0 0 0 0 0 0 0 0 0 0 0 0 0 0 0 0 0 0 0 0 0 0 0 0 0 0 0 0 0 0 0 0 0 0 0 0 0 0 0 0 0 0 0 0 0 0 0 0 0 0 0 0 0 0 0 0 0 0 0 0 0 0 0 0 0 0 0 1 0 0 0 0 0 0 0 0 0 0]
[989479204659183880066698757596944180618622722864253037300000942570578402870799031648757381504919419829792040312511913029570985339920496347188649758697950194715929085833970047234326183404555857180529800290142576810931270786830519256181780392389634 0 0 0 0 0 0 0 0 0 0 0 0 0 0 0 0 0 0 0 0 0 0 0 0 0 0 0 0 0 0 0 0 0 0 0 0 0 0 0 0 0 0 0 0 0 0 0 0 0 0 0 0 0 0 0 0 0 0 0 0 0 0 0 0 0 0 0 0 0 0 0 1 0 0 0 0 0 0 0 0 0]
[5097467304987069329085260948731802838553441738374095848677253970640936233781193167152454372192453534360179963196295600076623705324115703866403402895903181548441848133326907266951947184670821577821221550257839957171528710409732387073808987328631800 0 0 0 0 0 0 0 0 0 0 0 0 0 0 0 0 0 0 0 0 0 0 0 0 0 0 0 0 0 0 0 0 0 0 0 0 0 0 0 0 0 0 0 0 0 0 0 0 0 0 0 0 0 0 0 0 0 0 0 0 0 0 0 0 0 0 0 0 0 0 0 0 1 0 0 0 0 0 0 0 0]
[1121093533001593261479201018337580914857594802394703673644027777053122995505265940922670937159433020234759670019320774231544272585845780821531374473732851473106922812022719408574580159354662699149976782030156653780361980533426293944960333514675986 0 0 0 0 0 0 0 0 0 0 0 0 0 0 0 0 0 0 0 0 0 0 0 0 0 0 0 0 0 0 0 0 0 0 0 0 0 0 0 0 0 0 0 0 0 0 0 0 0 0 0 0 0 0 0 0 0 0 0 0 0 0 0 0 0 0 0 0 0 0 0 0 0 1 0 0 0 0 0 0 0]
[1381564850440942163964229939706718796920872838363951100751271428079517049690745331111543173174044759268217482068821027001325077470259026967460128699846941469953088248078642861080360997721719510017021904099377194055276974896267622546842727662142923 0 0 0 0 0 0 0 0 0 0 0 0 0 0 0 0 0 0 0 0 0 0 0 0 0 0 0 0 0 0 0 0 0 0 0 0 0 0 0 0 0 0 0 0 0 0 0 0 0 0 0 0 0 0 0 0 0 0 0 0 0 0 0 0 0 0 0 0 0 0 0 0 0 0 1 0 0 0 0 0 0]
[2621135547573337742568755758049201600005355721955770074567659567595214283606251597019100977948350705013957061775885789446297770472020191232084703293564965521631243798710515113443651182369209679609025115873179289991922827909177718563766928632248481 0 0 0 0 0 0 0 0 0 0 0 0 0 0 0 0 0 0 0 0 0 0 0 0 0 0 0 0 0 0 0 0 0 0 0 0 0 0 0 0 0 0 0 0 0 0 0 0 0 0 0 0 0 0 0 0 0 0 0 0 0 0 0 0 0 0 0 0 0 0 0 0 0 0 0 1 0 0 0 0 0]
[1773620326059527334976291528405339695097747137450311641125234311954218174763379591270016343692046999346125911022556893351078191602824984184900975701175680730641946691483343405853980225403711859191894828230006892264885759898542481729779840377128293 0 0 0 0 0 0 0 0 0 0 0 0 0 0 0 0 0 0 0 0 0 0 0 0 0 0 0 0 0 0 0 0 0 0 0 0 0 0 0 0 0 0 0 0 0 0 0 0 0 0 0 0 0 0 0 0 0 0 0 0 0 0 0 0 0 0 0 0 0 0 0 0 0 0 0 0 1 0 0 0 0]
[686472479855774942254025882292648671546135304223698386678871197030842791404413628673002624054138041821389276718734816443113242802094237917797907409948489093553484835205261013192387358979558730504554929089595183791832140298103233147483569325010651 0 0 0 0 0 0 0 0 0 0 0 0 0 0 0 0 0 0 0 0 0 0 0 0 0 0 0 0 0 0 0 0 0 0 0 0 0 0 0 0 0 0 0 0 0 0 0 0 0 0 0 0 0 0 0 0 0 0 0 0 0 0 0 0 0 0 0 0 0 0 0 0 0 0 0 0 0 1 0 0 0]
[3324341470258727528049755616313571323044277032769300427994366397460246037208229178619165182608023580519620809183192954609780202850739510965188113947731179328815529709261714722007685910547415693193852784225597405917073207828947706667750561517307403 0 0 0 0 0 0 0 0 0 0 0 0 0 0 0 0 0 0 0 0 0 0 0 0 0 0 0 0 0 0 0 0 0 0 0 0 0 0 0 0 0 0 0 0 0 0 0 0 0 0 0 0 0 0 0 0 0 0 0 0 0 0 0 0 0 0 0 0 0 0 0 0 0 0 0 0 0 0 1 0 0]
[479987374226559645869074074453177050362953234487711221795582576033676825204553601828398522875206279516175189597750740525170535369175547500994314718961884245549758555673594630414990947255951757752758458838536528180882934976964930490240865108756216 0 0 0 0 0 0 0 0 0 0 0 0 0 0 0 0 0 0 0 0 0 0 0 0 0 0 0 0 0 0 0 0 0 0 0 0 0 0 0 0 0 0 0 0 0 0 0 0 0 0 0 0 0 0 0 0 0 0 0 0 0 0 0 0 0 0 0 0 0 0 0 0 0 0 0 0 0 0 0 1 0]
[2280920454692800464079710938590146613866477839732550394435372646413586448227195743802111336199894340252652895411516724848873013114485049412215835555648532941917240245367821248512327090866761902866473393198703655318510886272431381396344778120625567 0 0 0 0 0 0 0 0 0 0 0 0 0 0 0 0 0 0 0 0 0 0 0 0 0 0 0 0 0 0 0 0 0 0 0 0 0 0 0 0 0 0 0 0 0 0 0 0 0 0 0 0 0 0 0 0 0 0 0 0 0 0 0 0 0 0 0 0 0 0 0 0 0 0 0 0 0 0 0 0 1]
]
82 83 8
[1 1 1 1 1 1 1 1 1 1 1 1 1 1 1 1 1 1 1 1 1 1 1 1 1 1 1 1 1 1 1 1 1 1 1 1 1 1 1 1 1 1 1 1 1 1 1 1 1 1 1 1 1 1 1 1 1 1 1 1 1 1 1 1 1 1 1 1 1 1 1 1 1 1 1 1 1 1 1 1 1 1 1]
