[[6573039026611761660643196743878259054987765418752396539618530645691487757883096449794985126723624401484167199344474813642706802858406966723394075598366917055958324709688275777788054508564042003197658310617764113786785806174959573530278628127935531 0 0 0 0 0 0 0 0 0 0 0 0 0 0 0 0 0 0 0 0 0 0 0 0 0 0 0 0 0 0 0 0 0 0 0 0 0 0 0 0 0 0 0 0 0 0 0 0 0 0 0 0 0 0 0 0 0 0 0 0 0 0 0 0 0 0 0 0 0 0 0 0 0 0 0 0 0 0 0 0 0]
[5588248294652349881983298702034804081743380985896259797978981996655148397998914833988869009818433602470780944179504832531735593056226384127142227263542812261769556371362318752834065985330132241494553899053288034827659048204491766426914688121710851 1 0 0 0 0 0 0 0 0 0 0 0 0 0 0 0 0 0 0 0 0 0 0 0 0 0 0 0 0 0 0 0 0 0 0 0 0 0 0 0 0 0 0 0 0 0 0 0 0 0 0 0 0 0 0 0 0 0 0 0 0 0 0 0 0 0 0 0 0 0 0 0 0 0 0 0 0 0 0 0 0]
[3366186489063482956207143713940543600325281433148308004236438087451031788421810056527795473659780647483530070084076491906551732719934111289466708915044413666583109944756028106258528220516484205802399025023230468448998787731710973191485930195142381 0 1 0 0 0 0 0 0 0 0 0 0 0 0 0 0 0 0 0 0 0 0 0 0 0 0 0 0 0 0 0 0 0 0 0 0 0 0 0 0 0 0 0 0 0 0 0 0 0 0 0 0 0 0 0 0 0 0 0 0 0 0 0 0 0 0 0 0 0 0 0 0 0 0 0 0 0 0 0 0 0]
[5615731471630882405446399809758968374641425982137036795173059004609758313244497901260956025579196255013502536718152350148526293629546870561559921527743989788288894074614045149128041165997906339460339437817418121280942798162184886052971018712962844 0 0 1 0 0 0 0 0 0 0 0 0 0 0 0 0 0 0 0 0 0 0 0 0 0 0 0 0 0 0 0 0 0 0 0 0 0 0 0 0 0 0 0 0 0 0 0 0 0 0 0 0 0 0 0 0 0 0 0 0 0 0 0 0 0 0 0 0 0 0 0 0 0 0 0 0 0 0 0 0 0]
[917628857519860673499790976043039002966736914812173927789912489671561891169167614615793959666949288490213207341316336707000238039515181641781819368434782707506830931962516307302095396799433921766103650129098960414444650335621122615595444379423951 0 0 0 1 0 0 0 0 0 0 0 0 0 0 0 0 0 0 0 0 0 0 0 0 0 0 0 0 0 0 0 0 0 0 0 0 0 0 0 0 0 0 0 0 0 0 0 0 0 0 0 0 0 0 0 0 0 0 0 0 0 0 0 0 0 0 0 0 0 0 0 0 0 0 0 0 0 0 0 0 0]
[3998050738138259880385910158895095258844373854422761672733925559596973832895422060110480867649805830952078176411898242394026316653968314981760187756361999079431059551939553495763440380790856753494556714138702582244822623910736583456397253683457981 0 0 0 0 1 0 0 0 0 0 0 0 0 0 0 0 0 0 0 0 0 0 0 0 0 0 0 0 0 0 0 0 0 0 0 0 0 0 0 0 0 0 0 0 0 0 0 0 0 0 0 0 0 0 0 0 0 0 0 0 0 0 0 0 0 0 0 0 0 0 0 0 0 0 0 0 0 0 0 0 0]
[4730157933608198837207545729658990600937601032533284418842050455166719371212162620449875293843412291213412413604444619092145436138562080693904876097042702142081018400701256312697197553196482767138193014526682854356497238307449454012515013573746939 0 0 0 0 0 1 0 0 0 0 0 0 0 0 0 0 0 0 0 0 0 0 0 0 0 0 0 0 0 0 0 0 0 0 0 0 0 0 0 0 0 0 0 0 0 0 0 0 0 0 0 0 0 0 0 0 0 0 0 0 0 0 0 0 0 0 0 0 0 0 0 0 0 0 0 0 0 0 0 0 0]
[4420631028697438013347902785952181699456319594464495216198456798846293298710580592598205529215204353707749548725801865473371636198938988872327863241961459443451883329786861027762189740678086665012134005195269452511526538346369872070811032975386752 0 0 0 0 0 0 1 0 0 0 0 0 0 0 0 0 0 0 0 0 0 0 0 0 0 0 0 0 0 0 0 0 0 0 0 0 0 0 0 0 0 0 0 0 0 0 0 0 0 0 0 0 0 0 0 0 0 0 0 0 0 0 0 0 0 0 0 0 0 0 0 0 0 0 0 0 0 0 0 0 0]
[2426458964627839192221104935896162172176071505302192844144008189104066367770107019348609493289397076561782328471741859756384881644104308181142165705389130764700706934858414955229162387543595814394812355124240398515888766533524749194396755672718175 0 0 0 0 0 0 0 1 0 0 0 0 0 0 0 0 0 0 0 0 0 0 0 0 0 0 0 0 0 0 0 0 0 0 0 0 0 0 0 0 0 0 0 0 0 0 0 0 0 0 0 0 0 0 0 0 0 0 0 0 0 0 0 0 0 0 0 0 0 0 0 0 0 0 0 0 0 0 0 0 0]
[6375004602434342726990099040513430011694834979287095751855652188506297571781297648709317340201575415292694476996103468535703241834520118712396998993845500293023580482311186369930449956941242395543084721325774339146709488248157223895241451465675104 0 0 0 0 0 0 0 0 1 0 0 0 0 0 0 0 0 0 0 0 0 0 0 0 0 0 0 0 0 0 0 0 0 0 0 0 0 0 0 0 0 0 0 0 0 0 0 0 0 0 0 0 0 0 0 0 0 0 0 0 0 0 0 0 0 0 0 0 0 0 0 0 0 0 0 0 0 0 0 0 0]
[6392359298845983320865355425469079991281255321368368115306224875604454297638332386865214109508209308821425841242830732091332138835850528779137353511456201719272120179861590176487401643974008527439296779318368536593347016360612506824331709729848347 0 0 0 0 0 0 0 0 0 1 0 0 0 0 0 0 0 0 0 0 0 0 0 0 0 0 0 0 0 0 0 0 0 0 0 0 0 0 0 0 0 0 0 0 0 0 0 0 0 0 0 0 0 0 0 0 0 0 0 0 0 0 0 0 0 0 0 0 0 0 0 0 0 0 0 0 0 0 0 0 0]
[4134199381055909358548024359694248453934096624323616277739736672073445012696898065247823377461615742366585793138983536581394981237290215132609386639129910722592238757508329014822153794880945908273503320777539126097903206639822105685422527753844129 0 0 0 0 0 0 0 0 0 0 1 0 0 0 0 0 0 0 0 0 0 0 0 0 0 0 0 0 0 0 0 0 0 0 0 0 0 0 0 0 0 0 0 0 0 0 0 0 0 0 0 0 0 0 0 0 0 0 0 0 0 0 0 0 0 0 0 0 0 0 0 0 0 0 0 0 0 0 0 0 0]
[5126778080842395920394748330004732684724350692194505511614035211994590745267647454265936688015662875402716439280868306288964840293399456824163560658369266277803047428216994011473646307506972518704547102596530169629253641684214665448436924979822343 0 0 0 0 0 0 0 0 0 0 0 1 0 0 0 0 0 0 0 0 0 0 0 0 0 0 0 0 0 0 0 0 0 0 0 0 0 0 0 0 0 0 0 0 0 0 0 0 0 0 0 0 0 0 0 0 0 0 0 0 0 0 0 0 0 0 0 0 0 0 0 0 0 0 0 0 0 0 0 0 0]
[3537457618839868359050215556254846037164623104147492273374953415707764556326751710072526376388900599344602627229371344458964878538432660609858265172536348090527004933953946456454808344823829933892485714192244852120059815176399389081260812420532339 0 0 0 0 0 0 0 0 0 0 0 0 1 0 0 0 0 0 0 0 0 0 0 0 0 0 0 0 0 0 0 0 0 0 0 0 0 0 0 0 0 0 0 0 0 0 0 0 0 0 0 0 0 0 0 0 0 0 0 0 0 0 0 0 0 0 0 0 0 0 0 0 0 0 0 0 0 0 0 0 0]
[903827289003712115280400882855046208628791088432294641149127184478543824157285452544671497180150766904605326383474985146525142478758948490052264019708872827443700736884681216109242413181589201613683406584275773270206835115673777292292233745046822 0 0 0 0 0 0 0 0 0 0 0 0 0 1 0 0 0 0 0 0 0 0 0 0 0 0 0 0 0 0 0 0 0 0 0 0 0 0 0 0 0 0 0 0 0 0 0 0 0 0 0 0 0 0 0 0 0 0 0 0 0 0 0 0 0 0 0 0 0 0 0 0 0 0 0 0 0 0 0 0 0]
[4881942622283180846306565606744904142019936715119353340079538150983116905205127817351790119576925503657932678894264227535769479757138470523510071416144849005990807809575615932140569822419639369475917632937591833567081263410717532536726498031514645 0 0 0 0 0 0 0 0 0 0 0 0 0 0 1 0 0 0 0 0 0 0 0 0 0 0 0 0 0 0 0 0 0 0 0 0 0 0 0 0 0 0 0 0 0 0 0 0 0 0 0 0 0 0 0 0 0 0 0 0 0 0 0 0 0 0 0 0 0 0 0 0 0 0 0 0 0 0 0 0 0]
[81634149843456362646109749353578135837155157149063442361683507599627174782180728308637451829795115351813133801288651119574054780233503748154907418144899702706660265405880351570664826942880755679658470892832536762980700449175213100095359474614349 0 0 0 0 0 0 0 0 0 0 0 0 0 0 0 1 0 0 0 0 0 0 0 0 0 0 0 0 0 0 0 0 0 0 0 0 0 0 0 0 0 0 0 0 0 0 0 0 0 0 0 0 0 0 0 0 0 0 0 0 0 0 0 0 0 0 0 0 0 0 0 0 0 0 0 0 0 0 0 0 0]
[2486621200404615221499908777629801662160710882894772541949883325822081816167867942604379550557544468713550515249617653342366678318721778295959942516388406675915678000381617135696519151738863533361251752747879311369984257324283418007108738284555270 0 0 0 0 0 0 0 0 0 0 0 0 0 0 0 0 1 0 0 0 0 0 0 0 0 0 0 0 0 0 0 0 0 0 0 0 0 0 0 0 0 0 0 0 0 0 0 0 0 0 0 0 0 0 0 0 0 0 0 0 0 0 0 0 0 0 0 0 0 0 0 0 0 0 0 0 0 0 0 0 0]
[3764670500564481391243184524058781052064715837023485594764771594513796254204260183743938788463187418730068328378519858171930439528087480984764012011275355407312725353550819713491933426135278180050914090885888043695167470180970854349888460365803942 0 0 0 0 0 0 0 0 0 0 0 0 0 0 0 0 0 1 0 0 0 0 0 0 0 0 0 0 0 0 0 0 0 0 0 0 0 0 0 0 0 0 0 0 0 0 0 0 0 0 0 0 0 0 0 0 0 0 0 0 0 0 0 0 0 0 0 0 0 0 0 0 0 0 0 0 0 0 0 0 0]
[2829029794249262553734778705223623761642367146212037281980666969572211952059012557038074166459759309547277049942071106926021377275489967911787620805640603645202676790864740915742827044625804271525148107187458186936681515752063003657026266439538972 0 0 0 0 0 0 0 0 0 0 0 0 0 0 0 0 0 0 1 0 0 0 0 0 0 0 0 0 0 0 0 0 0 0 0 0 0 0 0 0 0 0 0 0 0 0 0 0 0 0 0 0 0 0 0 0 0 0 0 0 0 0 0 0 0 0 0 0 0 0 0 0 0 0 0 0 0 0 0 0 0]
[4503827694743598926225155642945327793432553615190512139342200616630291874297584580510965657613499149640929724090511470847884917460386765718779861962984948718219201213362082905392921821150803741469559261351014512577997652350605768839812302993372577 0 0 0 0 0 0 0 0 0 0 0 0 0 0 0 0 0 0 0 1 0 0 0 0 0 0 0 0 0 0 0 0 0 0 0 0 0 0 0 0 0 0 0 0 0 0 0 0 0 0 0 0 0 0 0 0 0 0 0 0 0 0 0 0 0 0 0 0 0 0 0 0 0 0 0 0 0 0 0 0 0]
[1457892854232970400806438559874895157984397925555225411051358016046286942262139638770077955122518425011798813917478369672577036502155507350314699581162133907438919759761833112438355188494774148671611206839144565536336068257133997163437866572874125 0 0 0 0 0 0 0 0 0 0 0 0 0 0 0 0 0 0 0 0 1 0 0 0 0 0 0 0 0 0 0 0 0 0 0 0 0 0 0 0 0 0 0 0 0 0 0 0 0 0 0 0 0 0 0 0 0 0 0 0 0 0 0 0 0 0 0 0 0 0 0 0 0 0 0 0 0 0 0 0 0]
[4021450019851590136353917123269227617236761325273933386233573415184013254099463919667161735716781139271615100205894151457411140526608021987618822096829419038455905253568733333560855956160577100164831191219135495770744057142561189328619587269358884 0 0 0 0 0 0 0 0 0 0 0 0 0 0 0 0 0 0 0 0 0 1 0 0 0 0 0 0 0 0 0 0 0 0 0 0 0 0 0 0 0 0 0 0 0 0 0 0 0 0 0 0 0 0 0 0 0 0 0 0 0 0 0 0 0 0 0 0 0 0 0 0 0 0 0 0 0 0 0 0 0]
[1185789330730965793107703478343921698777989711392391699140728807616365073256491245037796750973133015602724654668782632096925731662843086615643479604154789947912321038965600548290944139897046181165117033130554825398496098512954988048959057410613124 0 0 0 0 0 0 0 0 0 0 0 0 0 0 0 0 0 0 0 0 0 0 1 0 0 0 0 0 0 0 0 0 0 0 0 0 0 0 0 0 0 0 0 0 0 0 0 0 0 0 0 0 0 0 0 0 0 0 0 0 0 0 0 0 0 0 0 0 0 0 0 0 0 0 0 0 0 0 0 0 0]
[5224933649208965685865185036880007591012370067651700635434941368722753939055622041844339704794096226335071940314833820100494891598883713920700381270260643100632548449556342886315474770775318982381590305843767229556355665479081452851769689383772071 0 0 0 0 0 0 0 0 0 0 0 0 0 0 0 0 0 0 0 0 0 0 0 1 0 0 0 0 0 0 0 0 0 0 0 0 0 0 0 0 0 0 0 0 0 0 0 0 0 0 0 0 0 0 0 0 0 0 0 0 0 0 0 0 0 0 0 0 0 0 0 0 0 0 0 0 0 0 0 0 0]
[5041812320161251535678509054085650110630457561306064547703811064011188386245649273649039562891521610972241632717877304436849464797739785093570039039462243130081446026587216149930462338646104416236056829811114630243963011754453849661681133811750466 0 0 0 0 0 0 0 0 0 0 0 0 0 0 0 0 0 0 0 0 0 0 0 0 1 0 0 0 0 0 0 0 0 0 0 0 0 0 0 0 0 0 0 0 0 0 0 0 0 0 0 0 0 0 0 0 0 0 0 0 0 0 0 0 0 0 0 0 0 0 0 0 0 0 0 0 0 0 0 0 0]
[2932683334651543856476548261380707563661598316892713558173637229587475737457042911215514261110898222261250431210438372025211873691365215246120358496696288852277349001978747559114908446431697391087955969857550794775603275475397319661543631381430750 0 0 0 0 0 0 0 0 0 0 0 0 0 0 0 0 0 0 0 0 0 0 0 0 0 1 0 0 0 0 0 0 0 0 0 0 0 0 0 0 0 0 0 0 0 0 0 0 0 0 0 0 0 0 0 0 0 0 0 0 0 0 0 0 0 0 0 0 0 0 0 0 0 0 0 0 0 0 0 0 0]
[5104170112982197306382914582346095679796475563674829261878842218590570672396453490768806752764731826127026875535927345486530270100159771654560086457020583113604513395083183997812670524020142842517972614672368340656590999769931116305861910630844223 0 0 0 0 0 0 0 0 0 0 0 0 0 0 0 0 0 0 0 0 0 0 0 0 0 0 1 0 0 0 0 0 0 0 0 0 0 0 0 0 0 0 0 0 0 0 0 0 0 0 0 0 0 0 0 0 0 0 0 0 0 0 0 0 0 0 0 0 0 0 0 0 0 0 0 0 0 0 0 0 0]
[501812828722430207747772994546823424587238053790814145971622529051222443323506986378193402079933745100608412734319828430956399037589646352994133795928776500188877574112345448231961561295737534069002806787705827156318144647571690245870057425923732 0 0 0 0 0 0 0 0 0 0 0 0 0 0 0 0 0 0 0 0 0 0 0 0 0 0 0 1 0 0 0 0 0 0 0 0 0 0 0 0 0 0 0 0 0 0 0 0 0 0 0 0 0 0 0 0 0 0 0 0 0 0 0 0 0 0 0 0 0 0 0 0 0 0 0 0 0 0 0 0 0]
[4722897077357902232451179919446376663830618131884678138843240251350034607157950335211260688224678386027327627283592771523614316848029746713593171630103523564131856643167625079453949083444502278643398026888259912233273749180502806046821707604949296 0 0 0 0 0 0 0 0 0 0 0 0 0 0 0 0 0 0 0 0 0 0 0 0 0 0 0 0 1 0 0 0 0 0 0 0 0 0 0 0 0 0 0 0 0 0 0 0 0 0 0 0 0 0 0 0 0 0 0 0 0 0 0 0 0 0 0 0 0 0 0 0 0 0 0 0 0 0 0 0 0]
[2587065197066895501089701538278555150392641014030954406329539622736614872290118199036073848984515467401113577843840302598065899050192106690690021535589096549824962552273334178256352837178060626517936199223840244975841810542932759419604200823975465 0 0 0 0 0 0 0 0 0 0 0 0 0 0 0 0 0 0 0 0 0 0 0 0 0 0 0 0 0 1 0 0 0 0 0 0 0 0 0 0 0 0 0 0 0 0 0 0 0 0 0 0 0 0 0 0 0 0 0 0 0 0 0 0 0 0 0 0 0 0 0 0 0 0 0 0 0 0 0 0 0]
[3908823898662336445225326049908826589279811435886457783694611303902146427624225290602682183264168383271968863131753172749246282005679151134535078702429586919733572364999980129357292304740345331318634963292957707551294875167946982755607478630193517 0 0 0 0 0 0 0 0 0 0 0 0 0 0 0 0 0 0 0 0 0 0 0 0 0 0 0 0 0 0 1 0 0 0 0 0 0 0 0 0 0 0 0 0 0 0 0 0 0 0 0 0 0 0 0 0 0 0 0 0 0 0 0 0 0 0 0 0 0 0 0 0 0 0 0 0 0 0 0 0 0]
[6431861239902761248470897751299801510093873651639722952075900521432707609656707289178047805769760616319921000023187481861555609108398427552782714201815554659330748734195123453658979189278618800792928508870004124389920886826955484163998358406900516 0 0 0 0 0 0 0 0 0 0 0 0 0 0 0 0 0 0 0 0 0 0 0 0 0 0 0 0 0 0 0 1 0 0 0 0 0 0 0 0 0 0 0 0 0 0 0 0 0 0 0 0 0 0 0 0 0 0 0 0 0 0 0 0 0 0 0 0 0 0 0 0 0 0 0 0 0 0 0 0 0]
[3137021626112302445872654637834007263293713734335771831736847216263489198614972677254095162398034258534026066211818470305835778647483219397087089204670289425946657051287970194501940011949635366562878290333985022781231870070912971458632787753657597 0 0 0 0 0 0 0 0 0 0 0 0 0 0 0 0 0 0 0 0 0 0 0 0 0 0 0 0 0 0 0 0 1 0 0 0 0 0 0 0 0 0 0 0 0 0 0 0 0 0 0 0 0 0 0 0 0 0 0 0 0 0 0 0 0 0 0 0 0 0 0 0 0 0 0 0 0 0 0 0 0]
[5263468811735688777946773624345318205109982525410006644681589815710033602536438497529884874626555544542138177122880986935380038111129216387927511668629407213415767271672473260896523968858015389769519002769134478759609587235834873653624981496297176 0 0 0 0 0 0 0 0 0 0 0 0 0 0 0 0 0 0 0 0 0 0 0 0 0 0 0 0 0 0 0 0 0 1 0 0 0 0 0 0 0 0 0 0 0 0 0 0 0 0 0 0 0 0 0 0 0 0 0 0 0 0 0 0 0 0 0 0 0 0 0 0 0 0 0 0 0 0 0 0 0]
[4661007799439617965651941654393785963282440706288945417579723774621556956249008472825139369537450380834169479700683182277639984626537480391535728828607029717915673385342238043163340439421224205760330079033552787389595531955644327556411566540460705 0 0 0 0 0 0 0 0 0 0 0 0 0 0 0 0 0 0 0 0 0 0 0 0 0 0 0 0 0 0 0 0 0 0 1 0 0 0 0 0 0 0 0 0 0 0 0 0 0 0 0 0 0 0 0 0 0 0 0 0 0 0 0 0 0 0 0 0 0 0 0 0 0 0 0 0 0 0 0 0 0]
[2496243822852179884066000140487584470722332192521484505412141796984629808554047182266824402513005696080631032263862688130150225961023963431367132603703546691027354752832982679867632069072890862625519157340942310601304223967218622864082619248026663 0 0 0 0 0 0 0 0 0 0 0 0 0 0 0 0 0 0 0 0 0 0 0 0 0 0 0 0 0 0 0 0 0 0 0 1 0 0 0 0 0 0 0 0 0 0 0 0 0 0 0 0 0 0 0 0 0 0 0 0 0 0 0 0 0 0 0 0 0 0 0 0 0 0 0 0 0 0 0 0 0]
[828288417496199697561113136780663856489160655040147864207776878554402063089604195365725283138593582133697738110445029179802889288588919955131766276639056410712720688816536300556896836449779534857130002573980633080654390825827098044348196991448521 0 0 0 0 0 0 0 0 0 0 0 0 0 0 0 0 0 0 0 0 0 0 0 0 0 0 0 0 0 0 0 0 0 0 0 0 1 0 0 0 0 0 0 0 0 0 0 0 0 0 0 0 0 0 0 0 0 0 0 0 0 0 0 0 0 0 0 0 0 0 0 0 0 0 0 0 0 0 0 0 0]
[55219037222774320518558651437391993753212149126478266374394354986953722753483493591775565838102682910724337436187034726639045822028417420288077957494419286931798777448561773640335837645724498781874510679747171715692164201968921757315517985994140 0 0 0 0 0 0 0 0 0 0 0 0 0 0 0 0 0 0 0 0 0 0 0 0 0 0 0 0 0 0 0 0 0 0 0 0 0 1 0 0 0 0 0 0 0 0 0 0 0 0 0 0 0 0 0 0 0 0 0 0 0 0 0 0 0 0 0 0 0 0 0 0 0 0 0 0 0 0 0 0 0]
[6463429739064648532001988305169540496277806694892957015519171496811192964943784882043440017651514371022938572460200266069033852038917064832589824635194132937778295314156479513010261655715557729519814364200404012651194983389720762579484005906674415 0 0 0 0 0 0 0 0 0 0 0 0 0 0 0 0 0 0 0 0 0 0 0 0 0 0 0 0 0 0 0 0 0 0 0 0 0 0 1 0 0 0 0 0 0 0 0 0 0 0 0 0 0 0 0 0 0 0 0 0 0 0 0 0 0 0 0 0 0 0 0 0 0 0 0 0 0 0 0 0 0]
[1282013574524971039144898617486688546246686428357013165670359520302436258438727721209225955958077589950625138823444816187541938469124192521275008818490506153744236790535999296561306475720569349957433804697787925095554081474668573441460920802034833 0 0 0 0 0 0 0 0 0 0 0 0 0 0 0 0 0 0 0 0 0 0 0 0 0 0 0 0 0 0 0 0 0 0 0 0 0 0 0 1 0 0 0 0 0 0 0 0 0 0 0 0 0 0 0 0 0 0 0 0 0 0 0 0 0 0 0 0 0 0 0 0 0 0 0 0 0 0 0 0 0]
[539308313144399859258360446903615429941981859670967154522128805279966835515875801627038309176116079975634292280542520631457133746985326759789543105674527919226654417242126274225687251565953417412997318995241015787972371535655075476317524245483282 0 0 0 0 0 0 0 0 0 0 0 0 0 0 0 0 0 0 0 0 0 0 0 0 0 0 0 0 0 0 0 0 0 0 0 0 0 0 0 0 1 0 0 0 0 0 0 0 0 0 0 0 0 0 0 0 0 0 0 0 0 0 0 0 0 0 0 0 0 0 0 0 0 0 0 0 0 0 0 0 0]
[786954333301448063749091366236788249121394470676097512797726719854782393526867361439860325712279111759958097989184402424193145741947759298309649164560422472924603012841210590654843157670481321832918754361213686305113692406711810319635891558115154 0 0 0 0 0 0 0 0 0 0 0 0 0 0 0 0 0 0 0 0 0 0 0 0 0 0 0 0 0 0 0 0 0 0 0 0 0 0 0 0 0 1 0 0 0 0 0 0 0 0 0 0 0 0 0 0 0 0 0 0 0 0 0 0 0 0 0 0 0 0 0 0 0 0 0 0 0 0 0 0 0]
[732643626743190802507624979930531012210895227159740732009700998777093242051317109685594032071425802429918317667233743757178955980224093991923059856971330397895142530033852664164342918870960159646344310419871747947993744318520047167732037633845412 0 0 0 0 0 0 0 0 0 0 0 0 0 0 0 0 0 0 0 0 0 0 0 0 0 0 0 0 0 0 0 0 0 0 0 0 0 0 0 0 0 0 1 0 0 0 0 0 0 0 0 0 0 0 0 0 0 0 0 0 0 0 0 0 0 0 0 0 0 0 0 0 0 0 0 0 0 0 0 0 0]
[1032939469046940624210238324520269766336126372604925739298145312843334310988333738224957986437170452074469932048285173139863631913094856806458407761651170915323190907565256338381763687545247920551691787134598079579585145347802915729690890765065374 0 0 0 0 0 0 0 0 0 0 0 0 0 0 0 0 0 0 0 0 0 0 0 0 0 0 0 0 0 0 0 0 0 0 0 0 0 0 0 0 0 0 0 1 0 0 0 0 0 0 0 0 0 0 0 0 0 0 0 0 0 0 0 0 0 0 0 0 0 0 0 0 0 0 0 0 0 0 0 0 0]
[3837353446895628129154721351160428129263752919404126104737389240179179405872507718265650332788456071807292476296349730560075236166677869054364131560264026181175670542193725664165418878494551133319754800420800878281706998478902364264680202145191231 0 0 0 0 0 0 0 0 0 0 0 0 0 0 0 0 0 0 0 0 0 0 0 0 0 0 0 0 0 0 0 0 0 0 0 0 0 0 0 0 0 0 0 0 1 0 0 0 0 0 0 0 0 0 0 0 0 0 0 0 0 0 0 0 0 0 0 0 0 0 0 0 0 0 0 0 0 0 0 0 0]
[4980963940484107862063969264222587283575799134255543818873705035097508660057683568144686106374216186579603500504373051522232815320077139654986582531969064688898037165230792917352542631168980575649365210811415018094155071978452311793278766299922706 0 0 0 0 0 0 0 0 0 0 0 0 0 0 0 0 0 0 0 0 0 0 0 0 0 0 0 0 0 0 0 0 0 0 0 0 0 0 0 0 0 0 0 0 0 1 0 0 0 0 0 0 0 0 0 0 0 0 0 0 0 0 0 0 0 0 0 0 0 0 0 0 0 0 0 0 0 0 0 0 0]
[2453980518982922915253097094557674051469813287018224950237646366813296574997156053652428518138800285878695658199588023018581108722970430541813093134690332600320507512098307400044204662958141147907156897119044530937748692079671265472316577590579622 0 0 0 0 0 0 0 0 0 0 0 0 0 0 0 0 0 0 0 0 0 0 0 0 0 0 0 0 0 0 0 0 0 0 0 0 0 0 0 0 0 0 0 0 0 0 1 0 0 0 0 0 0 0 0 0 0 0 0 0 0 0 0 0 0 0 0 0 0 0 0 0 0 0 0 0 0 0 0 0 0]
[2593378718850792856883219458902033181168343774788141449408774520306496128227179705671593280532411900702242081309079674349637511375043373042108256607475065333930328598941198873289712129743348528236683147777737723764749664512013699387164184591002869 0 0 0 0 0 0 0 0 0 0 0 0 0 0 0 0 0 0 0 0 0 0 0 0 0 0 0 0 0 0 0 0 0 0 0 0 0 0 0 0 0 0 0 0 0 0 0 1 0 0 0 0 0 0 0 0 0 0 0 0 0 0 0 0 0 0 0 0 0 0 0 0 0 0 0 0 0 0 0 0 0]
[3169724942616936774804884916194014978038471145894451117500605182588190697042962577626204247428332279874121230807971976054612497951100198398607324005570862892149136809439824288447344484241468682639662561510737053916402721535183658252281231081976274 0 0 0 0 0 0 0 0 0 0 0 0 0 0 0 0 0 0 0 0 0 0 0 0 0 0 0 0 0 0 0 0 0 0 0 0 0 0 0 0 0 0 0 0 0 0 0 0 1 0 0 0 0 0 0 0 0 0 0 0 0 0 0 0 0 0 0 0 0 0 0 0 0 0 0 0 0 0 0 0 0]
[5619201556745634623593442320375614602775956930569177666689960424158773218097173397133332937574109510944433638130759303283480993614931689230570328426104756400536084249898875604620684236216092298270395059828399273746455836041850707388456049125693406 0 0 0 0 0 0 0 0 0 0 0 0 0 0 0 0 0 0 0 0 0 0 0 0 0 0 0 0 0 0 0 0 0 0 0 0 0 0 0 0 0 0 0 0 0 0 0 0 0 1 0 0 0 0 0 0 0 0 0 0 0 0 0 0 0 0 0 0 0 0 0 0 0 0 0 0 0 0 0 0 0]
[3119838224401085378335797787050239573768998165299498018909874751080624595039941181307248781992736672376852085368832699184053706144615115490633972652616675396313301973517337199446010019764492274902903923540308571531675047460229821234217213806319642 0 0 0 0 0 0 0 0 0 0 0 0 0 0 0 0 0 0 0 0 0 0 0 0 0 0 0 0 0 0 0 0 0 0 0 0 0 0 0 0 0 0 0 0 0 0 0 0 0 0 1 0 0 0 0 0 0 0 0 0 0 0 0 0 0 0 0 0 0 0 0 0 0 0 0 0 0 0 0 0 0]
[4751536239128919070658550260932207804726819629566923405950795462458876806444138529220174950199455814945548919292457618252304756875004416140597867468933192000623971341613014987457762746418188219051375960382667562014983406581307252992780243512338189 0 0 0 0 0 0 0 0 0 0 0 0 0 0 0 0 0 0 0 0 0 0 0 0 0 0 0 0 0 0 0 0 0 0 0 0 0 0 0 0 0 0 0 0 0 0 0 0 0 0 0 1 0 0 0 0 0 0 0 0 0 0 0 0 0 0 0 0 0 0 0 0 0 0 0 0 0 0 0 0 0]
[6446821828638265358012519353092396410917906118960684712188625182501025779875242004664703372588067737746893764780137532359382447287328419977103456331637910111705630216028447482148903959207422260511347759043730409966825877726855466220772551132403457 0 0 0 0 0 0 0 0 0 0 0 0 0 0 0 0 0 0 0 0 0 0 0 0 0 0 0 0 0 0 0 0 0 0 0 0 0 0 0 0 0 0 0 0 0 0 0 0 0 0 0 0 1 0 0 0 0 0 0 0 0 0 0 0 0 0 0 0 0 0 0 0 0 0 0 0 0 0 0 0 0]
[787574752834234839713175808778814005548929406658760643245409902351940025553106937248292813233956343286000695541153248209931750443042466171370809012816705726388098446636097447736831328692291758182327058616881239898402802579899815039456340807979947 0 0 0 0 0 0 0 0 0 0 0 0 0 0 0 0 0 0 0 0 0 0 0 0 0 0 0 0 0 0 0 0 0 0 0 0 0 0 0 0 0 0 0 0 0 0 0 0 0 0 0 0 0 1 0 0 0 0 0 0 0 0 0 0 0 0 0 0 0 0 0 0 0 0 0 0 0 0 0 0 0]
[6024213991718680345120043880742345955610465455150783535413817955378452173853133209910646371196906334704946304444107591737125833699801972578757620723215772156898284946682365742910154459616209109698145871008001152301585861414870009512286825059657598 0 0 0 0 0 0 0 0 0 0 0 0 0 0 0 0 0 0 0 0 0 0 0 0 0 0 0 0 0 0 0 0 0 0 0 0 0 0 0 0 0 0 0 0 0 0 0 0 0 0 0 0 0 0 1 0 0 0 0 0 0 0 0 0 0 0 0 0 0 0 0 0 0 0 0 0 0 0 0 0 0]
[368166318756264646023045954444856985089804012094835262586586953337655398407131283183845169054354936735252641117705595035944686420760898521441006065864411795131546893986614199546200439874680566877227627568808869662747968483297278301978709511026880 0 0 0 0 0 0 0 0 0 0 0 0 0 0 0 0 0 0 0 0 0 0 0 0 0 0 0 0 0 0 0 0 0 0 0 0 0 0 0 0 0 0 0 0 0 0 0 0 0 0 0 0 0 0 0 1 0 0 0 0 0 0 0 0 0 0 0 0 0 0 0 0 0 0 0 0 0 0 0 0 0]
[1238458043086958075053664622020821869519618608722321736440416274994946724377642965192400910493366261459922865396948071411981003016901481625416258333694291649724978277308276350388922917031551857849892886529497220487619565016078813497998761238982445 0 0 0 0 0 0 0 0 0 0 0 0 0 0 0 0 0 0 0 0 0 0 0 0 0 0 0 0 0 0 0 0 0 0 0 0 0 0 0 0 0 0 0 0 0 0 0 0 0 0 0 0 0 0 0 0 1 0 0 0 0 0 0 0 0 0 0 0 0 0 0 0 0 0 0 0 0 0 0 0 0]
[2999714906209700909737552948467022076704811772651012700823891372995037783923877745264046578930608035021035979681062918266050160439877057310669281976747734194313997452676018132245961565163798066646484097463921916029415094029349300684248752133017911 0 0 0 0 0 0 0 0 0 0 0 0 0 0 0 0 0 0 0 0 0 0 0 0 0 0 0 0 0 0 0 0 0 0 0 0 0 0 0 0 0 0 0 0 0 0 0 0 0 0 0 0 0 0 0 0 0 1 0 0 0 0 0 0 0 0 0 0 0 0 0 0 0 0 0 0 0 0 0 0 0]
[4134355005513262709868086008058284252024782672951579185028593482411864276199973667434646089638124952537979640233189728767597225232723958553374126104656720594674121281103641535802362671714601502105534139111587415342726712711628025953578459471920165 0 0 0 0 0 0 0 0 0 0 0 0 0 0 0 0 0 0 0 0 0 0 0 0 0 0 0 0 0 0 0 0 0 0 0 0 0 0 0 0 0 0 0 0 0 0 0 0 0 0 0 0 0 0 0 0 0 0 1 0 0 0 0 0 0 0 0 0 0 0 0 0 0 0 0 0 0 0 0 0 0]
[5308208288288921523508977520653211397305797051674532329120490309242764984492366685369731248917894591488419059879981918467692866966921147128743013828868877749840033132359915564883406191068111102627901143838031652445356047591354406863029095760730153 0 0 0 0 0 0 0 0 0 0 0 0 0 0 0 0 0 0 0 0 0 0 0 0 0 0 0 0 0 0 0 0 0 0 0 0 0 0 0 0 0 0 0 0 0 0 0 0 0 0 0 0 0 0 0 0 0 0 0 1 0 0 0 0 0 0 0 0 0 0 0 0 0 0 0 0 0 0 0 0 0]
[3591284707458222038442777241444130165470215224088722746907608884371320954017826422893312629099025143101812107877428545062317247006825166688092123849794606336428554410007621797394166889177418570230181364844313862232143060213000467764469979814420683 0 0 0 0 0 0 0 0 0 0 0 0 0 0 0 0 0 0 0 0 0 0 0 0 0 0 0 0 0 0 0 0 0 0 0 0 0 0 0 0 0 0 0 0 0 0 0 0 0 0 0 0 0 0 0 0 0 0 0 0 1 0 0 0 0 0 0 0 0 0 0 0 0 0 0 0 0 0 0 0 0]
[5738509383392414720295535961829595747677764798367645603827209303197573572257512798217608601224716309126087746107984676965131405378470033057187330430873110203972583445829219386491566337980905084341551676922982396683118776993565121271409298467893276 0 0 0 0 0 0 0 0 0 0 0 0 0 0 0 0 0 0 0 0 0 0 0 0 0 0 0 0 0 0 0 0 0 0 0 0 0 0 0 0 0 0 0 0 0 0 0 0 0 0 0 0 0 0 0 0 0 0 0 0 0 1 0 0 0 0 0 0 0 0 0 0 0 0 0 0 0 0 0 0 0]
[4198354044941997240739405699197202008895421042234544107205644704718947829061463073495489922340050826877858492641068830478118824806984493927188764064257922253121241660305846465395562028574186496698050393048596778702099802521381957341575946334393887 0 0 0 0 0 0 0 0 0 0 0 0 0 0 0 0 0 0 0 0 0 0 0 0 0 0 0 0 0 0 0 0 0 0 0 0 0 0 0 0 0 0 0 0 0 0 0 0 0 0 0 0 0 0 0 0 0 0 0 0 0 0 1 0 0 0 0 0 0 0 0 0 0 0 0 0 0 0 0 0 0]
[2693724548313569381756705334583806777692632457303517982742922196269921034005929859226956637724222694076369504084806425497245364934467265050572460612323488020825548137477466438786343133904222180497723128293541055355023552417041981583943303609167115 0 0 0 0 0 0 0 0 0 0 0 0 0 0 0 0 0 0 0 0 0 0 0 0 0 0 0 0 0 0 0 0 0 0 0 0 0 0 0 0 0 0 0 0 0 0 0 0 0 0 0 0 0 0 0 0 0 0 0 0 0 0 0 1 0 0 0 0 0 0 0 0 0 0 0 0 0 0 0 0 0]
[5999510070423626447189068271859374985682449997322248037013097171663011274433380441787205020736862305305171460862573813732976326735120876966831554815609968381188310686301821476684828352200331765031689671558688168428388156308074241136332812258043050 0 0 0 0 0 0 0 0 0 0 0 0 0 0 0 0 0 0 0 0 0 0 0 0 0 0 0 0 0 0 0 0 0 0 0 0 0 0 0 0 0 0 0 0 0 0 0 0 0 0 0 0 0 0 0 0 0 0 0 0 0 0 0 0 1 0 0 0 0 0 0 0 0 0 0 0 0 0 0 0 0]
[251196163526790227828086211459965601868302771536395630471228614492483290584300347984551732057655867023622591741877108305081079459765127050876266202851344094726007119685179811916630003996707486887939370638993788199952832896260731407551028200862021 0 0 0 0 0 0 0 0 0 0 0 0 0 0 0 0 0 0 0 0 0 0 0 0 0 0 0 0 0 0 0 0 0 0 0 0 0 0 0 0 0 0 0 0 0 0 0 0 0 0 0 0 0 0 0 0 0 0 0 0 0 0 0 0 0 1 0 0 0 0 0 0 0 0 0 0 0 0 0 0 0]
[5795723173118391297383538565221086210222632125093748216263276608578746095145059503536040604372479306446238713883548251299719018845058314573927871638985098574471392146573275702442030943983922307743036020366589971528984269787893608964786622542978057 0 0 0 0 0 0 0 0 0 0 0 0 0 0 0 0 0 0 0 0 0 0 0 0 0 0 0 0 0 0 0 0 0 0 0 0 0 0 0 0 0 0 0 0 0 0 0 0 0 0 0 0 0 0 0 0 0 0 0 0 0 0 0 0 0 0 1 0 0 0 0 0 0 0 0 0 0 0 0 0 0]
[64048356902422982753344946997865473759378740812176161657155524536674734872422114474755517679071176001639791519640695476958947632039015401422287545924122757512335036729915567399917399178844460378829010667751655781525491130624277260253285932022442 0 0 0 0 0 0 0 0 0 0 0 0 0 0 0 0 0 0 0 0 0 0 0 0 0 0 0 0 0 0 0 0 0 0 0 0 0 0 0 0 0 0 0 0 0 0 0 0 0 0 0 0 0 0 0 0 0 0 0 0 0 0 0 0 0 0 0 1 0 0 0 0 0 0 0 0 0 0 0 0 0]
[6422797170847661412250903723094213261079441562738100018160440606183036459443047595190759119860661427959830367700035967343827883377403291238942669115429728349732723856186636659259596133310302550272665647310585781208679976768137495676240069665812082 0 0 0 0 0 0 0 0 0 0 0 0 0 0 0 0 0 0 0 0 0 0 0 0 0 0 0 0 0 0 0 0 0 0 0 0 0 0 0 0 0 0 0 0 0 0 0 0 0 0 0 0 0 0 0 0 0 0 0 0 0 0 0 0 0 0 0 0 1 0 0 0 0 0 0 0 0 0 0 0 0]
[4386623566268997031901966437333670213201510776209099462727399812796362249824986815066406101903142229714937041881140302295234206202331710654686676557695005323768932688310851014454221888699389003095170410120878400327684504566230494278241426239266333 0 0 0 0 0 0 0 0 0 0 0 0 0 0 0 0 0 0 0 0 0 0 0 0 0 0 0 0 0 0 0 0 0 0 0 0 0 0 0 0 0 0 0 0 0 0 0 0 0 0 0 0 0 0 0 0 0 0 0 0 0 0 0 0 0 0 0 0 0 1 0 0 0 0 0 0 0 0 0 0 0]
[5597913798266627880426008136913560605148623858674552310508613363316635005022883597924060729079337753505319877124978223948840436920000545739621440314217041647016953604032285239729523270104054857677145279831952087389200251366852424198651425306532324 0 0 0 0 0 0 0 0 0 0 0 0 0 0 0 0 0 0 0 0 0 0 0 0 0 0 0 0 0 0 0 0 0 0 0 0 0 0 0 0 0 0 0 0 0 0 0 0 0 0 0 0 0 0 0 0 0 0 0 0 0 0 0 0 0 0 0 0 0 0 1 0 0 0 0 0 0 0 0 0 0]
[2238983276348243502147291616549517725669224676550829002852720051956236359467668414035601729706002638880012767160921948198850144211380593755386338466726868635555815262801128346894882706918448606750316544874940448877728754216344507638950451964692204 0 0 0 0 0 0 0 0 0 0 0 0 0 0 0 0 0 0 0 0 0 0 0 0 0 0 0 0 0 0 0 0 0 0 0 0 0 0 0 0 0 0 0 0 0 0 0 0 0 0 0 0 0 0 0 0 0 0 0 0 0 0 0 0 0 0 0 0 0 0 0 1 0 0 0 0 0 0 0 0 0]
[879463961981249459018080598174273626816474343601506276803656253465844214454654685024102093362124756933047008505308268160975728032781366364770211590931894555136637710255909174906167819371404834801826801877221880084366036882509323549521028071418214 0 0 0 0 0 0 0 0 0 0 0 0 0 0 0 0 0 0 0 0 0 0 0 0 0 0 0 0 0 0 0 0 0 0 0 0 0 0 0 0 0 0 0 0 0 0 0 0 0 0 0 0 0 0 0 0 0 0 0 0 0 0 0 0 0 0 0 0 0 0 0 0 1 0 0 0 0 0 0 0 0]
[1242058442906680373520995622231759243544624828616554309392637844440233572460587880447212072735490658003273717989096144449509860504864998558115832300975504557561479422096225919091494017896414865463692056229303703732714153596660882683902505143644457 0 0 0 0 0 0 0 0 0 0 0 0 0 0 0 0 0 0 0 0 0 0 0 0 0 0 0 0 0 0 0 0 0 0 0 0 0 0 0 0 0 0 0 0 0 0 0 0 0 0 0 0 0 0 0 0 0 0 0 0 0 0 0 0 0 0 0 0 0 0 0 0 0 1 0 0 0 0 0 0 0]
[6404339872964489860337170690971913884998806077805771406029180026198713907267263690327811763718932582935931501569652739707647559943243850557393597563186931032365800942588620554159828621918263520323008295616278089849451805577366956733816509099757030 0 0 0 0 0 0 0 0 0 0 0 0 0 0 0 0 0 0 0 0 0 0 0 0 0 0 0 0 0 0 0 0 0 0 0 0 0 0 0 0 0 0 0 0 0 0 0 0 0 0 0 0 0 0 0 0 0 0 0 0 0 0 0 0 0 0 0 0 0 0 0 0 0 0 1 0 0 0 0 0 0]
[456882317197814744220771152130305982914999831419154838668944683941996968859760254076947331265488120613595592831504514804607258771359556640640602002067694973130900607149207996391116044334721645627056995412853608597809771854447831707597596060391357 0 0 0 0 0 0 0 0 0 0 0 0 0 0 0 0 0 0 0 0 0 0 0 0 0 0 0 0 0 0 0 0 0 0 0 0 0 0 0 0 0 0 0 0 0 0 0 0 0 0 0 0 0 0 0 0 0 0 0 0 0 0 0 0 0 0 0 0 0 0 0 0 0 0 0 1 0 0 0 0 0]
[979794649347501077957497773815910325822618056410192272565304979078752257276770916155718672586006894308707047519923433833612554706399719339432154370110240660868619991777641974096091629124275829175334610719099727500015090783301808383063794476490860 0 0 0 0 0 0 0 0 0 0 0 0 0 0 0 0 0 0 0 0 0 0 0 0 0 0 0 0 0 0 0 0 0 0 0 0 0 0 0 0 0 0 0 0 0 0 0 0 0 0 0 0 0 0 0 0 0 0 0 0 0 0 0 0 0 0 0 0 0 0 0 0 0 0 0 0 1 0 0 0 0]
[5312560497993993491465847369798580083241255850166799912741331933337254879967308112501772089027050402407144219280779391950490066928315438745199557340816186785447861742527141959456457541312167143922426332504169415386162131211883396540001744811694925 0 0 0 0 0 0 0 0 0 0 0 0 0 0 0 0 0 0 0 0 0 0 0 0 0 0 0 0 0 0 0 0 0 0 0 0 0 0 0 0 0 0 0 0 0 0 0 0 0 0 0 0 0 0 0 0 0 0 0 0 0 0 0 0 0 0 0 0 0 0 0 0 0 0 0 0 0 1 0 0 0]
[5434330170468566492954252371422818342648413510989301268574618153980951920511811532934748501989305728257155120954078699799382735728454076806037597026893357508896414385229592731830979077106593696591372001468508987842692733829461561387120001648875569 0 0 0 0 0 0 0 0 0 0 0 0 0 0 0 0 0 0 0 0 0 0 0 0 0 0 0 0 0 0 0 0 0 0 0 0 0 0 0 0 0 0 0 0 0 0 0 0 0 0 0 0 0 0 0 0 0 0 0 0 0 0 0 0 0 0 0 0 0 0 0 0 0 0 0 0 0 0 1 0 0]
[1228848379450241618073499895320956744285648185952887150296117312836361999638181705301074025196533523766529023669243697509423347159358197751820795877195871841345600461875542698587863551806944613843051945772339706773368848630810709260099522543904336 0 0 0 0 0 0 0 0 0 0 0 0 0 0 0 0 0 0 0 0 0 0 0 0 0 0 0 0 0 0 0 0 0 0 0 0 0 0 0 0 0 0 0 0 0 0 0 0 0 0 0 0 0 0 0 0 0 0 0 0 0 0 0 0 0 0 0 0 0 0 0 0 0 0 0 0 0 0 0 1 0]
[1907024287695820589982839176371615647953728915083652754246339023797765634429878141541421730830602778003560618333376051375802546191712263588528721900430535079157787985215198992724241271931061940980097145781929407482065079555343006311957010533867051 0 0 0 0 0 0 0 0 0 0 0 0 0 0 0 0 0 0 0 0 0 0 0 0 0 0 0 0 0 0 0 0 0 0 0 0 0 0 0 0 0 0 0 0 0 0 0 0 0 0 0 0 0 0 0 0 0 0 0 0 0 0 0 0 0 0 0 0 0 0 0 0 0 0 0 0 0 0 0 0 1]
]
82 83 4
[1 1 1 1 1 1 1 1 1 1 1 1 1 1 1 1 1 1 1 1 1 1 1 1 1 1 1 1 1 1 1 1 1 1 1 1 1 1 1 1 1 1 1 1 1 1 1 1 1 1 1 1 1 1 1 1 1 1 1 1 1 1 1 1 1 1 1 1 1 1 1 1 1 1 1 1 1 1 1 1 1 1 1]
