[[5760839378853585737705698683688138357833882267209373941706946944208883572462687848140396224399837780023880606029788964490031647483856260149829233235812288947383190874894548794265554092535550435625649938400018256282722890512193721705482336545304923 0 0 0 0 0 0 0 0 0 0 0 0 0 0 0 0 0 0 0 0 0 0 0 0 0 0 0 0 0 0 0 0 0 0 0 0 0 0 0 0 0 0 0 0 0 0 0 0 0 0 0 0 0 0 0 0 0 0 0 0 0 0 0 0 0 0 0 0 0 0 0 0 0 0 0 0 0 0 0 0 0]
[298583496987574442534401726106232523674612016771974650503180635262819294618798599405968843995157548195181786676796440349964537835006104848728909693938059026944703741862581319836016972530025697446442242249244869858877431771676272405295678384619561 1 0 0 0 0 0 0 0 0 0 0 0 0 0 0 0 0 0 0 0 0 0 0 0 0 0 0 0 0 0 0 0 0 0 0 0 0 0 0 0 0 0 0 0 0 0 0 0 0 0 0 0 0 0 0 0 0 0 0 0 0 0 0 0 0 0 0 0 0 0 0 0 0 0 0 0 0 0 0 0 0]
[5057615387696992578882557656542709842451810469040345061359061782554728044166739204771702067342638927999908739912667164962328444803389773192611938243993842436043693221304899835904743195597150733202220409293006153868021517167679417943620359741929364 0 1 0 0 0 0 0 0 0 0 0 0 0 0 0 0 0 0 0 0 0 0 0 0 0 0 0 0 0 0 0 0 0 0 0 0 0 0 0 0 0 0 0 0 0 0 0 0 0 0 0 0 0 0 0 0 0 0 0 0 0 0 0 0 0 0 0 0 0 0 0 0 0 0 0 0 0 0 0 0 0]
[457257834993249519080357039863193754508954578290926157154267479463904078019483323220588019457046025365064401058463689265839544439064669028437714795770743430628204417936771138552963449707763340962108215501902623660463851513222961718898038178517772 0 0 1 0 0 0 0 0 0 0 0 0 0 0 0 0 0 0 0 0 0 0 0 0 0 0 0 0 0 0 0 0 0 0 0 0 0 0 0 0 0 0 0 0 0 0 0 0 0 0 0 0 0 0 0 0 0 0 0 0 0 0 0 0 0 0 0 0 0 0 0 0 0 0 0 0 0 0 0 0 0]
[1797622607128913414240510259468847829590606573050918911188226774867267714675578305901110283375904068601439312060674926090986462607711100291333284620797296256658458291805377586304496418827575900715391152954152410793976257719719313462156161300168283 0 0 0 1 0 0 0 0 0 0 0 0 0 0 0 0 0 0 0 0 0 0 0 0 0 0 0 0 0 0 0 0 0 0 0 0 0 0 0 0 0 0 0 0 0 0 0 0 0 0 0 0 0 0 0 0 0 0 0 0 0 0 0 0 0 0 0 0 0 0 0 0 0 0 0 0 0 0 0 0 0]
[3184415139743937497071644620849306470438678644492401506794598760721086867950979750712774818934890997901212727856321415419905510637618201092619899542157396182061697235907297726852424316992398634426902736302781127730031162196617490388063076010829608 0 0 0 0 1 0 0 0 0 0 0 0 0 0 0 0 0 0 0 0 0 0 0 0 0 0 0 0 0 0 0 0 0 0 0 0 0 0 0 0 0 0 0 0 0 0 0 0 0 0 0 0 0 0 0 0 0 0 0 0 0 0 0 0 0 0 0 0 0 0 0 0 0 0 0 0 0 0 0 0 0]
[21853632959326119681258043411856123965505365515192215303830265816624702376469761535773709159263227564818159375312768166986627027957887224972713814400274419424894411765296836988022219674339931809884077323214933607669477278168889381074348919913103 0 0 0 0 0 1 0 0 0 0 0 0 0 0 0 0 0 0 0 0 0 0 0 0 0 0 0 0 0 0 0 0 0 0 0 0 0 0 0 0 0 0 0 0 0 0 0 0 0 0 0 0 0 0 0 0 0 0 0 0 0 0 0 0 0 0 0 0 0 0 0 0 0 0 0 0 0 0 0 0 0]
[1241883066507586947534488781306028475410798851373502857130521537899731107752324225322180380080703116494092618406967289324380394679880384288985802157229686183652212735227642777179937240738824526782895607588577978740441145693595856124570883943853739 0 0 0 0 0 0 1 0 0 0 0 0 0 0 0 0 0 0 0 0 0 0 0 0 0 0 0 0 0 0 0 0 0 0 0 0 0 0 0 0 0 0 0 0 0 0 0 0 0 0 0 0 0 0 0 0 0 0 0 0 0 0 0 0 0 0 0 0 0 0 0 0 0 0 0 0 0 0 0 0 0]
[1548314007629342124381367990418316926111085767915570799936051067438937252256613812795433329916652668451371191849616363914421976689481706533364252866813114227067269075619700038176915037256740754044343065845846652646404244556270358686380100659084896 0 0 0 0 0 0 0 1 0 0 0 0 0 0 0 0 0 0 0 0 0 0 0 0 0 0 0 0 0 0 0 0 0 0 0 0 0 0 0 0 0 0 0 0 0 0 0 0 0 0 0 0 0 0 0 0 0 0 0 0 0 0 0 0 0 0 0 0 0 0 0 0 0 0 0 0 0 0 0 0 0]
[945468025943877044094879627127656988550400241107135073433456211164513400122529524389892461008531383477809895427888187447746347674599229484270665250444730424467536427661953903711538483522620150732819459379612526581438710443795844475710624086486509 0 0 0 0 0 0 0 0 1 0 0 0 0 0 0 0 0 0 0 0 0 0 0 0 0 0 0 0 0 0 0 0 0 0 0 0 0 0 0 0 0 0 0 0 0 0 0 0 0 0 0 0 0 0 0 0 0 0 0 0 0 0 0 0 0 0 0 0 0 0 0 0 0 0 0 0 0 0 0 0 0]
[4555441622964797847452763586527853275476154972291295497600378096434366901587055181008551111979403991835670585423413515604592527851341859318124301630050397649231273644039598689380045789180348757318825180594144817279959080304904105810201087301545679 0 0 0 0 0 0 0 0 0 1 0 0 0 0 0 0 0 0 0 0 0 0 0 0 0 0 0 0 0 0 0 0 0 0 0 0 0 0 0 0 0 0 0 0 0 0 0 0 0 0 0 0 0 0 0 0 0 0 0 0 0 0 0 0 0 0 0 0 0 0 0 0 0 0 0 0 0 0 0 0 0]
[883476474595652875920913947744856721662657070440654753269224612863145228200414140640586804188868841697401152181238323845672373293888185147238332226580140783539559208743401446611649312265523734208346062181517844519924438412166834710002013380824793 0 0 0 0 0 0 0 0 0 0 1 0 0 0 0 0 0 0 0 0 0 0 0 0 0 0 0 0 0 0 0 0 0 0 0 0 0 0 0 0 0 0 0 0 0 0 0 0 0 0 0 0 0 0 0 0 0 0 0 0 0 0 0 0 0 0 0 0 0 0 0 0 0 0 0 0 0 0 0 0 0]
[391585852315307054711912159279549770419378461968768965597485425940349066322474152000591957563340354682397236696097304376309656267536353898334594283063769533657309068569742349690830611208415842775106726077568508819572450531642314563188464034891126 0 0 0 0 0 0 0 0 0 0 0 1 0 0 0 0 0 0 0 0 0 0 0 0 0 0 0 0 0 0 0 0 0 0 0 0 0 0 0 0 0 0 0 0 0 0 0 0 0 0 0 0 0 0 0 0 0 0 0 0 0 0 0 0 0 0 0 0 0 0 0 0 0 0 0 0 0 0 0 0 0]
[2325399083942263244521421975435343820186579515401122964258849052485174341281429978725024655016016538057928110602943196556438215069396597836767763725761778722723746285077986806247577326037124343790964142879547372829435586827600657727547626249793724 0 0 0 0 0 0 0 0 0 0 0 0 1 0 0 0 0 0 0 0 0 0 0 0 0 0 0 0 0 0 0 0 0 0 0 0 0 0 0 0 0 0 0 0 0 0 0 0 0 0 0 0 0 0 0 0 0 0 0 0 0 0 0 0 0 0 0 0 0 0 0 0 0 0 0 0 0 0 0 0 0]
[10755204441076673494086944379715797108365170223715654159563021627939859954767898374843584603505825340260237520473439511598309163652489562008966892792420655889075347507117588580098112457120460219206478685332785477713911750799092989315706102047007 0 0 0 0 0 0 0 0 0 0 0 0 0 1 0 0 0 0 0 0 0 0 0 0 0 0 0 0 0 0 0 0 0 0 0 0 0 0 0 0 0 0 0 0 0 0 0 0 0 0 0 0 0 0 0 0 0 0 0 0 0 0 0 0 0 0 0 0 0 0 0 0 0 0 0 0 0 0 0 0 0]
[3124391764011204735141805980465592562609625969754420562946742384119138744833199555307040128347471024088634250201560324851379141133619347481290466141055767383782751548558350561487435013146380767210344456564576351020693157737242024650908644552421834 0 0 0 0 0 0 0 0 0 0 0 0 0 0 1 0 0 0 0 0 0 0 0 0 0 0 0 0 0 0 0 0 0 0 0 0 0 0 0 0 0 0 0 0 0 0 0 0 0 0 0 0 0 0 0 0 0 0 0 0 0 0 0 0 0 0 0 0 0 0 0 0 0 0 0 0 0 0 0 0 0]
[5689377194173941377197210916652863919628175233025317997954465275472500265869547521573104309378805290376564770290184196959129276500746344469497548231134189283825940422862468600637631322741061116254158485446950004626503136280517585957622350734020391 0 0 0 0 0 0 0 0 0 0 0 0 0 0 0 1 0 0 0 0 0 0 0 0 0 0 0 0 0 0 0 0 0 0 0 0 0 0 0 0 0 0 0 0 0 0 0 0 0 0 0 0 0 0 0 0 0 0 0 0 0 0 0 0 0 0 0 0 0 0 0 0 0 0 0 0 0 0 0 0 0]
[5530061016693065597321112631869261454834146846976418995155533214829614675732395744263040662460721972823144592313248517808428811900222070639059653555316092268574585741661127222777284115609967602116828557479443985928205032014102762186931989881462912 0 0 0 0 0 0 0 0 0 0 0 0 0 0 0 0 1 0 0 0 0 0 0 0 0 0 0 0 0 0 0 0 0 0 0 0 0 0 0 0 0 0 0 0 0 0 0 0 0 0 0 0 0 0 0 0 0 0 0 0 0 0 0 0 0 0 0 0 0 0 0 0 0 0 0 0 0 0 0 0 0]
[13640344022120931669172834374106846406706300947717213163955496997525459693590602409784228071961907091319464107311557392204798281122132017302296605347959419114917920481483248126944871950510733303064028748070812910594579916102547680954122062606206 0 0 0 0 0 0 0 0 0 0 0 0 0 0 0 0 0 1 0 0 0 0 0 0 0 0 0 0 0 0 0 0 0 0 0 0 0 0 0 0 0 0 0 0 0 0 0 0 0 0 0 0 0 0 0 0 0 0 0 0 0 0 0 0 0 0 0 0 0 0 0 0 0 0 0 0 0 0 0 0 0]
[4228912827621266986137477313014838058356740026007218675383875373374886567133374257721316890203249292466641299536694910311202881142492217353878637895322745323740710301310402361291131384840876940271056122100037575574473167201062479844619765062798875 0 0 0 0 0 0 0 0 0 0 0 0 0 0 0 0 0 0 1 0 0 0 0 0 0 0 0 0 0 0 0 0 0 0 0 0 0 0 0 0 0 0 0 0 0 0 0 0 0 0 0 0 0 0 0 0 0 0 0 0 0 0 0 0 0 0 0 0 0 0 0 0 0 0 0 0 0 0 0 0 0]
[5319247737798424315624990047791939984465460133194807472400009070755603017450633724913194065429655785699450335720706313909964311868717710581679123319157501109176965051192707406757386355326420266964747834078160440472236401437126391940971859398610112 0 0 0 0 0 0 0 0 0 0 0 0 0 0 0 0 0 0 0 1 0 0 0 0 0 0 0 0 0 0 0 0 0 0 0 0 0 0 0 0 0 0 0 0 0 0 0 0 0 0 0 0 0 0 0 0 0 0 0 0 0 0 0 0 0 0 0 0 0 0 0 0 0 0 0 0 0 0 0 0 0]
[5484069272754474386469959303010478604947916392330295040841851458301140060758590933782961555875896884953901919938202824693746860209407672064911317590897108415439565779365319221050405730334351367359968612116342763803012691373853273738210861745505057 0 0 0 0 0 0 0 0 0 0 0 0 0 0 0 0 0 0 0 0 1 0 0 0 0 0 0 0 0 0 0 0 0 0 0 0 0 0 0 0 0 0 0 0 0 0 0 0 0 0 0 0 0 0 0 0 0 0 0 0 0 0 0 0 0 0 0 0 0 0 0 0 0 0 0 0 0 0 0 0 0]
[1612099624880240622389859329043170402564422376771067798227237487984747916589412589636978690724307206547774868763580522717540103970882432745690842104086014219751508843936220688899985738389883974819468108201012052286743799748912406805360716186922016 0 0 0 0 0 0 0 0 0 0 0 0 0 0 0 0 0 0 0 0 0 1 0 0 0 0 0 0 0 0 0 0 0 0 0 0 0 0 0 0 0 0 0 0 0 0 0 0 0 0 0 0 0 0 0 0 0 0 0 0 0 0 0 0 0 0 0 0 0 0 0 0 0 0 0 0 0 0 0 0 0]
[4106325329131881277241765818428716523939295061613177281009461895919953731733389645950217836827023815739032012653615146703088055258363672638886286985585156026644562874202243425615627888007084378140308238448512168209293063403985632525430837916285171 0 0 0 0 0 0 0 0 0 0 0 0 0 0 0 0 0 0 0 0 0 0 1 0 0 0 0 0 0 0 0 0 0 0 0 0 0 0 0 0 0 0 0 0 0 0 0 0 0 0 0 0 0 0 0 0 0 0 0 0 0 0 0 0 0 0 0 0 0 0 0 0 0 0 0 0 0 0 0 0 0]
[1411021025407268796453290926989825158025670030045847186398684857131274160583933609110918666686793396428212857991139268861740823092637178266091532280746399751988835936102690284693253586883520105879984455354010290201629179840233848392641695518987743 0 0 0 0 0 0 0 0 0 0 0 0 0 0 0 0 0 0 0 0 0 0 0 1 0 0 0 0 0 0 0 0 0 0 0 0 0 0 0 0 0 0 0 0 0 0 0 0 0 0 0 0 0 0 0 0 0 0 0 0 0 0 0 0 0 0 0 0 0 0 0 0 0 0 0 0 0 0 0 0 0]
[3628858143598333960019983179126301389309693231273724975518541580084873418457569157264455806568090288190326870057826377408808961456130812507548623273554415082020491425192561748894471260449495235909437730668931411829720068140561959544131984448179650 0 0 0 0 0 0 0 0 0 0 0 0 0 0 0 0 0 0 0 0 0 0 0 0 1 0 0 0 0 0 0 0 0 0 0 0 0 0 0 0 0 0 0 0 0 0 0 0 0 0 0 0 0 0 0 0 0 0 0 0 0 0 0 0 0 0 0 0 0 0 0 0 0 0 0 0 0 0 0 0 0]
[886630323806906357467999179542097542173255214474411361105117284285020814725793717569188497968206815429379927214797451920791512833945877582216117495232558127657462801338490844427063167927841505589936915694464661550125512057686109597833316711805725 0 0 0 0 0 0 0 0 0 0 0 0 0 0 0 0 0 0 0 0 0 0 0 0 0 1 0 0 0 0 0 0 0 0 0 0 0 0 0 0 0 0 0 0 0 0 0 0 0 0 0 0 0 0 0 0 0 0 0 0 0 0 0 0 0 0 0 0 0 0 0 0 0 0 0 0 0 0 0 0 0]
[1904171687221147547926568470069405380125049508068173265845071696804095768866253865454834386632035100941619469620645198447174333445166067871424730724835177014855605689760269426533944667206254448230225146019537322286888561030020215735399132246270282 0 0 0 0 0 0 0 0 0 0 0 0 0 0 0 0 0 0 0 0 0 0 0 0 0 0 1 0 0 0 0 0 0 0 0 0 0 0 0 0 0 0 0 0 0 0 0 0 0 0 0 0 0 0 0 0 0 0 0 0 0 0 0 0 0 0 0 0 0 0 0 0 0 0 0 0 0 0 0 0 0]
[737818708927530675990975114957118499130951052369272916637865335245245325290065762878122060374452353092713208375579433701275163307203358408041197154155488743131224468117070204508510026373131092182450350063593043997262666067476551766850245867501390 0 0 0 0 0 0 0 0 0 0 0 0 0 0 0 0 0 0 0 0 0 0 0 0 0 0 0 1 0 0 0 0 0 0 0 0 0 0 0 0 0 0 0 0 0 0 0 0 0 0 0 0 0 0 0 0 0 0 0 0 0 0 0 0 0 0 0 0 0 0 0 0 0 0 0 0 0 0 0 0 0]
[1207176823828877813074129898748504998773251149735710680127230402439262534189219940543279895697418174164167442592749106908534172820241041774525353103481340946239825970307013098346811507848288907591457053964370080479291371096451386677933627562460288 0 0 0 0 0 0 0 0 0 0 0 0 0 0 0 0 0 0 0 0 0 0 0 0 0 0 0 0 1 0 0 0 0 0 0 0 0 0 0 0 0 0 0 0 0 0 0 0 0 0 0 0 0 0 0 0 0 0 0 0 0 0 0 0 0 0 0 0 0 0 0 0 0 0 0 0 0 0 0 0 0]
[1200485265504373701565997205861606836384720561074620179712016030040882601823630447578554192124028179918206466700404048525013037092741456084859254430815737327038640217167227529912038874928142499148407954281006150492048263858902552608765161685273266 0 0 0 0 0 0 0 0 0 0 0 0 0 0 0 0 0 0 0 0 0 0 0 0 0 0 0 0 0 1 0 0 0 0 0 0 0 0 0 0 0 0 0 0 0 0 0 0 0 0 0 0 0 0 0 0 0 0 0 0 0 0 0 0 0 0 0 0 0 0 0 0 0 0 0 0 0 0 0 0 0]
[1230998957707480894507966627188841969176109935141904699623922795863381187319172884903238835674220667839688627879638925543524158785817594371040879612385325885046449608851092826096067611227835856598458652758747444903824753340223598120544970116945924 0 0 0 0 0 0 0 0 0 0 0 0 0 0 0 0 0 0 0 0 0 0 0 0 0 0 0 0 0 0 1 0 0 0 0 0 0 0 0 0 0 0 0 0 0 0 0 0 0 0 0 0 0 0 0 0 0 0 0 0 0 0 0 0 0 0 0 0 0 0 0 0 0 0 0 0 0 0 0 0 0]
[5411353675877101885024662099667726758534148622528357188146176680301033093707039926296734006432045134075364548149080401238831960528262912793546511163629707427182987145197438408104090681072255555057300401397326745634348266586785254825109665219708098 0 0 0 0 0 0 0 0 0 0 0 0 0 0 0 0 0 0 0 0 0 0 0 0 0 0 0 0 0 0 0 1 0 0 0 0 0 0 0 0 0 0 0 0 0 0 0 0 0 0 0 0 0 0 0 0 0 0 0 0 0 0 0 0 0 0 0 0 0 0 0 0 0 0 0 0 0 0 0 0 0]
[2082761030076829034467093939728497651372677533431642247606079179525821799806593713845163808152981403884266997900369445201861233167627781780763073106978019600648997881790404853826374814075209713607441889755724453731046150001046822037755478060146972 0 0 0 0 0 0 0 0 0 0 0 0 0 0 0 0 0 0 0 0 0 0 0 0 0 0 0 0 0 0 0 0 1 0 0 0 0 0 0 0 0 0 0 0 0 0 0 0 0 0 0 0 0 0 0 0 0 0 0 0 0 0 0 0 0 0 0 0 0 0 0 0 0 0 0 0 0 0 0 0 0]
[5625321994472615960895661967475433681165992271467158465820054857802288009576720195068602157582201500274925837410894475669764053631567060568907700275913328064086532730407692446184421358433079476910221824400627566468392185901331815389669051585098806 0 0 0 0 0 0 0 0 0 0 0 0 0 0 0 0 0 0 0 0 0 0 0 0 0 0 0 0 0 0 0 0 0 1 0 0 0 0 0 0 0 0 0 0 0 0 0 0 0 0 0 0 0 0 0 0 0 0 0 0 0 0 0 0 0 0 0 0 0 0 0 0 0 0 0 0 0 0 0 0 0]
[5298525798583605099884439270762920280983704777077516159805921739055367285052844122754435901262509360356912805483719855265316014145666032848994645894718457844763971130507733477469107512702069143442592613354499640006020031815235961927415056018827677 0 0 0 0 0 0 0 0 0 0 0 0 0 0 0 0 0 0 0 0 0 0 0 0 0 0 0 0 0 0 0 0 0 0 1 0 0 0 0 0 0 0 0 0 0 0 0 0 0 0 0 0 0 0 0 0 0 0 0 0 0 0 0 0 0 0 0 0 0 0 0 0 0 0 0 0 0 0 0 0 0]
[1668547306904012906959366230228665573033579002952023746274217335886535238153712063384996503164284340383204881030872597620898016549135634433081247366205106727622522005748995691908033219354000686612359444775039410498683795791851769054316769066272042 0 0 0 0 0 0 0 0 0 0 0 0 0 0 0 0 0 0 0 0 0 0 0 0 0 0 0 0 0 0 0 0 0 0 0 1 0 0 0 0 0 0 0 0 0 0 0 0 0 0 0 0 0 0 0 0 0 0 0 0 0 0 0 0 0 0 0 0 0 0 0 0 0 0 0 0 0 0 0 0 0]
[3100557266227428411200824115591502500221492095803302455532705481021749400273181613727204631988742787701133546815055178051274977662085530723911575245528103398433374198461725127189686311659376567879503653918742856379595696396659477836242749783281958 0 0 0 0 0 0 0 0 0 0 0 0 0 0 0 0 0 0 0 0 0 0 0 0 0 0 0 0 0 0 0 0 0 0 0 0 1 0 0 0 0 0 0 0 0 0 0 0 0 0 0 0 0 0 0 0 0 0 0 0 0 0 0 0 0 0 0 0 0 0 0 0 0 0 0 0 0 0 0 0 0]
[4934694637016749774532484574265757241121405226528766571225924813098047926959568151653961701154784065430555876478219607323933794678511073301530359049601071263868342631417948965773424018200439528348599176010451346016570081032343784810440952152694475 0 0 0 0 0 0 0 0 0 0 0 0 0 0 0 0 0 0 0 0 0 0 0 0 0 0 0 0 0 0 0 0 0 0 0 0 0 1 0 0 0 0 0 0 0 0 0 0 0 0 0 0 0 0 0 0 0 0 0 0 0 0 0 0 0 0 0 0 0 0 0 0 0 0 0 0 0 0 0 0 0]
[2733154204095328664631360926568438815180556948047810793613164468000849490622288358141215738192323239898922433286999089356526093581758271519231620190388880681959529792397907995960328605131982497819302363930883195127357264443862369651413102158003005 0 0 0 0 0 0 0 0 0 0 0 0 0 0 0 0 0 0 0 0 0 0 0 0 0 0 0 0 0 0 0 0 0 0 0 0 0 0 1 0 0 0 0 0 0 0 0 0 0 0 0 0 0 0 0 0 0 0 0 0 0 0 0 0 0 0 0 0 0 0 0 0 0 0 0 0 0 0 0 0 0]
[4241794498857892262001153652504150820538543481020250434207042527657978773248486758978940121847194279831038056463669350085698927806604139243583642997207002524691048670863923021951780140164177385683775320133453601419647534710720900291887389401718604 0 0 0 0 0 0 0 0 0 0 0 0 0 0 0 0 0 0 0 0 0 0 0 0 0 0 0 0 0 0 0 0 0 0 0 0 0 0 0 1 0 0 0 0 0 0 0 0 0 0 0 0 0 0 0 0 0 0 0 0 0 0 0 0 0 0 0 0 0 0 0 0 0 0 0 0 0 0 0 0 0]
[3690621306754977441078275863187903590651394072673794447166806586723182468342700383028960236784404012974573618324062374080462328294422114637590111956551617955225783432383040830803022353773223420318888959439734030219295380949071347314578272954757893 0 0 0 0 0 0 0 0 0 0 0 0 0 0 0 0 0 0 0 0 0 0 0 0 0 0 0 0 0 0 0 0 0 0 0 0 0 0 0 0 1 0 0 0 0 0 0 0 0 0 0 0 0 0 0 0 0 0 0 0 0 0 0 0 0 0 0 0 0 0 0 0 0 0 0 0 0 0 0 0 0]
[5215040876663342998104395618669015758859984927244166716615032260211435326270581658463817400294807416645130912280992616852951900897655184609876075040695370578853027359245367527350877549177905510520932674032162779573786834507061654564054945822575710 0 0 0 0 0 0 0 0 0 0 0 0 0 0 0 0 0 0 0 0 0 0 0 0 0 0 0 0 0 0 0 0 0 0 0 0 0 0 0 0 0 1 0 0 0 0 0 0 0 0 0 0 0 0 0 0 0 0 0 0 0 0 0 0 0 0 0 0 0 0 0 0 0 0 0 0 0 0 0 0 0]
[3765414582766144897272945188756792582390457165171616911391135444440433042109500922991863686458544213403143237252872852637995307875231018345776522904928783289002298248116356539402485909934577621199162106470828638160547524762853535606720474327150619 0 0 0 0 0 0 0 0 0 0 0 0 0 0 0 0 0 0 0 0 0 0 0 0 0 0 0 0 0 0 0 0 0 0 0 0 0 0 0 0 0 0 1 0 0 0 0 0 0 0 0 0 0 0 0 0 0 0 0 0 0 0 0 0 0 0 0 0 0 0 0 0 0 0 0 0 0 0 0 0 0]
[2097518477022002536264490234992330562446393602395618776103461264274947342739160438586000090744664927533161773671198410034355248455920042070703930332610610768054894923012246785464791520601846626805214431042838656771172845559922703418745896373728683 0 0 0 0 0 0 0 0 0 0 0 0 0 0 0 0 0 0 0 0 0 0 0 0 0 0 0 0 0 0 0 0 0 0 0 0 0 0 0 0 0 0 0 1 0 0 0 0 0 0 0 0 0 0 0 0 0 0 0 0 0 0 0 0 0 0 0 0 0 0 0 0 0 0 0 0 0 0 0 0 0]
[1261991754333236756940642079003970455065920942447599812126545030349614556105850769194063200075935409948226663575761587640695527424280126691787771728147783503646098326332955743364215495474259477310697114122745284978690697599228903471879545396374453 0 0 0 0 0 0 0 0 0 0 0 0 0 0 0 0 0 0 0 0 0 0 0 0 0 0 0 0 0 0 0 0 0 0 0 0 0 0 0 0 0 0 0 0 1 0 0 0 0 0 0 0 0 0 0 0 0 0 0 0 0 0 0 0 0 0 0 0 0 0 0 0 0 0 0 0 0 0 0 0 0]
[2021765434359328721777313032756417827157585509100200092299708016000765025114951035041413985165986990189462508566710737715595185364210472691684059764285475293460491351307514163442768077175390109399064241183242488015125991855040927816880756247596339 0 0 0 0 0 0 0 0 0 0 0 0 0 0 0 0 0 0 0 0 0 0 0 0 0 0 0 0 0 0 0 0 0 0 0 0 0 0 0 0 0 0 0 0 0 1 0 0 0 0 0 0 0 0 0 0 0 0 0 0 0 0 0 0 0 0 0 0 0 0 0 0 0 0 0 0 0 0 0 0 0]
[5467944827331613564491222153941786935917390013932056201932341853643776659498494372495363289682906804878277940658347964207593790127238146634552303118466231273296598583493602619026643159687644176688286488154090172146151233366109074211473716896546627 0 0 0 0 0 0 0 0 0 0 0 0 0 0 0 0 0 0 0 0 0 0 0 0 0 0 0 0 0 0 0 0 0 0 0 0 0 0 0 0 0 0 0 0 0 0 1 0 0 0 0 0 0 0 0 0 0 0 0 0 0 0 0 0 0 0 0 0 0 0 0 0 0 0 0 0 0 0 0 0 0]
[3863744062160870333815417606660330285355611626852118833770650600534042157889521745234812839670209583233823755017604804701198605481852001708579917561384781576358321317465548252515197358652184674678419277028001306647560965638714738056641219198282089 0 0 0 0 0 0 0 0 0 0 0 0 0 0 0 0 0 0 0 0 0 0 0 0 0 0 0 0 0 0 0 0 0 0 0 0 0 0 0 0 0 0 0 0 0 0 0 1 0 0 0 0 0 0 0 0 0 0 0 0 0 0 0 0 0 0 0 0 0 0 0 0 0 0 0 0 0 0 0 0 0]
[2648590779658069599641348883332690042660684052597218357336166148652532402339311439514441716277834798573896026669636930430311080384201471893733420010505365367165379922168115652452138455932455781947990432022087280971889768346333652099633481722090262 0 0 0 0 0 0 0 0 0 0 0 0 0 0 0 0 0 0 0 0 0 0 0 0 0 0 0 0 0 0 0 0 0 0 0 0 0 0 0 0 0 0 0 0 0 0 0 0 1 0 0 0 0 0 0 0 0 0 0 0 0 0 0 0 0 0 0 0 0 0 0 0 0 0 0 0 0 0 0 0 0]
[585853789289173719653234387985257963625493121688820150817301382162255198558882664837823092977603430523849755969045589667875305321057655775020036272543551905774323123201702795504139799732577295328840179659119367513785151686894544571442738487262679 0 0 0 0 0 0 0 0 0 0 0 0 0 0 0 0 0 0 0 0 0 0 0 0 0 0 0 0 0 0 0 0 0 0 0 0 0 0 0 0 0 0 0 0 0 0 0 0 0 1 0 0 0 0 0 0 0 0 0 0 0 0 0 0 0 0 0 0 0 0 0 0 0 0 0 0 0 0 0 0 0]
[2613902793857204871205506935543757599898687449593390773208111207045500193106080005939939590341704659438668564286271736636692068889455604034847540938466352712149765939820546164261371239189261743078933468758313229847089909439799256949774165402796814 0 0 0 0 0 0 0 0 0 0 0 0 0 0 0 0 0 0 0 0 0 0 0 0 0 0 0 0 0 0 0 0 0 0 0 0 0 0 0 0 0 0 0 0 0 0 0 0 0 0 1 0 0 0 0 0 0 0 0 0 0 0 0 0 0 0 0 0 0 0 0 0 0 0 0 0 0 0 0 0 0]
[2633871374381420102085704429225675048385996911537616284577980751405985204615532956641155391948736591619614863013259296282014684485599743620953927493340636342464145503231355555628813467285306836488694888212839857698393987351529388822261785166526360 0 0 0 0 0 0 0 0 0 0 0 0 0 0 0 0 0 0 0 0 0 0 0 0 0 0 0 0 0 0 0 0 0 0 0 0 0 0 0 0 0 0 0 0 0 0 0 0 0 0 0 1 0 0 0 0 0 0 0 0 0 0 0 0 0 0 0 0 0 0 0 0 0 0 0 0 0 0 0 0 0]
[3059775878789659739117832178931556947591696712795165615360659667623820923655940908070772339371776386621840626650055939928116790494652028200153987756688345775624594834648169293140566409815151345276490445249364854395304716529425301083013534172365263 0 0 0 0 0 0 0 0 0 0 0 0 0 0 0 0 0 0 0 0 0 0 0 0 0 0 0 0 0 0 0 0 0 0 0 0 0 0 0 0 0 0 0 0 0 0 0 0 0 0 0 0 1 0 0 0 0 0 0 0 0 0 0 0 0 0 0 0 0 0 0 0 0 0 0 0 0 0 0 0 0]
[2551221893091141089728418131771868150959905455460122842412857969517137565602063266826635784709807766868746036432860460011757056313700679516861916214575259626909117347995079681415886466914065581315702234630890819244763051201733801760590104822269726 0 0 0 0 0 0 0 0 0 0 0 0 0 0 0 0 0 0 0 0 0 0 0 0 0 0 0 0 0 0 0 0 0 0 0 0 0 0 0 0 0 0 0 0 0 0 0 0 0 0 0 0 0 1 0 0 0 0 0 0 0 0 0 0 0 0 0 0 0 0 0 0 0 0 0 0 0 0 0 0 0]
[1152311013286218208367873105012927534099700125447574100511297914316794134814116295337336130961600940400947858648967981630911085506404041316100119269645019972202800490352806369017829375973377322615625496116335462099034211299196003162082510847463477 0 0 0 0 0 0 0 0 0 0 0 0 0 0 0 0 0 0 0 0 0 0 0 0 0 0 0 0 0 0 0 0 0 0 0 0 0 0 0 0 0 0 0 0 0 0 0 0 0 0 0 0 0 0 1 0 0 0 0 0 0 0 0 0 0 0 0 0 0 0 0 0 0 0 0 0 0 0 0 0 0]
[3790928799103545201432984691069509493265281493442793459567610507640349661651918433614355613759212528730590994018661368108488827369798809689158434640025190033711833539376329202463367348965871922892608907683887437492032430850372689656768550989783036 0 0 0 0 0 0 0 0 0 0 0 0 0 0 0 0 0 0 0 0 0 0 0 0 0 0 0 0 0 0 0 0 0 0 0 0 0 0 0 0 0 0 0 0 0 0 0 0 0 0 0 0 0 0 0 1 0 0 0 0 0 0 0 0 0 0 0 0 0 0 0 0 0 0 0 0 0 0 0 0 0]
[3217379525106040043752987172445281778524742922969513299290278318133208411368600269543646865672487403472536570664232254659155803574240827228588623991565280511106488958562134478862268802568391304119797097117188445225697941778708353455317611234413900 0 0 0 0 0 0 0 0 0 0 0 0 0 0 0 0 0 0 0 0 0 0 0 0 0 0 0 0 0 0 0 0 0 0 0 0 0 0 0 0 0 0 0 0 0 0 0 0 0 0 0 0 0 0 0 0 1 0 0 0 0 0 0 0 0 0 0 0 0 0 0 0 0 0 0 0 0 0 0 0 0]
[994211501175914572093563468847761769330121072974205251569057815556147832662040839097368066654942794575600006577176418103067690893776307864462437996830601565152656862532737100270939114605124221726809211863809538528194555793253344076371510049667993 0 0 0 0 0 0 0 0 0 0 0 0 0 0 0 0 0 0 0 0 0 0 0 0 0 0 0 0 0 0 0 0 0 0 0 0 0 0 0 0 0 0 0 0 0 0 0 0 0 0 0 0 0 0 0 0 0 1 0 0 0 0 0 0 0 0 0 0 0 0 0 0 0 0 0 0 0 0 0 0 0]
[159403563146104776045750181923445776031016330527087667678864318269673362581077269261609544809010611951089440023736641610618319036289742534543620523422847354122980057171666222201491992583678698145498599025243350716130083555860004152514277569674148 0 0 0 0 0 0 0 0 0 0 0 0 0 0 0 0 0 0 0 0 0 0 0 0 0 0 0 0 0 0 0 0 0 0 0 0 0 0 0 0 0 0 0 0 0 0 0 0 0 0 0 0 0 0 0 0 0 0 1 0 0 0 0 0 0 0 0 0 0 0 0 0 0 0 0 0 0 0 0 0 0]
[5250420499396881200415479243859376771410632554262224502429561652462288757246679671887812846413596584727949747234815320278648653225522227666798629301251029451084748500838727668157543603359321514850920600060309619802539973756327625176534272700547552 0 0 0 0 0 0 0 0 0 0 0 0 0 0 0 0 0 0 0 0 0 0 0 0 0 0 0 0 0 0 0 0 0 0 0 0 0 0 0 0 0 0 0 0 0 0 0 0 0 0 0 0 0 0 0 0 0 0 0 1 0 0 0 0 0 0 0 0 0 0 0 0 0 0 0 0 0 0 0 0 0]
[3194908644868515248908860114682103192986725471076910510650294041249579587092079597090903542634363302758088636082442526277011671918603179775479461512664712518858902457570470539012815771963587137867890559136946688390600028764339636880799027014415105 0 0 0 0 0 0 0 0 0 0 0 0 0 0 0 0 0 0 0 0 0 0 0 0 0 0 0 0 0 0 0 0 0 0 0 0 0 0 0 0 0 0 0 0 0 0 0 0 0 0 0 0 0 0 0 0 0 0 0 0 1 0 0 0 0 0 0 0 0 0 0 0 0 0 0 0 0 0 0 0 0]
[4306535062474452101269891982256806134355588042001644610408058100075468019841987202540608418218099556386581529783411439617669387741535698896426084044676132090678186350709586503618273250406237626344195406500507228408060185506120789556813082205120527 0 0 0 0 0 0 0 0 0 0 0 0 0 0 0 0 0 0 0 0 0 0 0 0 0 0 0 0 0 0 0 0 0 0 0 0 0 0 0 0 0 0 0 0 0 0 0 0 0 0 0 0 0 0 0 0 0 0 0 0 0 1 0 0 0 0 0 0 0 0 0 0 0 0 0 0 0 0 0 0 0]
[4949165494382710103337944760483414329415982201330145727603654825329375064006331845313388922573563136879351573711239108521995025662840518414164704901637183668510331255331508577283931800579406881459512598003569171777924428883052746004387817189201834 0 0 0 0 0 0 0 0 0 0 0 0 0 0 0 0 0 0 0 0 0 0 0 0 0 0 0 0 0 0 0 0 0 0 0 0 0 0 0 0 0 0 0 0 0 0 0 0 0 0 0 0 0 0 0 0 0 0 0 0 0 0 1 0 0 0 0 0 0 0 0 0 0 0 0 0 0 0 0 0 0]
[2177646597633146403531439748282754947997600088517819269946321771269744003403204773750565879704964196935467232266783233681336565057164265250200829286957689353268126391664171731406787653545696555143582546885930580665947777113950936121639851639574117 0 0 0 0 0 0 0 0 0 0 0 0 0 0 0 0 0 0 0 0 0 0 0 0 0 0 0 0 0 0 0 0 0 0 0 0 0 0 0 0 0 0 0 0 0 0 0 0 0 0 0 0 0 0 0 0 0 0 0 0 0 0 0 1 0 0 0 0 0 0 0 0 0 0 0 0 0 0 0 0 0]
[1822485584277441607947777860562312268746142061362229962931766748757290026653169173802410313665825235132986256134582057078657544546489644364675449519349803453136201913164745820532197460950200480833393320812761578607613313664498890882206318484554178 0 0 0 0 0 0 0 0 0 0 0 0 0 0 0 0 0 0 0 0 0 0 0 0 0 0 0 0 0 0 0 0 0 0 0 0 0 0 0 0 0 0 0 0 0 0 0 0 0 0 0 0 0 0 0 0 0 0 0 0 0 0 0 0 1 0 0 0 0 0 0 0 0 0 0 0 0 0 0 0 0]
[3788392639576122174593878404013818677184159945801875409362585520455833525052681449269272710542344766520544010646101147303365854266759059622513314306686038090373224329429927404023079102090417534267385013255740672698382189194057050010637631467274189 0 0 0 0 0 0 0 0 0 0 0 0 0 0 0 0 0 0 0 0 0 0 0 0 0 0 0 0 0 0 0 0 0 0 0 0 0 0 0 0 0 0 0 0 0 0 0 0 0 0 0 0 0 0 0 0 0 0 0 0 0 0 0 0 0 1 0 0 0 0 0 0 0 0 0 0 0 0 0 0 0]
[2974700234933508384379123892633837607528609035393447499900286106404889900068151636337357893301922060443257372263696029546869762502242175690743819879493010680445841464221668949786551204400467711630890136653901566390398280159147419651589537072879557 0 0 0 0 0 0 0 0 0 0 0 0 0 0 0 0 0 0 0 0 0 0 0 0 0 0 0 0 0 0 0 0 0 0 0 0 0 0 0 0 0 0 0 0 0 0 0 0 0 0 0 0 0 0 0 0 0 0 0 0 0 0 0 0 0 0 1 0 0 0 0 0 0 0 0 0 0 0 0 0 0]
[3729247831943210296474622429152086655663220141575279970119280651853605881390888906089182911005073667315426923217920615956111177500055204801031530258983908093339670915581471051743759496836729533686629659160125610079649867442904293932673765435267107 0 0 0 0 0 0 0 0 0 0 0 0 0 0 0 0 0 0 0 0 0 0 0 0 0 0 0 0 0 0 0 0 0 0 0 0 0 0 0 0 0 0 0 0 0 0 0 0 0 0 0 0 0 0 0 0 0 0 0 0 0 0 0 0 0 0 0 1 0 0 0 0 0 0 0 0 0 0 0 0 0]
[4359075649825274035690153253013768866854442872187633640624254529681006064512251137268149184009746435332469042124274829487945741673966781830037420937238996363935422437180022762167407183073646306718114332151962291370461621771936748187133177086090252 0 0 0 0 0 0 0 0 0 0 0 0 0 0 0 0 0 0 0 0 0 0 0 0 0 0 0 0 0 0 0 0 0 0 0 0 0 0 0 0 0 0 0 0 0 0 0 0 0 0 0 0 0 0 0 0 0 0 0 0 0 0 0 0 0 0 0 0 1 0 0 0 0 0 0 0 0 0 0 0 0]
[5116248363750456291764772576447346476263938533070331191681495902453557901090563204048102955528067315235829638375768949052961608588632442251193046757500606749954472838583683923527607436411572893492400592331002937576004506424921837502634514166584673 0 0 0 0 0 0 0 0 0 0 0 0 0 0 0 0 0 0 0 0 0 0 0 0 0 0 0 0 0 0 0 0 0 0 0 0 0 0 0 0 0 0 0 0 0 0 0 0 0 0 0 0 0 0 0 0 0 0 0 0 0 0 0 0 0 0 0 0 0 1 0 0 0 0 0 0 0 0 0 0 0]
[5603184817381692987088599516071919137962050151597492005233342588581416919694866034175436749507267978630833076582563051753812593176086113334056599981551162756140893115893146471597435707108302191648391887176364586653357906241169277853813555278682160 0 0 0 0 0 0 0 0 0 0 0 0 0 0 0 0 0 0 0 0 0 0 0 0 0 0 0 0 0 0 0 0 0 0 0 0 0 0 0 0 0 0 0 0 0 0 0 0 0 0 0 0 0 0 0 0 0 0 0 0 0 0 0 0 0 0 0 0 0 0 1 0 0 0 0 0 0 0 0 0 0]
[2542174085573125755141457884803120611267832541277929113680610052117006316068596383765724654984180863351763445891845267505748167380222951917443215231579408529752194985406598139535753018646971641388595976748824653669263812467988032166808753320284074 0 0 0 0 0 0 0 0 0 0 0 0 0 0 0 0 0 0 0 0 0 0 0 0 0 0 0 0 0 0 0 0 0 0 0 0 0 0 0 0 0 0 0 0 0 0 0 0 0 0 0 0 0 0 0 0 0 0 0 0 0 0 0 0 0 0 0 0 0 0 0 1 0 0 0 0 0 0 0 0 0]
[3075258808895412580478014838918444028250028949323731026780926992617859821108201630435737914517483499130838908450090667932568041870764825764855115754985534744956104124234476267559513682259709487822236322596467032712045312891089624761435751605892957 0 0 0 0 0 0 0 0 0 0 0 0 0 0 0 0 0 0 0 0 0 0 0 0 0 0 0 0 0 0 0 0 0 0 0 0 0 0 0 0 0 0 0 0 0 0 0 0 0 0 0 0 0 0 0 0 0 0 0 0 0 0 0 0 0 0 0 0 0 0 0 0 1 0 0 0 0 0 0 0 0]
[4377368860165666070663854026822923793444637579206570643067711238140343262980203832175807218857773938490235893936219901535262297048257435142138692765897506182189989054342124248582963078288191130072320260723617991152657349485194809735931969643947899 0 0 0 0 0 0 0 0 0 0 0 0 0 0 0 0 0 0 0 0 0 0 0 0 0 0 0 0 0 0 0 0 0 0 0 0 0 0 0 0 0 0 0 0 0 0 0 0 0 0 0 0 0 0 0 0 0 0 0 0 0 0 0 0 0 0 0 0 0 0 0 0 0 1 0 0 0 0 0 0 0]
[5731493804260895405949957958346118097578898846694043492645089267831643452453126960771574006553474081558091853004840548578457093059360861156466590758055299880203443171377382080400167924840654365823043447394833951368769954618315466803669628193727244 0 0 0 0 0 0 0 0 0 0 0 0 0 0 0 0 0 0 0 0 0 0 0 0 0 0 0 0 0 0 0 0 0 0 0 0 0 0 0 0 0 0 0 0 0 0 0 0 0 0 0 0 0 0 0 0 0 0 0 0 0 0 0 0 0 0 0 0 0 0 0 0 0 0 1 0 0 0 0 0 0]
[3180334532752180243119277129490602978656868944749002775913071778435076328459277685748166670590896344122993368644018611784313832032047208109313456999525684727039685293199995080468487882784476598157404612739676423666614346601936204258874302162849286 0 0 0 0 0 0 0 0 0 0 0 0 0 0 0 0 0 0 0 0 0 0 0 0 0 0 0 0 0 0 0 0 0 0 0 0 0 0 0 0 0 0 0 0 0 0 0 0 0 0 0 0 0 0 0 0 0 0 0 0 0 0 0 0 0 0 0 0 0 0 0 0 0 0 0 1 0 0 0 0 0]
[4964280626268183354380850582716132349545135029932745640658792060964999657795334723992114374372476576171857499450112620994456433034251314995833805572684454507413592090091784122260229344206206166108786339846832295464311389182461162609892424674513282 0 0 0 0 0 0 0 0 0 0 0 0 0 0 0 0 0 0 0 0 0 0 0 0 0 0 0 0 0 0 0 0 0 0 0 0 0 0 0 0 0 0 0 0 0 0 0 0 0 0 0 0 0 0 0 0 0 0 0 0 0 0 0 0 0 0 0 0 0 0 0 0 0 0 0 0 1 0 0 0 0]
[4318058938631436565972526804552543107288061087583800926185239402814305252604302751107454538734114913807290066066583651484393217988862224707181755746888250273449135206965948201155030611539474000713855736030893134090752121285396171815591937759675968 0 0 0 0 0 0 0 0 0 0 0 0 0 0 0 0 0 0 0 0 0 0 0 0 0 0 0 0 0 0 0 0 0 0 0 0 0 0 0 0 0 0 0 0 0 0 0 0 0 0 0 0 0 0 0 0 0 0 0 0 0 0 0 0 0 0 0 0 0 0 0 0 0 0 0 0 0 1 0 0 0]
[4316622866059898654118634443982003747323317589281580109192721114891731456226517691508467791745600735783155349945360008608361569866079658932181526593878798018449703483966699046745821772245662425014703476056991647564391814475213486440118161268632439 0 0 0 0 0 0 0 0 0 0 0 0 0 0 0 0 0 0 0 0 0 0 0 0 0 0 0 0 0 0 0 0 0 0 0 0 0 0 0 0 0 0 0 0 0 0 0 0 0 0 0 0 0 0 0 0 0 0 0 0 0 0 0 0 0 0 0 0 0 0 0 0 0 0 0 0 0 0 1 0 0]
[3326633737432089862151568203232967042346509816013561218268395417262417169660627439727900638369848327093972308942840666866391849846220910045400038435413127542987004873562260151621686152074317906343855904394679355997902699991455984072571643882563221 0 0 0 0 0 0 0 0 0 0 0 0 0 0 0 0 0 0 0 0 0 0 0 0 0 0 0 0 0 0 0 0 0 0 0 0 0 0 0 0 0 0 0 0 0 0 0 0 0 0 0 0 0 0 0 0 0 0 0 0 0 0 0 0 0 0 0 0 0 0 0 0 0 0 0 0 0 0 0 1 0]
[4330339386376948994228234366680424321398351732732323613090688967991911249961301920039751822796455792635805728315279561061486249496749412842718327796543705549965216920176875439854309733106765498030022998409548405882248509612447518495230778198432454 0 0 0 0 0 0 0 0 0 0 0 0 0 0 0 0 0 0 0 0 0 0 0 0 0 0 0 0 0 0 0 0 0 0 0 0 0 0 0 0 0 0 0 0 0 0 0 0 0 0 0 0 0 0 0 0 0 0 0 0 0 0 0 0 0 0 0 0 0 0 0 0 0 0 0 0 0 0 0 0 1]
]
82 83 5
[1 1 1 1 1 1 1 1 1 1 1 1 1 1 1 1 1 1 1 1 1 1 1 1 1 1 1 1 1 1 1 1 1 1 1 1 1 1 1 1 1 1 1 1 1 1 1 1 1 1 1 1 1 1 1 1 1 1 1 1 1 1 1 1 1 1 1 1 1 1 1 1 1 1 1 1 1 1 1 1 1 1 1]
