[[4314088192611739261490379085926329466788991856307029114400339127120521741351126292730735848921488041852199756306018592631687756035305952287775853673639226936260427752721055588951806960253395575212131838085836061124537823634372953280273985190935139 0 0 0 0 0 0 0 0 0 0 0 0 0 0 0 0 0 0 0 0 0 0 0 0 0 0 0 0 0 0 0 0 0 0 0 0 0 0 0 0 0 0 0 0 0 0 0 0 0 0 0 0 0 0 0 0 0 0 0 0 0 0 0 0 0 0 0 0 0 0 0 0 0 0 0 0 0 0 0 0 0]
[830045546844215406894956429898000097096634522305959361241815468578487542741037699332392132354195161159848218810752720875808965210878131718590226371478885525313933745915469857280971293260216985366001209420876563159910769826867756342422420841897292 1 0 0 0 0 0 0 0 0 0 0 0 0 0 0 0 0 0 0 0 0 0 0 0 0 0 0 0 0 0 0 0 0 0 0 0 0 0 0 0 0 0 0 0 0 0 0 0 0 0 0 0 0 0 0 0 0 0 0 0 0 0 0 0 0 0 0 0 0 0 0 0 0 0 0 0 0 0 0 0 0]
[1091848529702798123845839345551856988632384071756433915574455493626436797097640290703009970651900671486895216153623747362973884525574454170488488009025629165083903080928768871758006938515769215589006992554949614149711333395622513890379690737749459 0 1 0 0 0 0 0 0 0 0 0 0 0 0 0 0 0 0 0 0 0 0 0 0 0 0 0 0 0 0 0 0 0 0 0 0 0 0 0 0 0 0 0 0 0 0 0 0 0 0 0 0 0 0 0 0 0 0 0 0 0 0 0 0 0 0 0 0 0 0 0 0 0 0 0 0 0 0 0 0 0]
[2766081320652952703270308816360153205006774402950043380957416497793519224172779415267085025560443435349981427744804091125269977907727174889166976083919069833654537866103698015913075308982171581719504670237131105650924261133097502650301115738446284 0 0 1 0 0 0 0 0 0 0 0 0 0 0 0 0 0 0 0 0 0 0 0 0 0 0 0 0 0 0 0 0 0 0 0 0 0 0 0 0 0 0 0 0 0 0 0 0 0 0 0 0 0 0 0 0 0 0 0 0 0 0 0 0 0 0 0 0 0 0 0 0 0 0 0 0 0 0 0 0 0]
[874871827290100929350465930776620722898965545181460688079152984124550055236476594547489130889961077552539085731576424992322366797611188021939341236887554539385477859025589883726444016850297309404463831242618048294646820997978859188875896264801801 0 0 0 1 0 0 0 0 0 0 0 0 0 0 0 0 0 0 0 0 0 0 0 0 0 0 0 0 0 0 0 0 0 0 0 0 0 0 0 0 0 0 0 0 0 0 0 0 0 0 0 0 0 0 0 0 0 0 0 0 0 0 0 0 0 0 0 0 0 0 0 0 0 0 0 0 0 0 0 0 0]
[1956852538615924527152536751245698332166277311367410570725137926089739391627296027222925588657494303110251683540969399939448659056647086647358116469838330840646429101938253503293898261770668842315695984520734786671937030377004504919791276303575431 0 0 0 0 1 0 0 0 0 0 0 0 0 0 0 0 0 0 0 0 0 0 0 0 0 0 0 0 0 0 0 0 0 0 0 0 0 0 0 0 0 0 0 0 0 0 0 0 0 0 0 0 0 0 0 0 0 0 0 0 0 0 0 0 0 0 0 0 0 0 0 0 0 0 0 0 0 0 0 0 0]
[3918844548963623003460568152062014323719999369216208744185150166975907954518326664034334820721633813474562860469392584018864624086023239881829529799215779421967696898202463466556427835121071296330883100679963548422562204260489256508404684433654793 0 0 0 0 0 1 0 0 0 0 0 0 0 0 0 0 0 0 0 0 0 0 0 0 0 0 0 0 0 0 0 0 0 0 0 0 0 0 0 0 0 0 0 0 0 0 0 0 0 0 0 0 0 0 0 0 0 0 0 0 0 0 0 0 0 0 0 0 0 0 0 0 0 0 0 0 0 0 0 0 0]
[3621064145809663483345182024200140969615237826638078970529847776365901094448625921935873425357173495142046196502799821931671550395374294186414419820352613031075886936932064915126082951715604104369930751347499140929483752369039471014114692600751105 0 0 0 0 0 0 1 0 0 0 0 0 0 0 0 0 0 0 0 0 0 0 0 0 0 0 0 0 0 0 0 0 0 0 0 0 0 0 0 0 0 0 0 0 0 0 0 0 0 0 0 0 0 0 0 0 0 0 0 0 0 0 0 0 0 0 0 0 0 0 0 0 0 0 0 0 0 0 0 0 0]
[1343527626253867299349836137833117432366078372430094487352750335233133228178900484943683749943872274785015690809304417767250259257542481542408713045049105810707509610807134400444253063928527706870615249946512547513373858117327427919863299233303167 0 0 0 0 0 0 0 1 0 0 0 0 0 0 0 0 0 0 0 0 0 0 0 0 0 0 0 0 0 0 0 0 0 0 0 0 0 0 0 0 0 0 0 0 0 0 0 0 0 0 0 0 0 0 0 0 0 0 0 0 0 0 0 0 0 0 0 0 0 0 0 0 0 0 0 0 0 0 0 0 0]
[2236987801710195162857488563502308263656794516409128178380788159814373634253655091323867347024493009068637381184459695957705706495168422819575545325721721432896367137641573883185081730759115944236822425928046279687395317298332304089201319246543836 0 0 0 0 0 0 0 0 1 0 0 0 0 0 0 0 0 0 0 0 0 0 0 0 0 0 0 0 0 0 0 0 0 0 0 0 0 0 0 0 0 0 0 0 0 0 0 0 0 0 0 0 0 0 0 0 0 0 0 0 0 0 0 0 0 0 0 0 0 0 0 0 0 0 0 0 0 0 0 0 0]
[2752668636953047148264445316343205856316579461921597367389135544679631181581755654825797976322599510484395411376763814911438962898727526921579111520147969613537464417169101404672624620876136760029932137632281930530539279908465956906115466343455041 0 0 0 0 0 0 0 0 0 1 0 0 0 0 0 0 0 0 0 0 0 0 0 0 0 0 0 0 0 0 0 0 0 0 0 0 0 0 0 0 0 0 0 0 0 0 0 0 0 0 0 0 0 0 0 0 0 0 0 0 0 0 0 0 0 0 0 0 0 0 0 0 0 0 0 0 0 0 0 0 0]
[2857158452394535295346194700937260711182386713831503312260478750649525263554430962459781132996444748339546893558498910591456603454939782002510707193468396072721642876807470650362007147110041932828795767229048909603808763063604992947886477649655569 0 0 0 0 0 0 0 0 0 0 1 0 0 0 0 0 0 0 0 0 0 0 0 0 0 0 0 0 0 0 0 0 0 0 0 0 0 0 0 0 0 0 0 0 0 0 0 0 0 0 0 0 0 0 0 0 0 0 0 0 0 0 0 0 0 0 0 0 0 0 0 0 0 0 0 0 0 0 0 0 0]
[4152183263683222498902039962639800545480804630768934598204078974219188110901245123428446027749330907519202490839222097626635335263216498117687388102914716861631347688481025891919948197799173133279711838054480053285669903466772053995929320921149872 0 0 0 0 0 0 0 0 0 0 0 1 0 0 0 0 0 0 0 0 0 0 0 0 0 0 0 0 0 0 0 0 0 0 0 0 0 0 0 0 0 0 0 0 0 0 0 0 0 0 0 0 0 0 0 0 0 0 0 0 0 0 0 0 0 0 0 0 0 0 0 0 0 0 0 0 0 0 0 0 0]
[2234712352509025933672346082319557892501225521203389440152999299279755188417630282510724781112973182700970194493673380098769247260477106162706438299704433841415285399094367447720410326828695051841567609875006877215959126442250293898920638681540046 0 0 0 0 0 0 0 0 0 0 0 0 1 0 0 0 0 0 0 0 0 0 0 0 0 0 0 0 0 0 0 0 0 0 0 0 0 0 0 0 0 0 0 0 0 0 0 0 0 0 0 0 0 0 0 0 0 0 0 0 0 0 0 0 0 0 0 0 0 0 0 0 0 0 0 0 0 0 0 0 0]
[2821467329105550120201853673896771223210120250821772508284639055665157595439436965193932951091951451753514787212514330342552481993940319094033356277608858696754859048678729397732309995192982220004305229027487560956221689293439686345312859299833947 0 0 0 0 0 0 0 0 0 0 0 0 0 1 0 0 0 0 0 0 0 0 0 0 0 0 0 0 0 0 0 0 0 0 0 0 0 0 0 0 0 0 0 0 0 0 0 0 0 0 0 0 0 0 0 0 0 0 0 0 0 0 0 0 0 0 0 0 0 0 0 0 0 0 0 0 0 0 0 0 0]
[789753080765708413512726857778674033831767177008560512335966085641552404460087064078789642771869105174324119415918509632359180506432669426258717457371121060084877076086679736551455602718085466379684570622350547483078706714444119496453877135466580 0 0 0 0 0 0 0 0 0 0 0 0 0 0 1 0 0 0 0 0 0 0 0 0 0 0 0 0 0 0 0 0 0 0 0 0 0 0 0 0 0 0 0 0 0 0 0 0 0 0 0 0 0 0 0 0 0 0 0 0 0 0 0 0 0 0 0 0 0 0 0 0 0 0 0 0 0 0 0 0 0]
[4100417493314688193196632840531670794089077589180650458437030163278795939248112120210060663258262388839416348101595658350195903697509219472329160130313652378051271027269250682473923195074386296537821636644633744970412530564642816993896876162744727 0 0 0 0 0 0 0 0 0 0 0 0 0 0 0 1 0 0 0 0 0 0 0 0 0 0 0 0 0 0 0 0 0 0 0 0 0 0 0 0 0 0 0 0 0 0 0 0 0 0 0 0 0 0 0 0 0 0 0 0 0 0 0 0 0 0 0 0 0 0 0 0 0 0 0 0 0 0 0 0 0]
[3700928314343044221887486007251229716893960099189038855430796695484762616141794616067987779172897898031433912628725251315670472373272877213190179624587620343863399674570803019261963513994706906800191631365988938155698832494112306828190851985532960 0 0 0 0 0 0 0 0 0 0 0 0 0 0 0 0 1 0 0 0 0 0 0 0 0 0 0 0 0 0 0 0 0 0 0 0 0 0 0 0 0 0 0 0 0 0 0 0 0 0 0 0 0 0 0 0 0 0 0 0 0 0 0 0 0 0 0 0 0 0 0 0 0 0 0 0 0 0 0 0 0]
[1405787945326393145103287925387954991797298590308088829738666581625855812696358406747571906102817701011476214545492336170055703946304762605556384627783500841667947706648258477043642959364395063540695615303511613493801461470665438788486951186501839 0 0 0 0 0 0 0 0 0 0 0 0 0 0 0 0 0 1 0 0 0 0 0 0 0 0 0 0 0 0 0 0 0 0 0 0 0 0 0 0 0 0 0 0 0 0 0 0 0 0 0 0 0 0 0 0 0 0 0 0 0 0 0 0 0 0 0 0 0 0 0 0 0 0 0 0 0 0 0 0 0]
[1338444060063035592871032950490438238780626185818692123622353028540446794739601393565007846748886243402130278508885697249244418058716428346254600795840620142829944314333564416713330518615683112904103644216812601911057722121077053095509823728133618 0 0 0 0 0 0 0 0 0 0 0 0 0 0 0 0 0 0 1 0 0 0 0 0 0 0 0 0 0 0 0 0 0 0 0 0 0 0 0 0 0 0 0 0 0 0 0 0 0 0 0 0 0 0 0 0 0 0 0 0 0 0 0 0 0 0 0 0 0 0 0 0 0 0 0 0 0 0 0 0 0]
[3449264725361533573751567493498878810008747581115289065779005530680770972216187975618459945567840380722261935744532862478902258401633492276130483235945485611157896865830909670453933495961650265938648161164324373716832405392480748620296425264645729 0 0 0 0 0 0 0 0 0 0 0 0 0 0 0 0 0 0 0 1 0 0 0 0 0 0 0 0 0 0 0 0 0 0 0 0 0 0 0 0 0 0 0 0 0 0 0 0 0 0 0 0 0 0 0 0 0 0 0 0 0 0 0 0 0 0 0 0 0 0 0 0 0 0 0 0 0 0 0 0 0]
[3460369306346597102835199548599820730613839234748017925014872907752160868383130917492697476709856678448745107713761493089459484785299978646982218482975770311188840371165129111187215621013648051914529494734434332026735758087047895861508618050245387 0 0 0 0 0 0 0 0 0 0 0 0 0 0 0 0 0 0 0 0 1 0 0 0 0 0 0 0 0 0 0 0 0 0 0 0 0 0 0 0 0 0 0 0 0 0 0 0 0 0 0 0 0 0 0 0 0 0 0 0 0 0 0 0 0 0 0 0 0 0 0 0 0 0 0 0 0 0 0 0 0]
[3686671190914607361078369940580158561209315642973379704011750706906805965336166263441038286561645732581125368636800160604156222091247788211438250794354226387378515884980316263637858881623609012522037515212870863385636466643686191159488165432492889 0 0 0 0 0 0 0 0 0 0 0 0 0 0 0 0 0 0 0 0 0 1 0 0 0 0 0 0 0 0 0 0 0 0 0 0 0 0 0 0 0 0 0 0 0 0 0 0 0 0 0 0 0 0 0 0 0 0 0 0 0 0 0 0 0 0 0 0 0 0 0 0 0 0 0 0 0 0 0 0 0]
[4306634796379297201659386767996048571779793319855855856922320736628980339969637651531968079541060265369602670080666183185533732879941267931003972613536824412698573311313859412217519184177191633043482854348565234344806217279627072987139077265705852 0 0 0 0 0 0 0 0 0 0 0 0 0 0 0 0 0 0 0 0 0 0 1 0 0 0 0 0 0 0 0 0 0 0 0 0 0 0 0 0 0 0 0 0 0 0 0 0 0 0 0 0 0 0 0 0 0 0 0 0 0 0 0 0 0 0 0 0 0 0 0 0 0 0 0 0 0 0 0 0 0]
[159830714671923598428978755179211095824825171226921859972326932919276249995238984279877189273484991221063103675534380114402343073606938953153289652343242388508964593596175424029007635796830435813625419271569833941683299410927444245116282794163778 0 0 0 0 0 0 0 0 0 0 0 0 0 0 0 0 0 0 0 0 0 0 0 1 0 0 0 0 0 0 0 0 0 0 0 0 0 0 0 0 0 0 0 0 0 0 0 0 0 0 0 0 0 0 0 0 0 0 0 0 0 0 0 0 0 0 0 0 0 0 0 0 0 0 0 0 0 0 0 0 0]
[1654876555209059459510867871302525840571073263756426090408233111442555334522011963235648344781833728299670089984235326220248478468435915381789740148969926671891083135463498741264428255486722367578277997637286151056595734021878547517808604637964286 0 0 0 0 0 0 0 0 0 0 0 0 0 0 0 0 0 0 0 0 0 0 0 0 1 0 0 0 0 0 0 0 0 0 0 0 0 0 0 0 0 0 0 0 0 0 0 0 0 0 0 0 0 0 0 0 0 0 0 0 0 0 0 0 0 0 0 0 0 0 0 0 0 0 0 0 0 0 0 0 0]
[1507743973701810470394344728369514180308421392060959829776147867336963740648800076419954338775317749262342491647418135800239812662459906735766330738342831204652853716750383254130445667159195947052459299097619449792155799555126456706573158860757573 0 0 0 0 0 0 0 0 0 0 0 0 0 0 0 0 0 0 0 0 0 0 0 0 0 1 0 0 0 0 0 0 0 0 0 0 0 0 0 0 0 0 0 0 0 0 0 0 0 0 0 0 0 0 0 0 0 0 0 0 0 0 0 0 0 0 0 0 0 0 0 0 0 0 0 0 0 0 0 0 0]
[4110624230936796743611480481306052413294372914461312613013036674079757310085338743766565114487296321223742002118824746926750852815023795211137660039403742961124693767561909147070145040707853493323540502756591439166590818249698636973849429906040545 0 0 0 0 0 0 0 0 0 0 0 0 0 0 0 0 0 0 0 0 0 0 0 0 0 0 1 0 0 0 0 0 0 0 0 0 0 0 0 0 0 0 0 0 0 0 0 0 0 0 0 0 0 0 0 0 0 0 0 0 0 0 0 0 0 0 0 0 0 0 0 0 0 0 0 0 0 0 0 0 0]
[2299969672006213650824534071085639586256427282924299594661779895664029727438259951296282144263244612514887752064501466876443372799788332884136814123744076561964311113214569330934643881306091656212627884042144999972718348834469875929632072800911310 0 0 0 0 0 0 0 0 0 0 0 0 0 0 0 0 0 0 0 0 0 0 0 0 0 0 0 1 0 0 0 0 0 0 0 0 0 0 0 0 0 0 0 0 0 0 0 0 0 0 0 0 0 0 0 0 0 0 0 0 0 0 0 0 0 0 0 0 0 0 0 0 0 0 0 0 0 0 0 0 0]
[3027654837502103433712593919539437628386925018376507110934513133481234946704063364356553187928681397306496349229272013017582204615687342360811619752967184121768412800969509946485275800415143453888271921709839525205242970977328295514752156203175676 0 0 0 0 0 0 0 0 0 0 0 0 0 0 0 0 0 0 0 0 0 0 0 0 0 0 0 0 1 0 0 0 0 0 0 0 0 0 0 0 0 0 0 0 0 0 0 0 0 0 0 0 0 0 0 0 0 0 0 0 0 0 0 0 0 0 0 0 0 0 0 0 0 0 0 0 0 0 0 0 0]
[4136035551382826412945839694827995444938578051076170100608169553028734038332160009499672948274149844156797302392540139129085998634121246076523580531773327007699817639863183660755913114883098084358688571389058812345639606844372430297406242981982198 0 0 0 0 0 0 0 0 0 0 0 0 0 0 0 0 0 0 0 0 0 0 0 0 0 0 0 0 0 1 0 0 0 0 0 0 0 0 0 0 0 0 0 0 0 0 0 0 0 0 0 0 0 0 0 0 0 0 0 0 0 0 0 0 0 0 0 0 0 0 0 0 0 0 0 0 0 0 0 0 0]
[3395469067017056606997283215684017507407411561708355491806990500070170511822448183364344791251791558817117072741449530264302760794861191995550961231922879029330314442405982258187402583079984723548076114862161780071548751302133792778208292597853390 0 0 0 0 0 0 0 0 0 0 0 0 0 0 0 0 0 0 0 0 0 0 0 0 0 0 0 0 0 0 1 0 0 0 0 0 0 0 0 0 0 0 0 0 0 0 0 0 0 0 0 0 0 0 0 0 0 0 0 0 0 0 0 0 0 0 0 0 0 0 0 0 0 0 0 0 0 0 0 0 0]
[798378324482668591807413441797156147256738291838172859113534712360882583593440987847902214964516217412411722584825605886294694490584422607926799457647923887765464433769923616639774126741336213665008079110514289314366625442657097310563333948218565 0 0 0 0 0 0 0 0 0 0 0 0 0 0 0 0 0 0 0 0 0 0 0 0 0 0 0 0 0 0 0 1 0 0 0 0 0 0 0 0 0 0 0 0 0 0 0 0 0 0 0 0 0 0 0 0 0 0 0 0 0 0 0 0 0 0 0 0 0 0 0 0 0 0 0 0 0 0 0 0 0]
[2466827619545188376410746941652837410348531936287323588092478351499068737903892291991393462956725617307862493663830375661217102216208530981421622391996017160495774038667435148504602532180325871092840994468750649385923453508352313044456913634334698 0 0 0 0 0 0 0 0 0 0 0 0 0 0 0 0 0 0 0 0 0 0 0 0 0 0 0 0 0 0 0 0 1 0 0 0 0 0 0 0 0 0 0 0 0 0 0 0 0 0 0 0 0 0 0 0 0 0 0 0 0 0 0 0 0 0 0 0 0 0 0 0 0 0 0 0 0 0 0 0 0]
[1866033684403280645892238212921779100854188603851385396598987804784041683946318562601701413157095332763802013522441598376818448994084093309569337500523931952570527972811032357666992656141705065159262919082417106793478476946675020842539801939979498 0 0 0 0 0 0 0 0 0 0 0 0 0 0 0 0 0 0 0 0 0 0 0 0 0 0 0 0 0 0 0 0 0 1 0 0 0 0 0 0 0 0 0 0 0 0 0 0 0 0 0 0 0 0 0 0 0 0 0 0 0 0 0 0 0 0 0 0 0 0 0 0 0 0 0 0 0 0 0 0 0]
[2853708997472633449529690365606140247550277819315595131484481608353511216761620849784417686842146461953402526269597983967987306183254193469630714689460543548004402538666467047940357493835549202298759438125609185648081807569813165013832720782873326 0 0 0 0 0 0 0 0 0 0 0 0 0 0 0 0 0 0 0 0 0 0 0 0 0 0 0 0 0 0 0 0 0 0 1 0 0 0 0 0 0 0 0 0 0 0 0 0 0 0 0 0 0 0 0 0 0 0 0 0 0 0 0 0 0 0 0 0 0 0 0 0 0 0 0 0 0 0 0 0 0]
[3199910893285315097720223368680372077706794254535777588313480865099875072083142507312925248049435536341483457183144928925547612564796166106430188591015916676235737966861970481140702634887366771024488522638518707558112336788851628167808238564824600 0 0 0 0 0 0 0 0 0 0 0 0 0 0 0 0 0 0 0 0 0 0 0 0 0 0 0 0 0 0 0 0 0 0 0 1 0 0 0 0 0 0 0 0 0 0 0 0 0 0 0 0 0 0 0 0 0 0 0 0 0 0 0 0 0 0 0 0 0 0 0 0 0 0 0 0 0 0 0 0 0]
[3049829580864873626819088945512808154004206447384639193046618847451023565979029631483993461796482046877358151723708861352935658509651548556595152828617486419055421243100483470910713495256988485545618951127324964026542481370145780505335308180659991 0 0 0 0 0 0 0 0 0 0 0 0 0 0 0 0 0 0 0 0 0 0 0 0 0 0 0 0 0 0 0 0 0 0 0 0 1 0 0 0 0 0 0 0 0 0 0 0 0 0 0 0 0 0 0 0 0 0 0 0 0 0 0 0 0 0 0 0 0 0 0 0 0 0 0 0 0 0 0 0 0]
[1755025796924154803494782431139883025171737348384156821454380391617784371295088496358793745303742910764434466162508979585906863367916719321500371528109922774896449718395247557640780094754936335152791417514121276799425644877712971379027564327777708 0 0 0 0 0 0 0 0 0 0 0 0 0 0 0 0 0 0 0 0 0 0 0 0 0 0 0 0 0 0 0 0 0 0 0 0 0 1 0 0 0 0 0 0 0 0 0 0 0 0 0 0 0 0 0 0 0 0 0 0 0 0 0 0 0 0 0 0 0 0 0 0 0 0 0 0 0 0 0 0 0]
[1961659359056938373812404135492478449357394724860585255574517167030418316280948313290694524539407561627252254097740323546624790221113506174502949297806402140983358966453420477677569109379336229268296664963726505187357274972426664344649076910908944 0 0 0 0 0 0 0 0 0 0 0 0 0 0 0 0 0 0 0 0 0 0 0 0 0 0 0 0 0 0 0 0 0 0 0 0 0 0 1 0 0 0 0 0 0 0 0 0 0 0 0 0 0 0 0 0 0 0 0 0 0 0 0 0 0 0 0 0 0 0 0 0 0 0 0 0 0 0 0 0 0]
[3302622750381760847399662909014418342655526239377183705110946093928423459331990941228070686092301559978774786676351287342274457434358652057679485519645165695748767602808411711993829076551264240776431421937536833117823317536814436151641188838318265 0 0 0 0 0 0 0 0 0 0 0 0 0 0 0 0 0 0 0 0 0 0 0 0 0 0 0 0 0 0 0 0 0 0 0 0 0 0 0 1 0 0 0 0 0 0 0 0 0 0 0 0 0 0 0 0 0 0 0 0 0 0 0 0 0 0 0 0 0 0 0 0 0 0 0 0 0 0 0 0 0]
[2654922383136469212743609910867059188647405240517504294569700939276644144224804767814234775633302236582152258845396002553964566362541528780161103157982508853530725070532807579446534442523445228254394851301042471243296778305835285924640715724775836 0 0 0 0 0 0 0 0 0 0 0 0 0 0 0 0 0 0 0 0 0 0 0 0 0 0 0 0 0 0 0 0 0 0 0 0 0 0 0 0 1 0 0 0 0 0 0 0 0 0 0 0 0 0 0 0 0 0 0 0 0 0 0 0 0 0 0 0 0 0 0 0 0 0 0 0 0 0 0 0 0]
[2009027797267924403854630830571356908318981503044952504155283357479272318941071167469620782658544561166073692829759635139511591162724912713155089499718280457495002966046118768073382564883790400814165429658688997740866375218953983097892986043470192 0 0 0 0 0 0 0 0 0 0 0 0 0 0 0 0 0 0 0 0 0 0 0 0 0 0 0 0 0 0 0 0 0 0 0 0 0 0 0 0 0 1 0 0 0 0 0 0 0 0 0 0 0 0 0 0 0 0 0 0 0 0 0 0 0 0 0 0 0 0 0 0 0 0 0 0 0 0 0 0 0]
[2550052143244587420490590021604293901612525957751341829047946050406213481753397930507743810176392730770634379353315087574339949378932892144094685115301917520036021549914926367511882475804736010366389047573911052215810859242801120066172635487423912 0 0 0 0 0 0 0 0 0 0 0 0 0 0 0 0 0 0 0 0 0 0 0 0 0 0 0 0 0 0 0 0 0 0 0 0 0 0 0 0 0 0 1 0 0 0 0 0 0 0 0 0 0 0 0 0 0 0 0 0 0 0 0 0 0 0 0 0 0 0 0 0 0 0 0 0 0 0 0 0 0]
[2408104290907019643016495199077810249899333575173836965533580690868693598586897373993231790537426578554514381877617017324010574813375188024905337404880111296247208825611317582674417242777111085768412788068065855958786500450791881049944411920549207 0 0 0 0 0 0 0 0 0 0 0 0 0 0 0 0 0 0 0 0 0 0 0 0 0 0 0 0 0 0 0 0 0 0 0 0 0 0 0 0 0 0 0 1 0 0 0 0 0 0 0 0 0 0 0 0 0 0 0 0 0 0 0 0 0 0 0 0 0 0 0 0 0 0 0 0 0 0 0 0 0]
[2376078459514401472946144862563971664217595621699341324349478154418362483477365603513504608990100926277755110587937920167888439304717684673404773812550017352518289699444219140422539509388266275915485397011659521179916563152062631802491130434267799 0 0 0 0 0 0 0 0 0 0 0 0 0 0 0 0 0 0 0 0 0 0 0 0 0 0 0 0 0 0 0 0 0 0 0 0 0 0 0 0 0 0 0 0 1 0 0 0 0 0 0 0 0 0 0 0 0 0 0 0 0 0 0 0 0 0 0 0 0 0 0 0 0 0 0 0 0 0 0 0 0]
[3948419704895216449460768243292963669092863158574203645221661648619711144468093332171786378985621812112538985791325716245771156755710127818224792996701233746677316552815692816161042454194007627607342352843880809065530919191376485538556201263492747 0 0 0 0 0 0 0 0 0 0 0 0 0 0 0 0 0 0 0 0 0 0 0 0 0 0 0 0 0 0 0 0 0 0 0 0 0 0 0 0 0 0 0 0 0 1 0 0 0 0 0 0 0 0 0 0 0 0 0 0 0 0 0 0 0 0 0 0 0 0 0 0 0 0 0 0 0 0 0 0 0]
[2670294491159211002475811746375097175476673770722808515195337533476184635195676313667841654847363318965343843547707285361167228315944057652611431100913956246206673373104730921594854868671713900415654291407444998640272525431181027908968788053996942 0 0 0 0 0 0 0 0 0 0 0 0 0 0 0 0 0 0 0 0 0 0 0 0 0 0 0 0 0 0 0 0 0 0 0 0 0 0 0 0 0 0 0 0 0 0 1 0 0 0 0 0 0 0 0 0 0 0 0 0 0 0 0 0 0 0 0 0 0 0 0 0 0 0 0 0 0 0 0 0 0]
[3227937148057207233063083749067585278163839525964012409715131413659600007274635956213879484962174658109791327902390155558459226638883796694021059921384217282415242888697768659108148081708724907041893731939602684542467851451303250382355734487164728 0 0 0 0 0 0 0 0 0 0 0 0 0 0 0 0 0 0 0 0 0 0 0 0 0 0 0 0 0 0 0 0 0 0 0 0 0 0 0 0 0 0 0 0 0 0 0 1 0 0 0 0 0 0 0 0 0 0 0 0 0 0 0 0 0 0 0 0 0 0 0 0 0 0 0 0 0 0 0 0 0]
[2113008195947752745238839554747994802638667733408489334244017519747822136902879233448561982705132401862005280532375383080607977040667452296161526277780021103534708869436504209281265985780031028279852860796515818812688443245639707745744525565447338 0 0 0 0 0 0 0 0 0 0 0 0 0 0 0 0 0 0 0 0 0 0 0 0 0 0 0 0 0 0 0 0 0 0 0 0 0 0 0 0 0 0 0 0 0 0 0 0 1 0 0 0 0 0 0 0 0 0 0 0 0 0 0 0 0 0 0 0 0 0 0 0 0 0 0 0 0 0 0 0 0]
[3117273953423765694129092937812976115837126088217473437116814028649077942918690293226009909653616883090812230160608268373868727748303581767836524997837862619225953057389296226085900216960757465910074162570551802524017373122215288387346921910927019 0 0 0 0 0 0 0 0 0 0 0 0 0 0 0 0 0 0 0 0 0 0 0 0 0 0 0 0 0 0 0 0 0 0 0 0 0 0 0 0 0 0 0 0 0 0 0 0 0 1 0 0 0 0 0 0 0 0 0 0 0 0 0 0 0 0 0 0 0 0 0 0 0 0 0 0 0 0 0 0 0]
[2501822802909783548770558701619832166141949342040133632616155032073405107164001560806525241926559486325005401772056558815187135998452759295385986535700773515283328640159336523721996046317730742990757757804337036274876379388786752770685800884539547 0 0 0 0 0 0 0 0 0 0 0 0 0 0 0 0 0 0 0 0 0 0 0 0 0 0 0 0 0 0 0 0 0 0 0 0 0 0 0 0 0 0 0 0 0 0 0 0 0 0 1 0 0 0 0 0 0 0 0 0 0 0 0 0 0 0 0 0 0 0 0 0 0 0 0 0 0 0 0 0 0]
[1649240356326953439484436954385957685181016830618369248237112217195442397573282391296577859997080921687590317471366519192050555061262560284832994035167798783454285730217372520061152360163710175948201306092272286787392588043059923061268447189082284 0 0 0 0 0 0 0 0 0 0 0 0 0 0 0 0 0 0 0 0 0 0 0 0 0 0 0 0 0 0 0 0 0 0 0 0 0 0 0 0 0 0 0 0 0 0 0 0 0 0 0 1 0 0 0 0 0 0 0 0 0 0 0 0 0 0 0 0 0 0 0 0 0 0 0 0 0 0 0 0 0]
[815827223770332596423766707971519500671689896553908615848016510774190174537810832843509839570894577108916576393587322595635944633788048396276128849382156854484631315463171645006442004771891348672336616358387987199753067320596442525667309686882149 0 0 0 0 0 0 0 0 0 0 0 0 0 0 0 0 0 0 0 0 0 0 0 0 0 0 0 0 0 0 0 0 0 0 0 0 0 0 0 0 0 0 0 0 0 0 0 0 0 0 0 0 1 0 0 0 0 0 0 0 0 0 0 0 0 0 0 0 0 0 0 0 0 0 0 0 0 0 0 0 0]
[592183832837350974129610199720690964115360439616893297892410925581553934503510196292654478649631929000650453494479498124751055244324489041475338770294666947974675181829317284665284622890032869511289639408516609974035800930338674073525122802164541 0 0 0 0 0 0 0 0 0 0 0 0 0 0 0 0 0 0 0 0 0 0 0 0 0 0 0 0 0 0 0 0 0 0 0 0 0 0 0 0 0 0 0 0 0 0 0 0 0 0 0 0 0 1 0 0 0 0 0 0 0 0 0 0 0 0 0 0 0 0 0 0 0 0 0 0 0 0 0 0 0]
[1000889307604170059064259348868246816646159513664628685764593984933723706373045588043531055395946743484655389393299047744587274701967705823656764950393333546720018351202507665127131265320217495661212602157868553509774162032433192343173545825896374 0 0 0 0 0 0 0 0 0 0 0 0 0 0 0 0 0 0 0 0 0 0 0 0 0 0 0 0 0 0 0 0 0 0 0 0 0 0 0 0 0 0 0 0 0 0 0 0 0 0 0 0 0 0 1 0 0 0 0 0 0 0 0 0 0 0 0 0 0 0 0 0 0 0 0 0 0 0 0 0 0]
[3169175113094004873500160417976474823860056510891628004133093532512458344525356602526813907659025395631876508168135372881955848542922955119348207249554899819290175029807002345143315727173270322323750315248744339243925309721969552683304645178540623 0 0 0 0 0 0 0 0 0 0 0 0 0 0 0 0 0 0 0 0 0 0 0 0 0 0 0 0 0 0 0 0 0 0 0 0 0 0 0 0 0 0 0 0 0 0 0 0 0 0 0 0 0 0 0 1 0 0 0 0 0 0 0 0 0 0 0 0 0 0 0 0 0 0 0 0 0 0 0 0 0]
[4292766496673188544822108018016994071493238382352351852775648695549119103796896004967229073882702840694783101715868909563735626752422866449141610136705770506108864996233046121220388171382464896528414020725533382918865122987483766880644398617321069 0 0 0 0 0 0 0 0 0 0 0 0 0 0 0 0 0 0 0 0 0 0 0 0 0 0 0 0 0 0 0 0 0 0 0 0 0 0 0 0 0 0 0 0 0 0 0 0 0 0 0 0 0 0 0 0 1 0 0 0 0 0 0 0 0 0 0 0 0 0 0 0 0 0 0 0 0 0 0 0 0]
[1568019074280116444909322513834881758498628800618369924077251623727936866708543723176649296286710837155830106832792245536869186941514742421774014341715959374966433888548029475504917819531247769687866777189975902238913960639100505612769945995142277 0 0 0 0 0 0 0 0 0 0 0 0 0 0 0 0 0 0 0 0 0 0 0 0 0 0 0 0 0 0 0 0 0 0 0 0 0 0 0 0 0 0 0 0 0 0 0 0 0 0 0 0 0 0 0 0 0 1 0 0 0 0 0 0 0 0 0 0 0 0 0 0 0 0 0 0 0 0 0 0 0]
[1723003258979527104882129814326088332808994383831773310748232208000292251295530884867982713642925111718824848360872305811469765431519573620148613735471332888036693038408139277697795694349288734615549130447343996640750029495113110720018558571028008 0 0 0 0 0 0 0 0 0 0 0 0 0 0 0 0 0 0 0 0 0 0 0 0 0 0 0 0 0 0 0 0 0 0 0 0 0 0 0 0 0 0 0 0 0 0 0 0 0 0 0 0 0 0 0 0 0 0 1 0 0 0 0 0 0 0 0 0 0 0 0 0 0 0 0 0 0 0 0 0 0]
[1439303423534751720573719657698863397228312526339130825210662373045443132172881912784591757368689757262600704295617886640934150676255920376388399610743775838478241718724367433755682759167244868427003497958418296130093972772529922539829802288276245 0 0 0 0 0 0 0 0 0 0 0 0 0 0 0 0 0 0 0 0 0 0 0 0 0 0 0 0 0 0 0 0 0 0 0 0 0 0 0 0 0 0 0 0 0 0 0 0 0 0 0 0 0 0 0 0 0 0 0 1 0 0 0 0 0 0 0 0 0 0 0 0 0 0 0 0 0 0 0 0 0]
[2713029497399231459585907399314181703038471598204867434549363759696010498249615666112403280312315445941129087938444484853933199707098335462518625210651945814857392753333354411222953048615316109124616595543082139124047846589852619973304360697956374 0 0 0 0 0 0 0 0 0 0 0 0 0 0 0 0 0 0 0 0 0 0 0 0 0 0 0 0 0 0 0 0 0 0 0 0 0 0 0 0 0 0 0 0 0 0 0 0 0 0 0 0 0 0 0 0 0 0 0 0 1 0 0 0 0 0 0 0 0 0 0 0 0 0 0 0 0 0 0 0 0]
[3145958369530561616628606123691027513768114915390022172462930138495257846986437518043588366198379680319655270868834336514729677370018854615025395449952593719476621127950260095379233727588917221312304586219686488375256571004989231004809650566656266 0 0 0 0 0 0 0 0 0 0 0 0 0 0 0 0 0 0 0 0 0 0 0 0 0 0 0 0 0 0 0 0 0 0 0 0 0 0 0 0 0 0 0 0 0 0 0 0 0 0 0 0 0 0 0 0 0 0 0 0 0 1 0 0 0 0 0 0 0 0 0 0 0 0 0 0 0 0 0 0 0]
[3046290590022363610237230679536907253376130168084914482476819875013484181048462480900740420983301891873492563014710726108507639251799214150093570552778621115980791087726581380349548114656842335340923691944176407312628193615070987114601902423846823 0 0 0 0 0 0 0 0 0 0 0 0 0 0 0 0 0 0 0 0 0 0 0 0 0 0 0 0 0 0 0 0 0 0 0 0 0 0 0 0 0 0 0 0 0 0 0 0 0 0 0 0 0 0 0 0 0 0 0 0 0 0 1 0 0 0 0 0 0 0 0 0 0 0 0 0 0 0 0 0 0]
[893633074502731667729916536802842379827526984208020027485201849580530995548426184113974483719650245548871549355368354050653562918672283311145462132902653017607130609448863787410960139869745202393478201162004338649142063565156491518352264567431048 0 0 0 0 0 0 0 0 0 0 0 0 0 0 0 0 0 0 0 0 0 0 0 0 0 0 0 0 0 0 0 0 0 0 0 0 0 0 0 0 0 0 0 0 0 0 0 0 0 0 0 0 0 0 0 0 0 0 0 0 0 0 0 1 0 0 0 0 0 0 0 0 0 0 0 0 0 0 0 0 0]
[3573336218263004818084393910040052455785545494417991825473079332460027578666606713522496951304354322484491769417844492167928894527638553806095379835231845932470962321190079424516319864006707637409131906830767891640734724753349582889496535080907200 0 0 0 0 0 0 0 0 0 0 0 0 0 0 0 0 0 0 0 0 0 0 0 0 0 0 0 0 0 0 0 0 0 0 0 0 0 0 0 0 0 0 0 0 0 0 0 0 0 0 0 0 0 0 0 0 0 0 0 0 0 0 0 0 1 0 0 0 0 0 0 0 0 0 0 0 0 0 0 0 0]
[2136278894591894379595250648205530423906700097870369257693983432701544840920611778652126949172945089666483631626602558724390945247484177617919884449946538114345431492347642693303655241621917683112575783010465238765146373101413932587135476889192407 0 0 0 0 0 0 0 0 0 0 0 0 0 0 0 0 0 0 0 0 0 0 0 0 0 0 0 0 0 0 0 0 0 0 0 0 0 0 0 0 0 0 0 0 0 0 0 0 0 0 0 0 0 0 0 0 0 0 0 0 0 0 0 0 0 1 0 0 0 0 0 0 0 0 0 0 0 0 0 0 0]
[4012326086607740527746464751255985100432334298633447574908603281098463905875204319755014497913903669739332443774363476254197403766515521647963769984164877926860674152915002874423364001647546947924159335486738312184735610226412593278484334065937664 0 0 0 0 0 0 0 0 0 0 0 0 0 0 0 0 0 0 0 0 0 0 0 0 0 0 0 0 0 0 0 0 0 0 0 0 0 0 0 0 0 0 0 0 0 0 0 0 0 0 0 0 0 0 0 0 0 0 0 0 0 0 0 0 0 0 1 0 0 0 0 0 0 0 0 0 0 0 0 0 0]
[3783295711349946954257433487263310537470908935317926181174810519325189964771426770093614449375662503528389013583066190657737950125036274871648042896114444016079142599744246081907183328300019863859190826311217240697757824496237671555502943918900913 0 0 0 0 0 0 0 0 0 0 0 0 0 0 0 0 0 0 0 0 0 0 0 0 0 0 0 0 0 0 0 0 0 0 0 0 0 0 0 0 0 0 0 0 0 0 0 0 0 0 0 0 0 0 0 0 0 0 0 0 0 0 0 0 0 0 0 1 0 0 0 0 0 0 0 0 0 0 0 0 0]
[466962953232726156561518177726547755077384828053769250763920201548961114511045971684177245615390457726405047452679035128559116443598330603660054027915588288441448713335888900796465797205095764294299498484040053373184558760998746518605837114842590 0 0 0 0 0 0 0 0 0 0 0 0 0 0 0 0 0 0 0 0 0 0 0 0 0 0 0 0 0 0 0 0 0 0 0 0 0 0 0 0 0 0 0 0 0 0 0 0 0 0 0 0 0 0 0 0 0 0 0 0 0 0 0 0 0 0 0 0 1 0 0 0 0 0 0 0 0 0 0 0 0]
[1983423214250828947387580273154628136235764562416941116198605475372916025335008865723141597938560167616372798163271479958191922784448316575966500678804717351633074268786724928102936137488762083202300093551223914555967118110774494174063908633228358 0 0 0 0 0 0 0 0 0 0 0 0 0 0 0 0 0 0 0 0 0 0 0 0 0 0 0 0 0 0 0 0 0 0 0 0 0 0 0 0 0 0 0 0 0 0 0 0 0 0 0 0 0 0 0 0 0 0 0 0 0 0 0 0 0 0 0 0 0 1 0 0 0 0 0 0 0 0 0 0 0]
[846146791154064668406294231234979853533220205657875850707049325446877871140197921097946734340705655944223366435722267599345473896775862620642645579493172725450605816558654926531751255342416497000385879992400276240280255480283315985453000736851203 0 0 0 0 0 0 0 0 0 0 0 0 0 0 0 0 0 0 0 0 0 0 0 0 0 0 0 0 0 0 0 0 0 0 0 0 0 0 0 0 0 0 0 0 0 0 0 0 0 0 0 0 0 0 0 0 0 0 0 0 0 0 0 0 0 0 0 0 0 0 1 0 0 0 0 0 0 0 0 0 0]
[1661589686693192949902377790149654227083067276616465939747690277563686904018709551027880351899556431985200951541781374117935975911267984702285558466724024337422530288521046617261737439085288305214594326246628143753485393488615155509422082407983212 0 0 0 0 0 0 0 0 0 0 0 0 0 0 0 0 0 0 0 0 0 0 0 0 0 0 0 0 0 0 0 0 0 0 0 0 0 0 0 0 0 0 0 0 0 0 0 0 0 0 0 0 0 0 0 0 0 0 0 0 0 0 0 0 0 0 0 0 0 0 0 1 0 0 0 0 0 0 0 0 0]
[3532625851879067098696881916054508686914989669663441360395315509425466056775113653874586259679950639920623403974823525852318931195821501640400877816476347470427367170061983149942935549250247935218296000028826018823961726746127723404384061598534589 0 0 0 0 0 0 0 0 0 0 0 0 0 0 0 0 0 0 0 0 0 0 0 0 0 0 0 0 0 0 0 0 0 0 0 0 0 0 0 0 0 0 0 0 0 0 0 0 0 0 0 0 0 0 0 0 0 0 0 0 0 0 0 0 0 0 0 0 0 0 0 0 1 0 0 0 0 0 0 0 0]
[776900467582021872606094688249908762455361420899925090260215678180888899518850863215312805502415158476253068843672458199567341496092957580458574682712430512712294415028237190895151107762071429626733449488449507945386864171091725870102962169184058 0 0 0 0 0 0 0 0 0 0 0 0 0 0 0 0 0 0 0 0 0 0 0 0 0 0 0 0 0 0 0 0 0 0 0 0 0 0 0 0 0 0 0 0 0 0 0 0 0 0 0 0 0 0 0 0 0 0 0 0 0 0 0 0 0 0 0 0 0 0 0 0 0 1 0 0 0 0 0 0 0]
[3363456226849819008085835645814597714087037790837612830530324739694930162716093454482090247071024043131942734188159145253073723335749987435089716509537076900292022321590138448170342900080789651283376723897892635868022917948226450631338072523896281 0 0 0 0 0 0 0 0 0 0 0 0 0 0 0 0 0 0 0 0 0 0 0 0 0 0 0 0 0 0 0 0 0 0 0 0 0 0 0 0 0 0 0 0 0 0 0 0 0 0 0 0 0 0 0 0 0 0 0 0 0 0 0 0 0 0 0 0 0 0 0 0 0 0 1 0 0 0 0 0 0]
[1185004927341696598083464732225358647251182566299104711349157021884131607567421813109762357470840859190336912372959967254493648620866706953368187946719927361852571825418070944824824616558301297894635825232106972740082490970823551032918367396501935 0 0 0 0 0 0 0 0 0 0 0 0 0 0 0 0 0 0 0 0 0 0 0 0 0 0 0 0 0 0 0 0 0 0 0 0 0 0 0 0 0 0 0 0 0 0 0 0 0 0 0 0 0 0 0 0 0 0 0 0 0 0 0 0 0 0 0 0 0 0 0 0 0 0 0 1 0 0 0 0 0]
[2535761268444675032403601348054009049811175770234702333094779470439621376856858580121803463729113780546387556239181922179535439834092782953336977948767946861636462610601517661461943559962656128458979144671071273566702929218960404476412670358771748 0 0 0 0 0 0 0 0 0 0 0 0 0 0 0 0 0 0 0 0 0 0 0 0 0 0 0 0 0 0 0 0 0 0 0 0 0 0 0 0 0 0 0 0 0 0 0 0 0 0 0 0 0 0 0 0 0 0 0 0 0 0 0 0 0 0 0 0 0 0 0 0 0 0 0 0 1 0 0 0 0]
[2049817985430161755275808823155538551572226523948915956861027868386615480384969599255724366018930938183636594846203775392391446701012363681442991701066538636796025508637528256082173833864789697119636191652340199380280324002052995933837948459697912 0 0 0 0 0 0 0 0 0 0 0 0 0 0 0 0 0 0 0 0 0 0 0 0 0 0 0 0 0 0 0 0 0 0 0 0 0 0 0 0 0 0 0 0 0 0 0 0 0 0 0 0 0 0 0 0 0 0 0 0 0 0 0 0 0 0 0 0 0 0 0 0 0 0 0 0 0 1 0 0 0]
[2018102059985714980616231110528708241295356609204156755552336093613594888531264339602527695427871769378310968442817018219709958849434460101083642600447725932739825933449887700831613085196544559375145760333274795354165301342748821179932596646151384 0 0 0 0 0 0 0 0 0 0 0 0 0 0 0 0 0 0 0 0 0 0 0 0 0 0 0 0 0 0 0 0 0 0 0 0 0 0 0 0 0 0 0 0 0 0 0 0 0 0 0 0 0 0 0 0 0 0 0 0 0 0 0 0 0 0 0 0 0 0 0 0 0 0 0 0 0 0 1 0 0]
[1977780630496038414077392274335182402711432233816218839320330973352706824834405924448007766251873312108714135105544770087097989135120844354755331694350601297485852556394449020923033345120535087631523335403693139552748001625639423588483996236576677 0 0 0 0 0 0 0 0 0 0 0 0 0 0 0 0 0 0 0 0 0 0 0 0 0 0 0 0 0 0 0 0 0 0 0 0 0 0 0 0 0 0 0 0 0 0 0 0 0 0 0 0 0 0 0 0 0 0 0 0 0 0 0 0 0 0 0 0 0 0 0 0 0 0 0 0 0 0 0 1 0]
[1326536276503937545727749857160314872836939011448425805252697680055655347462809165393653887869182353264646461365226837290480798333114446266234148886977968290173924682509528205922898296835890640338248722228576862285838090208701853492409731570330850 0 0 0 0 0 0 0 0 0 0 0 0 0 0 0 0 0 0 0 0 0 0 0 0 0 0 0 0 0 0 0 0 0 0 0 0 0 0 0 0 0 0 0 0 0 0 0 0 0 0 0 0 0 0 0 0 0 0 0 0 0 0 0 0 0 0 0 0 0 0 0 0 0 0 0 0 0 0 0 0 1]
]
82 83 2
[1 1 1 1 1 1 1 1 1 1 1 1 1 1 1 1 1 1 1 1 1 1 1 1 1 1 1 1 1 1 1 1 1 1 1 1 1 1 1 1 1 1 1 1 1 1 1 1 1 1 1 1 1 1 1 1 1 1 1 1 1 1 1 1 1 1 1 1 1 1 1 1 1 1 1 1 1 1 1 1 1 1 1]
