[[2251597214410696912106661822619375466680862554557829133613422300197794347554180724950417103648226601120326514414850639360822797 0 0 0 0 0 0 0 0 0 0 0 0 0 0 0 0 0 0 0 0 0 0 0 0 0 0 0 0 0 0 0 0 0 0 0 0 0 0 0 0 0]
[407062327478625627750226371028178262919163498279971723542989001713302814252486784473589677837411350222895394194285844647766700 1 0 0 0 0 0 0 0 0 0 0 0 0 0 0 0 0 0 0 0 0 0 0 0 0 0 0 0 0 0 0 0 0 0 0 0 0 0 0 0 0]
[1542094789166105442608896047438092752104535333703037477408719480279040717278767027348197642039100095723037908343896152047005931 0 1 0 0 0 0 0 0 0 0 0 0 0 0 0 0 0 0 0 0 0 0 0 0 0 0 0 0 0 0 0 0 0 0 0 0 0 0 0 0 0]
[943742771453717494159068650472590513028927796595964838834352987865469870435573405244506754073605498690156638916320530583863330 0 0 1 0 0 0 0 0 0 0 0 0 0 0 0 0 0 0 0 0 0 0 0 0 0 0 0 0 0 0 0 0 0 0 0 0 0 0 0 0 0]
[1290759499873048045311982286880211528929687739315249121971165058848980794527145183664464016793761856042093803749319514438180943 0 0 0 1 0 0 0 0 0 0 0 0 0 0 0 0 0 0 0 0 0 0 0 0 0 0 0 0 0 0 0 0 0 0 0 0 0 0 0 0 0]
[1788753008564056461565167246564188829514814886058856289736280618896827941917242887422125301993711018345963322971831488337488557 0 0 0 0 1 0 0 0 0 0 0 0 0 0 0 0 0 0 0 0 0 0 0 0 0 0 0 0 0 0 0 0 0 0 0 0 0 0 0 0 0]
[599597139023316181653877686266053481920812376827683371307928874349138075632312821375778576425826594462207519139092116344473984 0 0 0 0 0 1 0 0 0 0 0 0 0 0 0 0 0 0 0 0 0 0 0 0 0 0 0 0 0 0 0 0 0 0 0 0 0 0 0 0 0]
[554891090969390812282562261998912204080384671488436559797401772392674042983688171820353900700581550102799417516691402375846922 0 0 0 0 0 0 1 0 0 0 0 0 0 0 0 0 0 0 0 0 0 0 0 0 0 0 0 0 0 0 0 0 0 0 0 0 0 0 0 0 0]
[856178128098370492491918590164877064706540679769469065434978223279314425809597856596054852628232231383944982205136235350327847 0 0 0 0 0 0 0 1 0 0 0 0 0 0 0 0 0 0 0 0 0 0 0 0 0 0 0 0 0 0 0 0 0 0 0 0 0 0 0 0 0]
[57005426678139721044547706142621372447657616110421892207175111550978488254841079980048020288155919716387648113212948395257704 0 0 0 0 0 0 0 0 1 0 0 0 0 0 0 0 0 0 0 0 0 0 0 0 0 0 0 0 0 0 0 0 0 0 0 0 0 0 0 0 0]
[2122321699841056578194365275636864751094392867431074479708481251048336862021519497275877573518386351724458077231323933762384701 0 0 0 0 0 0 0 0 0 1 0 0 0 0 0 0 0 0 0 0 0 0 0 0 0 0 0 0 0 0 0 0 0 0 0 0 0 0 0 0 0]
[995770402555696969767887705983417177947687109139782706838062328291969004440001890813284556369289526119418092661613511676039725 0 0 0 0 0 0 0 0 0 0 1 0 0 0 0 0 0 0 0 0 0 0 0 0 0 0 0 0 0 0 0 0 0 0 0 0 0 0 0 0 0]
[1640703583830093211064499758896701051575933460829370280799588686419565773773037990605046111868088574557675225866251129608190056 0 0 0 0 0 0 0 0 0 0 0 1 0 0 0 0 0 0 0 0 0 0 0 0 0 0 0 0 0 0 0 0 0 0 0 0 0 0 0 0 0]
[1247756104788312896067568669563927073464421023323602484127553402087340234680003808402828885545760825994074765047680314576694238 0 0 0 0 0 0 0 0 0 0 0 0 1 0 0 0 0 0 0 0 0 0 0 0 0 0 0 0 0 0 0 0 0 0 0 0 0 0 0 0 0]
[235688642022921650878399792343402437832763514231181267222523855709393334777994059017826220787772818228236202821962942080840203 0 0 0 0 0 0 0 0 0 0 0 0 0 1 0 0 0 0 0 0 0 0 0 0 0 0 0 0 0 0 0 0 0 0 0 0 0 0 0 0 0]
[406180069008040906972859283874010417073990659965040138283710441705724481564006129043375904113400523739131562244638788407391804 0 0 0 0 0 0 0 0 0 0 0 0 0 0 1 0 0 0 0 0 0 0 0 0 0 0 0 0 0 0 0 0 0 0 0 0 0 0 0 0 0]
[1644698929701553810876703599410370501428991576837281762007340323848943236658936912396156939936237588538154501310681692075012550 0 0 0 0 0 0 0 0 0 0 0 0 0 0 0 1 0 0 0 0 0 0 0 0 0 0 0 0 0 0 0 0 0 0 0 0 0 0 0 0 0]
[587495534211052995683838975364616205960996190377970578625556413592979151060885545187025547278337204092024387984488570637849663 0 0 0 0 0 0 0 0 0 0 0 0 0 0 0 0 1 0 0 0 0 0 0 0 0 0 0 0 0 0 0 0 0 0 0 0 0 0 0 0 0]
[568151051250349228865002366331725457507492894467934907582180562053592177611209831376849945914049395668520376079926434963060916 0 0 0 0 0 0 0 0 0 0 0 0 0 0 0 0 0 1 0 0 0 0 0 0 0 0 0 0 0 0 0 0 0 0 0 0 0 0 0 0 0]
[2113513587057836409173852564733011678356740855248282748738843563980404603883837758235266888663338646282033517659762389072973327 0 0 0 0 0 0 0 0 0 0 0 0 0 0 0 0 0 0 1 0 0 0 0 0 0 0 0 0 0 0 0 0 0 0 0 0 0 0 0 0 0]
[1711719841175527646681802321674653924381515716731012926918409071437108555239913029596231520560728402860154789772507723343834258 0 0 0 0 0 0 0 0 0 0 0 0 0 0 0 0 0 0 0 1 0 0 0 0 0 0 0 0 0 0 0 0 0 0 0 0 0 0 0 0 0]
[1026145197616079444167377831089853187886966541258999566367950339415328007377876017272942899252249772832689007932865099219467467 0 0 0 0 0 0 0 0 0 0 0 0 0 0 0 0 0 0 0 0 1 0 0 0 0 0 0 0 0 0 0 0 0 0 0 0 0 0 0 0 0]
[2066705539431840128270015762610852146862250424894935433125661422535400187196023092130073389640022349231386551699003302484542691 0 0 0 0 0 0 0 0 0 0 0 0 0 0 0 0 0 0 0 0 0 1 0 0 0 0 0 0 0 0 0 0 0 0 0 0 0 0 0 0 0]
[1692568441770182648231176830350211242684986315865603351705923108901770552948928932583530700233407286466350839058399200552908327 0 0 0 0 0 0 0 0 0 0 0 0 0 0 0 0 0 0 0 0 0 0 1 0 0 0 0 0 0 0 0 0 0 0 0 0 0 0 0 0 0]
[672684888730707272909653074475747121013939928692068095980706680778603631017775077707214271975897946664297019539760546203532938 0 0 0 0 0 0 0 0 0 0 0 0 0 0 0 0 0 0 0 0 0 0 0 1 0 0 0 0 0 0 0 0 0 0 0 0 0 0 0 0 0]
[1269903157154416015373482072381402574279868324112541994324924197861486011823817930197672951991865603744706853701028329192653336 0 0 0 0 0 0 0 0 0 0 0 0 0 0 0 0 0 0 0 0 0 0 0 0 1 0 0 0 0 0 0 0 0 0 0 0 0 0 0 0 0]
[2125388285803322498727713809269263574998585288489154325577132489453939086674881699738265167389286389661721695180064528981202637 0 0 0 0 0 0 0 0 0 0 0 0 0 0 0 0 0 0 0 0 0 0 0 0 0 1 0 0 0 0 0 0 0 0 0 0 0 0 0 0 0]
[184850194141503314615955445980485592730654577885282392849350725433299636798431742187150194997103761749330677008350431523999951 0 0 0 0 0 0 0 0 0 0 0 0 0 0 0 0 0 0 0 0 0 0 0 0 0 0 1 0 0 0 0 0 0 0 0 0 0 0 0 0 0]
[1483408041019053174636203425773395621306186583449886048450293084947433330321169576431023275099325187514400673521106512882053669 0 0 0 0 0 0 0 0 0 0 0 0 0 0 0 0 0 0 0 0 0 0 0 0 0 0 0 1 0 0 0 0 0 0 0 0 0 0 0 0 0]
[1324328020140410961423993275066224169945201154261129522969882284567600445812142808682427689099439263306296463912077215065542027 0 0 0 0 0 0 0 0 0 0 0 0 0 0 0 0 0 0 0 0 0 0 0 0 0 0 0 0 1 0 0 0 0 0 0 0 0 0 0 0 0]
[285065338189669060161315752339403144637635978649655887334222728011505527571763135960709120080782004932732254714226219077845988 0 0 0 0 0 0 0 0 0 0 0 0 0 0 0 0 0 0 0 0 0 0 0 0 0 0 0 0 0 1 0 0 0 0 0 0 0 0 0 0 0]
[1184258765730898916858737592934885314476504575153084188772878954032912253661416238649889897271099204825634634588271734255786500 0 0 0 0 0 0 0 0 0 0 0 0 0 0 0 0 0 0 0 0 0 0 0 0 0 0 0 0 0 0 1 0 0 0 0 0 0 0 0 0 0]
[104038846335008942194249842154694611884533493724905706926084654935006666580175268256766325788441693783103654821471617419170934 0 0 0 0 0 0 0 0 0 0 0 0 0 0 0 0 0 0 0 0 0 0 0 0 0 0 0 0 0 0 0 1 0 0 0 0 0 0 0 0 0]
[103520687570113552215383564276872560334972342751762187346085913673643229325945711733416641158123224133729820626130865571842287 0 0 0 0 0 0 0 0 0 0 0 0 0 0 0 0 0 0 0 0 0 0 0 0 0 0 0 0 0 0 0 0 1 0 0 0 0 0 0 0 0]
[688696017336426455162049028211752178116279472816217374985310131123783284273205189229258985418258824031776578813707786052805533 0 0 0 0 0 0 0 0 0 0 0 0 0 0 0 0 0 0 0 0 0 0 0 0 0 0 0 0 0 0 0 0 0 1 0 0 0 0 0 0 0]
[644768646580593166696237864021721517962495184005945438122183555318185393391830931922944335814535885903073190818152683244530498 0 0 0 0 0 0 0 0 0 0 0 0 0 0 0 0 0 0 0 0 0 0 0 0 0 0 0 0 0 0 0 0 0 0 1 0 0 0 0 0 0]
[1175474501816842963759009458816824415144107580279362716929812443126766600532160000369931215153606767857708626662236040748539095 0 0 0 0 0 0 0 0 0 0 0 0 0 0 0 0 0 0 0 0 0 0 0 0 0 0 0 0 0 0 0 0 0 0 0 1 0 0 0 0 0]
[628280753443443624325499002682914352505598790556887211822570860407173127338801890474116887317022108809079998178160305153656428 0 0 0 0 0 0 0 0 0 0 0 0 0 0 0 0 0 0 0 0 0 0 0 0 0 0 0 0 0 0 0 0 0 0 0 0 1 0 0 0 0]
[586546226165180035566172578049189472453031534441833876513275827562519807356286245537088389597574949544600629204380210130774902 0 0 0 0 0 0 0 0 0 0 0 0 0 0 0 0 0 0 0 0 0 0 0 0 0 0 0 0 0 0 0 0 0 0 0 0 0 1 0 0 0]
[1958735816603792765543112916135500754922204818877699657661268368961145062743204748806230485090042763758661795824893573994408419 0 0 0 0 0 0 0 0 0 0 0 0 0 0 0 0 0 0 0 0 0 0 0 0 0 0 0 0 0 0 0 0 0 0 0 0 0 0 1 0 0]
[1121436328851822218385543347056040546164512442959995000102105324195252499999518512875974236488658858583910267639963441561756813 0 0 0 0 0 0 0 0 0 0 0 0 0 0 0 0 0 0 0 0 0 0 0 0 0 0 0 0 0 0 0 0 0 0 0 0 0 0 0 1 0]
[415081706120235915756503615157469603968148270045631427690642705202958250947092947855829413392455790518195086247598133322526771 0 0 0 0 0 0 0 0 0 0 0 0 0 0 0 0 0 0 0 0 0 0 0 0 0 0 0 0 0 0 0 0 0 0 0 0 0 0 0 0 1]
]
42 43 8
[1 1 1 1 1 1 1 1 1 1 1 1 1 1 1 1 1 1 1 1 1 1 1 1 1 1 1 1 1 1 1 1 1 1 1 1 1 1 1 1 1 1 1]
