[[2039000993816940783166304150360969813486396884707865620247357782956122816156719022421539753564796383986241647240349331646411449 0 0 0 0 0 0 0 0 0 0 0 0 0 0 0 0 0 0 0 0 0 0 0 0 0 0 0 0 0 0 0 0 0 0 0 0 0 0 0 0 0]
[1587336410821442662793111104072806867941759098523880270840694074075710779305120158700877124547595346386073146686282120581494816 1 0 0 0 0 0 0 0 0 0 0 0 0 0 0 0 0 0 0 0 0 0 0 0 0 0 0 0 0 0 0 0 0 0 0 0 0 0 0 0 0]
[11677740686134909476142771074632261065818384990972199985195330317874581167313776526389091306825514363639237014112575951839599 0 1 0 0 0 0 0 0 0 0 0 0 0 0 0 0 0 0 0 0 0 0 0 0 0 0 0 0 0 0 0 0 0 0 0 0 0 0 0 0 0]
[1487783491801966719085044998874473341370712139285055420561539490857246596952832792024946820277877819762252417829832714263813731 0 0 1 0 0 0 0 0 0 0 0 0 0 0 0 0 0 0 0 0 0 0 0 0 0 0 0 0 0 0 0 0 0 0 0 0 0 0 0 0 0]
[269925040288534754746276908103381927953804390874332015584109333193335231933138068809656216800334858059011131139112522770562984 0 0 0 1 0 0 0 0 0 0 0 0 0 0 0 0 0 0 0 0 0 0 0 0 0 0 0 0 0 0 0 0 0 0 0 0 0 0 0 0 0]
[1792991270113641636849867921136995909915118060267597188139155051412490968076646221625572104595711032068261935552693229690053943 0 0 0 0 1 0 0 0 0 0 0 0 0 0 0 0 0 0 0 0 0 0 0 0 0 0 0 0 0 0 0 0 0 0 0 0 0 0 0 0 0]
[326158566387062598752289060678858186754489270605886945970861096914904776786327625240323129086217313698118746880927570780921460 0 0 0 0 0 1 0 0 0 0 0 0 0 0 0 0 0 0 0 0 0 0 0 0 0 0 0 0 0 0 0 0 0 0 0 0 0 0 0 0 0]
[217087431077477844941907728063923034771271927083939089727869662975975924172289780735631667263503250510963645655856648218920563 0 0 0 0 0 0 1 0 0 0 0 0 0 0 0 0 0 0 0 0 0 0 0 0 0 0 0 0 0 0 0 0 0 0 0 0 0 0 0 0 0]
[1719692891607551620299874671939746482887040445743608289365561192633542162760887961336987108353187558071445765357660449800814383 0 0 0 0 0 0 0 1 0 0 0 0 0 0 0 0 0 0 0 0 0 0 0 0 0 0 0 0 0 0 0 0 0 0 0 0 0 0 0 0 0]
[1624316204096791745667140839473585352122361975544457427011105796043732882616994559489235682973569265082993550738685010827367 0 0 0 0 0 0 0 0 1 0 0 0 0 0 0 0 0 0 0 0 0 0 0 0 0 0 0 0 0 0 0 0 0 0 0 0 0 0 0 0 0]
[1499500708514350337520120970322071489741992599128864144414445660755632483251756096891055243481880378958958841555015241453128401 0 0 0 0 0 0 0 0 0 1 0 0 0 0 0 0 0 0 0 0 0 0 0 0 0 0 0 0 0 0 0 0 0 0 0 0 0 0 0 0 0]
[97642576208939429253308130251674272906616638783534812177176336035122287926957780464802283332391698411386461207994185817278217 0 0 0 0 0 0 0 0 0 0 1 0 0 0 0 0 0 0 0 0 0 0 0 0 0 0 0 0 0 0 0 0 0 0 0 0 0 0 0 0 0]
[117317724561487156006595219758581809833993543703372603578747958674163767544202444680191971428584119532143117067416302559285760 0 0 0 0 0 0 0 0 0 0 0 1 0 0 0 0 0 0 0 0 0 0 0 0 0 0 0 0 0 0 0 0 0 0 0 0 0 0 0 0 0]
[1153255031824111087139405525798705039180415598045543537099336857989096439735737144771224915285090451455256045558922481192210831 0 0 0 0 0 0 0 0 0 0 0 0 1 0 0 0 0 0 0 0 0 0 0 0 0 0 0 0 0 0 0 0 0 0 0 0 0 0 0 0 0]
[1788853975375215572878995842765126492983948253591923044782229079910167532371737177983016221228576959342088474636029984523512914 0 0 0 0 0 0 0 0 0 0 0 0 0 1 0 0 0 0 0 0 0 0 0 0 0 0 0 0 0 0 0 0 0 0 0 0 0 0 0 0 0]
[197322006069794990892415773269480436006282934176470063187773345285757394448085147216556135842743920208482746225494998395812932 0 0 0 0 0 0 0 0 0 0 0 0 0 0 1 0 0 0 0 0 0 0 0 0 0 0 0 0 0 0 0 0 0 0 0 0 0 0 0 0 0]
[1074510686049960261299944176516340639724376051786390622239603918873553339364619474209834258660852850517373484303586661406068678 0 0 0 0 0 0 0 0 0 0 0 0 0 0 0 1 0 0 0 0 0 0 0 0 0 0 0 0 0 0 0 0 0 0 0 0 0 0 0 0 0]
[1402154605704939568384566348570512659354353372051651542301262302883846147522590465684904006975863230655581802076260437272684247 0 0 0 0 0 0 0 0 0 0 0 0 0 0 0 0 1 0 0 0 0 0 0 0 0 0 0 0 0 0 0 0 0 0 0 0 0 0 0 0 0]
[1571135160106787015326299446275683502150561940598652419491002977948086833602214516402867332994512217955899097063458509145049030 0 0 0 0 0 0 0 0 0 0 0 0 0 0 0 0 0 1 0 0 0 0 0 0 0 0 0 0 0 0 0 0 0 0 0 0 0 0 0 0 0]
[1783912999213586351761141999173788819104130065656007514671755619757507645417208571622345526475347069270111370509155376370002252 0 0 0 0 0 0 0 0 0 0 0 0 0 0 0 0 0 0 1 0 0 0 0 0 0 0 0 0 0 0 0 0 0 0 0 0 0 0 0 0 0]
[1804951606467824029311012811728197157051917838738349215575619791363818115392551197950737437590757978673645699007519133161116381 0 0 0 0 0 0 0 0 0 0 0 0 0 0 0 0 0 0 0 1 0 0 0 0 0 0 0 0 0 0 0 0 0 0 0 0 0 0 0 0 0]
[1571967499638043171334960809537672855717339880641044907531026125089533146653713614656239308533735098171964552287526202487684913 0 0 0 0 0 0 0 0 0 0 0 0 0 0 0 0 0 0 0 0 1 0 0 0 0 0 0 0 0 0 0 0 0 0 0 0 0 0 0 0 0]
[744047674505469052581189603940814774272205622780260184835268939871923613645686457671722463382748629708501085652084795896757522 0 0 0 0 0 0 0 0 0 0 0 0 0 0 0 0 0 0 0 0 0 1 0 0 0 0 0 0 0 0 0 0 0 0 0 0 0 0 0 0 0]
[1726176377638470822930801707443621306060036593887964584353408253319646015003458958569594764970311759243321959367523073834791089 0 0 0 0 0 0 0 0 0 0 0 0 0 0 0 0 0 0 0 0 0 0 1 0 0 0 0 0 0 0 0 0 0 0 0 0 0 0 0 0 0]
[1826134737996758818654633162409878065395168565296151393366947185170347958348198881524481351154594911589672925664929116223612492 0 0 0 0 0 0 0 0 0 0 0 0 0 0 0 0 0 0 0 0 0 0 0 1 0 0 0 0 0 0 0 0 0 0 0 0 0 0 0 0 0]
[1924946724277501972054150510124797802397893276697891724544277141000469755441185080076087106452491296542106628788581123422756555 0 0 0 0 0 0 0 0 0 0 0 0 0 0 0 0 0 0 0 0 0 0 0 0 1 0 0 0 0 0 0 0 0 0 0 0 0 0 0 0 0]
[1975428207852775428207311809039738000690533576895000620423551727372353393991146983882237603734867511234271708218665931511619561 0 0 0 0 0 0 0 0 0 0 0 0 0 0 0 0 0 0 0 0 0 0 0 0 0 1 0 0 0 0 0 0 0 0 0 0 0 0 0 0 0]
[583405105615956165534935760582550684920461254125285251138327403505783797692431114669429910584564020168504112424549697204719226 0 0 0 0 0 0 0 0 0 0 0 0 0 0 0 0 0 0 0 0 0 0 0 0 0 0 1 0 0 0 0 0 0 0 0 0 0 0 0 0 0]
[1507646551179769625297879655210111305577935380439471927970244042101655096145733863014598607194871773734027483548134524218140444 0 0 0 0 0 0 0 0 0 0 0 0 0 0 0 0 0 0 0 0 0 0 0 0 0 0 0 1 0 0 0 0 0 0 0 0 0 0 0 0 0]
[833783579070898914722749305448719360276161118265218190786664016373478973596041256764905782670791692312647506497571877996745862 0 0 0 0 0 0 0 0 0 0 0 0 0 0 0 0 0 0 0 0 0 0 0 0 0 0 0 0 1 0 0 0 0 0 0 0 0 0 0 0 0]
[1175188091345200719915347984556950247151495156010785062042703231233463764517536938785456552643768098234265415230645898466833423 0 0 0 0 0 0 0 0 0 0 0 0 0 0 0 0 0 0 0 0 0 0 0 0 0 0 0 0 0 1 0 0 0 0 0 0 0 0 0 0 0]
[1337536779940145105910573070774013155444677017874285147810359391587208689702620930955529257484000848316642683804078566517411003 0 0 0 0 0 0 0 0 0 0 0 0 0 0 0 0 0 0 0 0 0 0 0 0 0 0 0 0 0 0 1 0 0 0 0 0 0 0 0 0 0]
[905016004965042972733200559196099889924049836028886849057975772977631610774526508796466789788026032469401820950801727630538777 0 0 0 0 0 0 0 0 0 0 0 0 0 0 0 0 0 0 0 0 0 0 0 0 0 0 0 0 0 0 0 1 0 0 0 0 0 0 0 0 0]
[1367905992429688223940183453302117189924182831924194065104656264945842950304610200643920520355438915452285917172449236622178933 0 0 0 0 0 0 0 0 0 0 0 0 0 0 0 0 0 0 0 0 0 0 0 0 0 0 0 0 0 0 0 0 1 0 0 0 0 0 0 0 0]
[887209052144736146236779107321538027760811857293698966631499557958119836604446548050131690845680779005697532487072412293631502 0 0 0 0 0 0 0 0 0 0 0 0 0 0 0 0 0 0 0 0 0 0 0 0 0 0 0 0 0 0 0 0 0 1 0 0 0 0 0 0 0]
[1242080912496445026698963673742921875475285075363440205230095408365998135976532469338911015469592654870160718247977315006126814 0 0 0 0 0 0 0 0 0 0 0 0 0 0 0 0 0 0 0 0 0 0 0 0 0 0 0 0 0 0 0 0 0 0 1 0 0 0 0 0 0]
[424405475457166557329915416975467239921403367319988832299362432396931711985737955817605627266939778915317364897081666442342810 0 0 0 0 0 0 0 0 0 0 0 0 0 0 0 0 0 0 0 0 0 0 0 0 0 0 0 0 0 0 0 0 0 0 0 1 0 0 0 0 0]
[1333360457310601863228596464973171609438006837662103711054233835287496451770038662973512233262651981647168902898919465946391661 0 0 0 0 0 0 0 0 0 0 0 0 0 0 0 0 0 0 0 0 0 0 0 0 0 0 0 0 0 0 0 0 0 0 0 0 1 0 0 0 0]
[1500938607740208523597603640010107150041310486019078672379950769883049635322229179514120385486806100825938921897459648013151902 0 0 0 0 0 0 0 0 0 0 0 0 0 0 0 0 0 0 0 0 0 0 0 0 0 0 0 0 0 0 0 0 0 0 0 0 0 1 0 0 0]
[223552822766771689884753309901193201267938357740119035701014430862194624487519293034958083378095953344198034241720714410711701 0 0 0 0 0 0 0 0 0 0 0 0 0 0 0 0 0 0 0 0 0 0 0 0 0 0 0 0 0 0 0 0 0 0 0 0 0 0 1 0 0]
[1861469516434659256989035734131174695956714581238398755590945299932125754534558445450060625633784742368813451926650072226984553 0 0 0 0 0 0 0 0 0 0 0 0 0 0 0 0 0 0 0 0 0 0 0 0 0 0 0 0 0 0 0 0 0 0 0 0 0 0 0 1 0]
[904334132821347798387380837592700142489549487252563842165029322033710788658887663666834658939548175752023894532382622293223984 0 0 0 0 0 0 0 0 0 0 0 0 0 0 0 0 0 0 0 0 0 0 0 0 0 0 0 0 0 0 0 0 0 0 0 0 0 0 0 0 1]
]
42 43 1
[1 1 1 1 1 1 1 1 1 1 1 1 1 1 1 1 1 1 1 1 1 1 1 1 1 1 1 1 1 1 1 1 1 1 1 1 1 1 1 1 1 1 1]
