[[2138880822260290781257442595770788981653279533700566900898958167609016289959817824866567813731471139957660742354149693653159771 0 0 0 0 0 0 0 0 0 0 0 0 0 0 0 0 0 0 0 0 0 0 0 0 0 0 0 0 0 0 0 0 0 0 0 0 0 0 0 0 0]
[1763653938292631988912024650068257533440291738784840427153285629767046521831535409362239473235910492451694121995242132075097967 1 0 0 0 0 0 0 0 0 0 0 0 0 0 0 0 0 0 0 0 0 0 0 0 0 0 0 0 0 0 0 0 0 0 0 0 0 0 0 0 0]
[1675139401831504176095977306480728781379282079432810856363448177237415963391105031324533706513861804019941405179192451202434332 0 1 0 0 0 0 0 0 0 0 0 0 0 0 0 0 0 0 0 0 0 0 0 0 0 0 0 0 0 0 0 0 0 0 0 0 0 0 0 0 0]
[1426565464698797400608188298621227994577380797761534922196545528892176437935437631864149022754860225439214249952681402330466838 0 0 1 0 0 0 0 0 0 0 0 0 0 0 0 0 0 0 0 0 0 0 0 0 0 0 0 0 0 0 0 0 0 0 0 0 0 0 0 0 0]
[895693887517332944869148480297203245590369609890632508433048664155139883742594006253032194599218607106956888208395913597969417 0 0 0 1 0 0 0 0 0 0 0 0 0 0 0 0 0 0 0 0 0 0 0 0 0 0 0 0 0 0 0 0 0 0 0 0 0 0 0 0 0]
[1770238609535061999803914714373770347967277136156006642532506765587366270921793580837903959139011673535561733083967048701991781 0 0 0 0 1 0 0 0 0 0 0 0 0 0 0 0 0 0 0 0 0 0 0 0 0 0 0 0 0 0 0 0 0 0 0 0 0 0 0 0 0]
[1071410318086600433357775359191287502846858324986817042957955565902809956367600681164857739832509892910365117823480153713191237 0 0 0 0 0 1 0 0 0 0 0 0 0 0 0 0 0 0 0 0 0 0 0 0 0 0 0 0 0 0 0 0 0 0 0 0 0 0 0 0 0]
[2065962737828263142432275365659213170225875757426515611817352198884788549125581111466713411332197636373183394832835752775167259 0 0 0 0 0 0 1 0 0 0 0 0 0 0 0 0 0 0 0 0 0 0 0 0 0 0 0 0 0 0 0 0 0 0 0 0 0 0 0 0 0]
[1114694256350545343311960400745236977836234309961448499531425538002091261141959490335641273127074103207203808624982893511364641 0 0 0 0 0 0 0 1 0 0 0 0 0 0 0 0 0 0 0 0 0 0 0 0 0 0 0 0 0 0 0 0 0 0 0 0 0 0 0 0 0]
[1881870248625167480642172427021469300758134607195372052421663469055712799742996193368325179153847600250690754084691558073933966 0 0 0 0 0 0 0 0 1 0 0 0 0 0 0 0 0 0 0 0 0 0 0 0 0 0 0 0 0 0 0 0 0 0 0 0 0 0 0 0 0]
[1196401298124131307755473664857372536463626303352270283117208082607478752218435849573873507486728836801898222587822516228550667 0 0 0 0 0 0 0 0 0 1 0 0 0 0 0 0 0 0 0 0 0 0 0 0 0 0 0 0 0 0 0 0 0 0 0 0 0 0 0 0 0]
[1002433004065279690780946950424079710629524858418438015141317468394966025912139077975138315787178199083900064000846087793151045 0 0 0 0 0 0 0 0 0 0 1 0 0 0 0 0 0 0 0 0 0 0 0 0 0 0 0 0 0 0 0 0 0 0 0 0 0 0 0 0 0]
[545540841993697353359637794373858400409730649181335185648147537802926370140267367544958404488814166794328096840722095880126678 0 0 0 0 0 0 0 0 0 0 0 1 0 0 0 0 0 0 0 0 0 0 0 0 0 0 0 0 0 0 0 0 0 0 0 0 0 0 0 0 0]
[734662577832886564162244517352420500200391335723771141955684328289931004390794691404274614921947048777531316211267303264061095 0 0 0 0 0 0 0 0 0 0 0 0 1 0 0 0 0 0 0 0 0 0 0 0 0 0 0 0 0 0 0 0 0 0 0 0 0 0 0 0 0]
[1028455411679392515898609915803522925262182432924726165780480663588976562656758797617131928283207373843080465711511463278598071 0 0 0 0 0 0 0 0 0 0 0 0 0 1 0 0 0 0 0 0 0 0 0 0 0 0 0 0 0 0 0 0 0 0 0 0 0 0 0 0 0]
[43549013616293884164273203465722609105865310734951106442376262449626931966824260890279068192933578309602956166993107898779224 0 0 0 0 0 0 0 0 0 0 0 0 0 0 1 0 0 0 0 0 0 0 0 0 0 0 0 0 0 0 0 0 0 0 0 0 0 0 0 0 0]
[2056060059337961394184091422759261446592474186351674999605798843819286516865378299518719629987243998316771853840431127909423592 0 0 0 0 0 0 0 0 0 0 0 0 0 0 0 1 0 0 0 0 0 0 0 0 0 0 0 0 0 0 0 0 0 0 0 0 0 0 0 0 0]
[541340340969635046493993790492534002753709378670375095039050374218916388165377406806909572626660113292578355070184658518377567 0 0 0 0 0 0 0 0 0 0 0 0 0 0 0 0 1 0 0 0 0 0 0 0 0 0 0 0 0 0 0 0 0 0 0 0 0 0 0 0 0]
[464681881687713609129163741414565865316977583331986619167987762812371322472920048617634105490803592146800180021008762414896599 0 0 0 0 0 0 0 0 0 0 0 0 0 0 0 0 0 1 0 0 0 0 0 0 0 0 0 0 0 0 0 0 0 0 0 0 0 0 0 0 0]
[1898645622014395930591492255317239197798050570049206039727359716452330266736432634128604682906706240240075420168077086092111971 0 0 0 0 0 0 0 0 0 0 0 0 0 0 0 0 0 0 1 0 0 0 0 0 0 0 0 0 0 0 0 0 0 0 0 0 0 0 0 0 0]
[1049140201698109040434368594403995304590699775475403712613321905202184780038245121504079385941506742665802611990995734834862701 0 0 0 0 0 0 0 0 0 0 0 0 0 0 0 0 0 0 0 1 0 0 0 0 0 0 0 0 0 0 0 0 0 0 0 0 0 0 0 0 0]
[1298376508881315516602982557302149264726363629867853336668391961522654351935822436975449502892939360261811432002476044952829461 0 0 0 0 0 0 0 0 0 0 0 0 0 0 0 0 0 0 0 0 1 0 0 0 0 0 0 0 0 0 0 0 0 0 0 0 0 0 0 0 0]
[1755633944405033216520004726573529332173106401974602976413490024579420864670270283055882812842119105882334721427292951148864226 0 0 0 0 0 0 0 0 0 0 0 0 0 0 0 0 0 0 0 0 0 1 0 0 0 0 0 0 0 0 0 0 0 0 0 0 0 0 0 0 0]
[1068536072237381140516871766614464683965290521938293198974440460704391880970814475429460985720576319912712909637598348496446271 0 0 0 0 0 0 0 0 0 0 0 0 0 0 0 0 0 0 0 0 0 0 1 0 0 0 0 0 0 0 0 0 0 0 0 0 0 0 0 0 0]
[347862420391113025190398860003589224027515946915666077935893002362758461877897498646385002327525752151407934357440929913174175 0 0 0 0 0 0 0 0 0 0 0 0 0 0 0 0 0 0 0 0 0 0 0 1 0 0 0 0 0 0 0 0 0 0 0 0 0 0 0 0 0]
[1008278264079480921861077196920723981911816036419320695743577433766482099793551801805786487974834234130996008328084544002401879 0 0 0 0 0 0 0 0 0 0 0 0 0 0 0 0 0 0 0 0 0 0 0 0 1 0 0 0 0 0 0 0 0 0 0 0 0 0 0 0 0]
[85922330712930362098129861093254346320083422729553978530863044548477947133922460845748069664718891525920458281964355631921357 0 0 0 0 0 0 0 0 0 0 0 0 0 0 0 0 0 0 0 0 0 0 0 0 0 1 0 0 0 0 0 0 0 0 0 0 0 0 0 0 0]
[639397353553571062455787809240794082380344481144188583418619495542335183753081819027369779067521176548726317034188920550357334 0 0 0 0 0 0 0 0 0 0 0 0 0 0 0 0 0 0 0 0 0 0 0 0 0 0 1 0 0 0 0 0 0 0 0 0 0 0 0 0 0]
[1421131736163682135250947070284785029408833100420124873994128443812807974898772421142858554553685988198219492997916373697994590 0 0 0 0 0 0 0 0 0 0 0 0 0 0 0 0 0 0 0 0 0 0 0 0 0 0 0 1 0 0 0 0 0 0 0 0 0 0 0 0 0]
[342936755385530329726793883257138051627362037498593284700949130101184152236863554813232254857687567689739995705703515678999316 0 0 0 0 0 0 0 0 0 0 0 0 0 0 0 0 0 0 0 0 0 0 0 0 0 0 0 0 1 0 0 0 0 0 0 0 0 0 0 0 0]
[26712996071578138626272014533947110345860956164575647358479736318318041031745639916397382917430958595935720463097152308723514 0 0 0 0 0 0 0 0 0 0 0 0 0 0 0 0 0 0 0 0 0 0 0 0 0 0 0 0 0 1 0 0 0 0 0 0 0 0 0 0 0]
[1288797573560860195579482284168126708335835856559805596744680664355597076900686805039432854255430464628220770806712489204348107 0 0 0 0 0 0 0 0 0 0 0 0 0 0 0 0 0 0 0 0 0 0 0 0 0 0 0 0 0 0 1 0 0 0 0 0 0 0 0 0 0]
[322592329300207004304395354981550540221723829732825605651210638638034817967818475736819763750484226309662580691644969174208788 0 0 0 0 0 0 0 0 0 0 0 0 0 0 0 0 0 0 0 0 0 0 0 0 0 0 0 0 0 0 0 1 0 0 0 0 0 0 0 0 0]
[966021993451630815242134272360873007924319841280772707277930913344333052243517000614720295788753149358870508972577527023285612 0 0 0 0 0 0 0 0 0 0 0 0 0 0 0 0 0 0 0 0 0 0 0 0 0 0 0 0 0 0 0 0 1 0 0 0 0 0 0 0 0]
[365744932110129140799814385500940435748686491199638887735213177499002031272485909107707455751230475714786906591242927120524091 0 0 0 0 0 0 0 0 0 0 0 0 0 0 0 0 0 0 0 0 0 0 0 0 0 0 0 0 0 0 0 0 0 1 0 0 0 0 0 0 0]
[1457797360088810743831168911357600096498936689573524128606717947086982022828738960783305711081818952421377180426513943827301219 0 0 0 0 0 0 0 0 0 0 0 0 0 0 0 0 0 0 0 0 0 0 0 0 0 0 0 0 0 0 0 0 0 0 1 0 0 0 0 0 0]
[1143896956319410567011569727184049570454079188196690520622475820131096585655914574841106693419684228124068957231046603547922836 0 0 0 0 0 0 0 0 0 0 0 0 0 0 0 0 0 0 0 0 0 0 0 0 0 0 0 0 0 0 0 0 0 0 0 1 0 0 0 0 0]
[467010002284756455740899672798341536782021386936174689882880385819054026948869410730726203713732745958514500184238094631611650 0 0 0 0 0 0 0 0 0 0 0 0 0 0 0 0 0 0 0 0 0 0 0 0 0 0 0 0 0 0 0 0 0 0 0 0 1 0 0 0 0]
[407700792718074066026287695925101623330857224532558353072331436483601043262850781840121171020593477942425875718199751808850735 0 0 0 0 0 0 0 0 0 0 0 0 0 0 0 0 0 0 0 0 0 0 0 0 0 0 0 0 0 0 0 0 0 0 0 0 0 1 0 0 0]
[851464344018857329668034199145523464972038333468904617485759700751406538987911376522230235864564702757292747465883425204503085 0 0 0 0 0 0 0 0 0 0 0 0 0 0 0 0 0 0 0 0 0 0 0 0 0 0 0 0 0 0 0 0 0 0 0 0 0 0 1 0 0]
[1587600754842704426958398519390616647761308245669767966716632695556268399862263503863634032729242470324862210192969561580765571 0 0 0 0 0 0 0 0 0 0 0 0 0 0 0 0 0 0 0 0 0 0 0 0 0 0 0 0 0 0 0 0 0 0 0 0 0 0 0 1 0]
[1159892801832342157335576149604867916907326334735695070188574373924048014650775036072370490457798771868127945010272877031922816 0 0 0 0 0 0 0 0 0 0 0 0 0 0 0 0 0 0 0 0 0 0 0 0 0 0 0 0 0 0 0 0 0 0 0 0 0 0 0 0 1]
]
42 43 2
[1 1 1 1 1 1 1 1 1 1 1 1 1 1 1 1 1 1 1 1 1 1 1 1 1 1 1 1 1 1 1 1 1 1 1 1 1 1 1 1 1 1 1]
