[[1450050092459603007783957296820484955808169408386517847214281225261080778250516858299303298354010370154761525858607065705229241 0 0 0 0 0 0 0 0 0 0 0 0 0 0 0 0 0 0 0 0 0 0 0 0 0 0 0 0 0 0 0 0 0 0 0 0 0 0 0 0 0]
[1112732644083573425506992489105168956722752433844611996400256017788621378682303988636932641044859974538233466436914472640309369 1 0 0 0 0 0 0 0 0 0 0 0 0 0 0 0 0 0 0 0 0 0 0 0 0 0 0 0 0 0 0 0 0 0 0 0 0 0 0 0 0]
[1099274108713480606861425788995022745264533275099781261731049328316979978223609612053457290750238879441571502750055500697709298 0 1 0 0 0 0 0 0 0 0 0 0 0 0 0 0 0 0 0 0 0 0 0 0 0 0 0 0 0 0 0 0 0 0 0 0 0 0 0 0 0]
[614319644769865725947524621717297179003312130269335153305982501332420599880913247701755811823888308482434940597557592092455079 0 0 1 0 0 0 0 0 0 0 0 0 0 0 0 0 0 0 0 0 0 0 0 0 0 0 0 0 0 0 0 0 0 0 0 0 0 0 0 0 0]
[1162819154928598890049994364919081743654944376515422500721160745888203455606852843037634086001291194655109132611925173140203729 0 0 0 1 0 0 0 0 0 0 0 0 0 0 0 0 0 0 0 0 0 0 0 0 0 0 0 0 0 0 0 0 0 0 0 0 0 0 0 0 0]
[1071120447220051204042786283559107224750520543451656820449837927067549213522813304963035348449921763740387116317842387062333605 0 0 0 0 1 0 0 0 0 0 0 0 0 0 0 0 0 0 0 0 0 0 0 0 0 0 0 0 0 0 0 0 0 0 0 0 0 0 0 0 0]
[530296857326687125626162525028253574683409695611079958711715673588156982939950498430544904580588951817536474580958710543254825 0 0 0 0 0 1 0 0 0 0 0 0 0 0 0 0 0 0 0 0 0 0 0 0 0 0 0 0 0 0 0 0 0 0 0 0 0 0 0 0 0]
[1059196307076725309184058788963275847128392907991034313053670006749989690441492409411301924356452018838620337126780787397749173 0 0 0 0 0 0 1 0 0 0 0 0 0 0 0 0 0 0 0 0 0 0 0 0 0 0 0 0 0 0 0 0 0 0 0 0 0 0 0 0 0]
[1423013989276577509021654280895917564851879654838359008349626021779751252078024713073881506400998793397960629800282746650625006 0 0 0 0 0 0 0 1 0 0 0 0 0 0 0 0 0 0 0 0 0 0 0 0 0 0 0 0 0 0 0 0 0 0 0 0 0 0 0 0 0]
[645938695293732615566673378618055686431395773978922053046327786000770474868063006547156573238389326438302468413854519470949815 0 0 0 0 0 0 0 0 1 0 0 0 0 0 0 0 0 0 0 0 0 0 0 0 0 0 0 0 0 0 0 0 0 0 0 0 0 0 0 0 0]
[822957059448370283913636087828830695504076719258119010868012428786612532274983706819625785225220085187586777078010000752152813 0 0 0 0 0 0 0 0 0 1 0 0 0 0 0 0 0 0 0 0 0 0 0 0 0 0 0 0 0 0 0 0 0 0 0 0 0 0 0 0 0]
[10100910617124651574913348878533454886781253853623575572111708754267137112711310045371896721450221001676211625188483515820015 0 0 0 0 0 0 0 0 0 0 1 0 0 0 0 0 0 0 0 0 0 0 0 0 0 0 0 0 0 0 0 0 0 0 0 0 0 0 0 0 0]
[887288185977534234444886510522126661738176781729858224550370504061074219404629240591218452016834572963419528438396167797016622 0 0 0 0 0 0 0 0 0 0 0 1 0 0 0 0 0 0 0 0 0 0 0 0 0 0 0 0 0 0 0 0 0 0 0 0 0 0 0 0 0]
[13158641537095387465745355751445695941163412240880340057817085663136337816438797379643479334226511577799417906679789453290561 0 0 0 0 0 0 0 0 0 0 0 0 1 0 0 0 0 0 0 0 0 0 0 0 0 0 0 0 0 0 0 0 0 0 0 0 0 0 0 0 0]
[525236930430073251249699124001812041265701898317060702421706851706573139048685252696813198773820033877830415552224982107308961 0 0 0 0 0 0 0 0 0 0 0 0 0 1 0 0 0 0 0 0 0 0 0 0 0 0 0 0 0 0 0 0 0 0 0 0 0 0 0 0 0]
[189460103364097887312672372405790596846997774037230222604729517849965185518635710419230091498411105826719355706383628301092461 0 0 0 0 0 0 0 0 0 0 0 0 0 0 1 0 0 0 0 0 0 0 0 0 0 0 0 0 0 0 0 0 0 0 0 0 0 0 0 0 0]
[632424958912940775842170568766214187665752074183431069659714188275897801445981199190937953290901568483888044490214604272150747 0 0 0 0 0 0 0 0 0 0 0 0 0 0 0 1 0 0 0 0 0 0 0 0 0 0 0 0 0 0 0 0 0 0 0 0 0 0 0 0 0]
[452831835901330432466286292517937854779113727859911224943251092234970425479438080029810396250014941166348730812849072697618442 0 0 0 0 0 0 0 0 0 0 0 0 0 0 0 0 1 0 0 0 0 0 0 0 0 0 0 0 0 0 0 0 0 0 0 0 0 0 0 0 0]
[172411249427720384461313619821721558031086068346582062100086539226822274819328707482783717605384455425560439076263769252354951 0 0 0 0 0 0 0 0 0 0 0 0 0 0 0 0 0 1 0 0 0 0 0 0 0 0 0 0 0 0 0 0 0 0 0 0 0 0 0 0 0]
[563349762160109260100918185072378376029019427780434525797234346477534824029211399600741477549015235541266372776176951839042125 0 0 0 0 0 0 0 0 0 0 0 0 0 0 0 0 0 0 1 0 0 0 0 0 0 0 0 0 0 0 0 0 0 0 0 0 0 0 0 0 0]
[399923614693196899386304157945723321682042441413969687007369796037529564627835610514248129338924223474348367071225647334932636 0 0 0 0 0 0 0 0 0 0 0 0 0 0 0 0 0 0 0 1 0 0 0 0 0 0 0 0 0 0 0 0 0 0 0 0 0 0 0 0 0]
[817111247506333113266375519612378243548337883579162622085452224184757903095281948803979229083659812037369326347991243081743142 0 0 0 0 0 0 0 0 0 0 0 0 0 0 0 0 0 0 0 0 1 0 0 0 0 0 0 0 0 0 0 0 0 0 0 0 0 0 0 0 0]
[467491814379972099131790098481553719496691814404187607773636934976880094968625389831924185624283462210195164825217093359545976 0 0 0 0 0 0 0 0 0 0 0 0 0 0 0 0 0 0 0 0 0 1 0 0 0 0 0 0 0 0 0 0 0 0 0 0 0 0 0 0 0]
[648299193468935840340218234480225004212767147112927350479498115265677544064826805140989238402791222142812298259006063021706360 0 0 0 0 0 0 0 0 0 0 0 0 0 0 0 0 0 0 0 0 0 0 1 0 0 0 0 0 0 0 0 0 0 0 0 0 0 0 0 0 0]
[131055849191858070046709198445361657218197451595362980463875818492075385903269911511490618773471535697207943563633507716524589 0 0 0 0 0 0 0 0 0 0 0 0 0 0 0 0 0 0 0 0 0 0 0 1 0 0 0 0 0 0 0 0 0 0 0 0 0 0 0 0 0]
[1036634887560924874014104425202986057628060438308578028505825547405500537904682165554312318801119327261608703578420432291208549 0 0 0 0 0 0 0 0 0 0 0 0 0 0 0 0 0 0 0 0 0 0 0 0 1 0 0 0 0 0 0 0 0 0 0 0 0 0 0 0 0]
[761156534275804381941564077434014067571414377237428707787925661243568383254855009152044212511100237338973612798784651707028866 0 0 0 0 0 0 0 0 0 0 0 0 0 0 0 0 0 0 0 0 0 0 0 0 0 1 0 0 0 0 0 0 0 0 0 0 0 0 0 0 0]
[571656024898115296171104317588577714552982111073614990484815150163165663546385788904831382760410849763593946346567816125181857 0 0 0 0 0 0 0 0 0 0 0 0 0 0 0 0 0 0 0 0 0 0 0 0 0 0 1 0 0 0 0 0 0 0 0 0 0 0 0 0 0]
[1133403128286713376999123706988812075959821064433872782979825845755782841400624215752626213442947997661526160645001963487197218 0 0 0 0 0 0 0 0 0 0 0 0 0 0 0 0 0 0 0 0 0 0 0 0 0 0 0 1 0 0 0 0 0 0 0 0 0 0 0 0 0]
[852202814093564498039780485195484267856428538237579910233626937659333255573340892712828470826286460390843460039220678145693898 0 0 0 0 0 0 0 0 0 0 0 0 0 0 0 0 0 0 0 0 0 0 0 0 0 0 0 0 1 0 0 0 0 0 0 0 0 0 0 0 0]
[1195351613915262157144733317000218106952671110414773810525401641257459869081233483297305162779137707742818606450811061398845938 0 0 0 0 0 0 0 0 0 0 0 0 0 0 0 0 0 0 0 0 0 0 0 0 0 0 0 0 0 1 0 0 0 0 0 0 0 0 0 0 0]
[381959407764460428268273155655291464684555395682757937063498977067615858768746944481098321735007422471400592227940545202074469 0 0 0 0 0 0 0 0 0 0 0 0 0 0 0 0 0 0 0 0 0 0 0 0 0 0 0 0 0 0 1 0 0 0 0 0 0 0 0 0 0]
[547091123248457292789523506468883853371197415080812235845807604153176156037200495844706587112030659249836907960742475834425960 0 0 0 0 0 0 0 0 0 0 0 0 0 0 0 0 0 0 0 0 0 0 0 0 0 0 0 0 0 0 0 1 0 0 0 0 0 0 0 0 0]
[473302454436782527832531766623949850988892841775574530118869103569268985851482495808273352770740597112096150494760900263997001 0 0 0 0 0 0 0 0 0 0 0 0 0 0 0 0 0 0 0 0 0 0 0 0 0 0 0 0 0 0 0 0 1 0 0 0 0 0 0 0 0]
[963201149023374712649368933343145462285462171694506193463918632942782847460491161923302654273896089575430767046829188049008628 0 0 0 0 0 0 0 0 0 0 0 0 0 0 0 0 0 0 0 0 0 0 0 0 0 0 0 0 0 0 0 0 0 1 0 0 0 0 0 0 0]
[699826353569964466777204757317220557126577604171255656587274360130250267571652009318706225660611372245962212262924351543855258 0 0 0 0 0 0 0 0 0 0 0 0 0 0 0 0 0 0 0 0 0 0 0 0 0 0 0 0 0 0 0 0 0 0 1 0 0 0 0 0 0]
[19805453054327933905873671037341498475726220198963327156970422794636892310620196091866451592867118766720799734146299509802573 0 0 0 0 0 0 0 0 0 0 0 0 0 0 0 0 0 0 0 0 0 0 0 0 0 0 0 0 0 0 0 0 0 0 0 1 0 0 0 0 0]
[1268500185101300527313207846622620135027055007958787025490525816024076611816085319550098126914529488059070761868161394442203667 0 0 0 0 0 0 0 0 0 0 0 0 0 0 0 0 0 0 0 0 0 0 0 0 0 0 0 0 0 0 0 0 0 0 0 0 1 0 0 0 0]
[470832382396467962118236443388108635542777844113882554886322096853628473316542570628041355416996155821683741430358405614447538 0 0 0 0 0 0 0 0 0 0 0 0 0 0 0 0 0 0 0 0 0 0 0 0 0 0 0 0 0 0 0 0 0 0 0 0 0 1 0 0 0]
[1138578896990256286478003977170146976229367080521014508072889618181622571869932987996940732417107861040009338069216147920530742 0 0 0 0 0 0 0 0 0 0 0 0 0 0 0 0 0 0 0 0 0 0 0 0 0 0 0 0 0 0 0 0 0 0 0 0 0 0 1 0 0]
[1054495088717039800859775236511985221273522496260833641307422326857944815913333743492158567485111330734697257239703555834657841 0 0 0 0 0 0 0 0 0 0 0 0 0 0 0 0 0 0 0 0 0 0 0 0 0 0 0 0 0 0 0 0 0 0 0 0 0 0 0 1 0]
[222045637810050849829246507839204559769860492368715745573184147171651421890779352147815259517080594896221942529373966033205177 0 0 0 0 0 0 0 0 0 0 0 0 0 0 0 0 0 0 0 0 0 0 0 0 0 0 0 0 0 0 0 0 0 0 0 0 0 0 0 0 1]
]
42 43 7
[1 1 1 1 1 1 1 1 1 1 1 1 1 1 1 1 1 1 1 1 1 1 1 1 1 1 1 1 1 1 1 1 1 1 1 1 1 1 1 1 1 1 1]
