[[1521181615882795814368620735798650525374837646145185937818443476788914152589915576063675260560849853890692116378133552525429543 0 0 0 0 0 0 0 0 0 0 0 0 0 0 0 0 0 0 0 0 0 0 0 0 0 0 0 0 0 0 0 0 0 0 0 0 0 0 0 0 0]
[1349304951765189477762734855013386285188463503834679007275155648197660201740760315138061281834473575270555291916342038259600875 1 0 0 0 0 0 0 0 0 0 0 0 0 0 0 0 0 0 0 0 0 0 0 0 0 0 0 0 0 0 0 0 0 0 0 0 0 0 0 0 0]
[249535076144996526570971215289949788129409867448344614914158694252323557718908310105033991408893343251112928455055705501226404 0 1 0 0 0 0 0 0 0 0 0 0 0 0 0 0 0 0 0 0 0 0 0 0 0 0 0 0 0 0 0 0 0 0 0 0 0 0 0 0 0]
[922908385010275701097607879253069097839522014241784541891030475824118174203262664937014144803152855089788850664045251948666648 0 0 1 0 0 0 0 0 0 0 0 0 0 0 0 0 0 0 0 0 0 0 0 0 0 0 0 0 0 0 0 0 0 0 0 0 0 0 0 0 0]
[580037435212277914164960932266566697419451100851447701266269535502857350250976509111335749722547131340702482212803840712688403 0 0 0 1 0 0 0 0 0 0 0 0 0 0 0 0 0 0 0 0 0 0 0 0 0 0 0 0 0 0 0 0 0 0 0 0 0 0 0 0 0]
[523109736007154465641864296096388548067046549809434191320615646464283111489016878323747653700651805768832592277896965580637010 0 0 0 0 1 0 0 0 0 0 0 0 0 0 0 0 0 0 0 0 0 0 0 0 0 0 0 0 0 0 0 0 0 0 0 0 0 0 0 0 0]
[507109574009172392901751474778778698121310052847107287797633320444367022594425518789669933036066236486126637408383269933543351 0 0 0 0 0 1 0 0 0 0 0 0 0 0 0 0 0 0 0 0 0 0 0 0 0 0 0 0 0 0 0 0 0 0 0 0 0 0 0 0 0]
[1107878462428435219296067435470304529856827923939279190458107791637176551516781880377652807723768559747832967925503606006901733 0 0 0 0 0 0 1 0 0 0 0 0 0 0 0 0 0 0 0 0 0 0 0 0 0 0 0 0 0 0 0 0 0 0 0 0 0 0 0 0 0]
[395415193528698204869793731346477624039626737649432274731070528340243858740290431452168286700022389936488915643153839730339654 0 0 0 0 0 0 0 1 0 0 0 0 0 0 0 0 0 0 0 0 0 0 0 0 0 0 0 0 0 0 0 0 0 0 0 0 0 0 0 0 0]
[978945341932990693812795257720902754839640032953886932861596430189560978236687990867975165366150396674086002706386742460352653 0 0 0 0 0 0 0 0 1 0 0 0 0 0 0 0 0 0 0 0 0 0 0 0 0 0 0 0 0 0 0 0 0 0 0 0 0 0 0 0 0]
[760817395835879619440816556814837236263466655306083802653330505030270719967579669933505095063462081561982971615616320880734278 0 0 0 0 0 0 0 0 0 1 0 0 0 0 0 0 0 0 0 0 0 0 0 0 0 0 0 0 0 0 0 0 0 0 0 0 0 0 0 0 0]
[1040661765756717296310806657203118495385143867843913471887898639318546327986577743308415874636179683906068077215085219155567615 0 0 0 0 0 0 0 0 0 0 1 0 0 0 0 0 0 0 0 0 0 0 0 0 0 0 0 0 0 0 0 0 0 0 0 0 0 0 0 0 0]
[435073226693741592740327301454777403042297973945521175350390714327547819247953664962961001715123387845736239434664567651962281 0 0 0 0 0 0 0 0 0 0 0 1 0 0 0 0 0 0 0 0 0 0 0 0 0 0 0 0 0 0 0 0 0 0 0 0 0 0 0 0 0]
[935948812282241344653806414674961765900305406677300093969581167420643656362526540647335900399483356652656781189244151382306701 0 0 0 0 0 0 0 0 0 0 0 0 1 0 0 0 0 0 0 0 0 0 0 0 0 0 0 0 0 0 0 0 0 0 0 0 0 0 0 0 0]
[523574912826425763052805599003927104980262039837015502037039228334917316026314079110458019495629595752802413837561124345177010 0 0 0 0 0 0 0 0 0 0 0 0 0 1 0 0 0 0 0 0 0 0 0 0 0 0 0 0 0 0 0 0 0 0 0 0 0 0 0 0 0]
[1491547859044616661173535401048963321598169328331103557583999617023172876645156162793107221218664131773520535330057724847735778 0 0 0 0 0 0 0 0 0 0 0 0 0 0 1 0 0 0 0 0 0 0 0 0 0 0 0 0 0 0 0 0 0 0 0 0 0 0 0 0 0]
[186768270064135009995246408098432232015436339203813933510111215310677363501788378592881706603636984225136109207702856532215291 0 0 0 0 0 0 0 0 0 0 0 0 0 0 0 1 0 0 0 0 0 0 0 0 0 0 0 0 0 0 0 0 0 0 0 0 0 0 0 0 0]
[896191887964232260981730025009046433868833854319289105839219163174534790966282668064204413770038032835827135011597885740424750 0 0 0 0 0 0 0 0 0 0 0 0 0 0 0 0 1 0 0 0 0 0 0 0 0 0 0 0 0 0 0 0 0 0 0 0 0 0 0 0 0]
[381066812659732325571753740711346534772341870977045248256305226852228821323810410489510566859066350610876557372642911490933893 0 0 0 0 0 0 0 0 0 0 0 0 0 0 0 0 0 1 0 0 0 0 0 0 0 0 0 0 0 0 0 0 0 0 0 0 0 0 0 0 0]
[13056737557561706874616466492904402006799284246712398991242838710490223952115182268500629657651101571801754031730025487420746 0 0 0 0 0 0 0 0 0 0 0 0 0 0 0 0 0 0 1 0 0 0 0 0 0 0 0 0 0 0 0 0 0 0 0 0 0 0 0 0 0]
[1431386523486785020184598080687251496345614384700636782497541499188741613341573354809890050827120925673435747538764700391442351 0 0 0 0 0 0 0 0 0 0 0 0 0 0 0 0 0 0 0 1 0 0 0 0 0 0 0 0 0 0 0 0 0 0 0 0 0 0 0 0 0]
[160080398031470411553160595320977921669349762109337489407830943083514320492825160902365381488119716475742476061484741949713200 0 0 0 0 0 0 0 0 0 0 0 0 0 0 0 0 0 0 0 0 1 0 0 0 0 0 0 0 0 0 0 0 0 0 0 0 0 0 0 0 0]
[74539484121215451452065143418735515020677453920101773280180551055410594632423693223191280468956584570028576857620516412420173 0 0 0 0 0 0 0 0 0 0 0 0 0 0 0 0 0 0 0 0 0 1 0 0 0 0 0 0 0 0 0 0 0 0 0 0 0 0 0 0 0]
[245841656387875211763017941769655092481123755665889738597925052943007575246952085480529479165257094167369921627918289756332482 0 0 0 0 0 0 0 0 0 0 0 0 0 0 0 0 0 0 0 0 0 0 1 0 0 0 0 0 0 0 0 0 0 0 0 0 0 0 0 0 0]
[123479313335761469823116326873082110738413933338937214007530753832450627643221679318441558760837180070715882951268385518163680 0 0 0 0 0 0 0 0 0 0 0 0 0 0 0 0 0 0 0 0 0 0 0 1 0 0 0 0 0 0 0 0 0 0 0 0 0 0 0 0 0]
[1044031261684831945261741859719115549707683126931248284538199345508167037278848135524289347086565916645208902503557281515717789 0 0 0 0 0 0 0 0 0 0 0 0 0 0 0 0 0 0 0 0 0 0 0 0 1 0 0 0 0 0 0 0 0 0 0 0 0 0 0 0 0]
[782189573617896315465215822636447797951972825603023847299473752763632197901575969630666966772354344289381344689138532139249696 0 0 0 0 0 0 0 0 0 0 0 0 0 0 0 0 0 0 0 0 0 0 0 0 0 1 0 0 0 0 0 0 0 0 0 0 0 0 0 0 0]
[929503638145373573593173586141804485701795006304906857997350185616281613895034130103315456450308400567761484129517234688338843 0 0 0 0 0 0 0 0 0 0 0 0 0 0 0 0 0 0 0 0 0 0 0 0 0 0 1 0 0 0 0 0 0 0 0 0 0 0 0 0 0]
[1269964251658330840299197702741496177365289635566249732661702018121282237568345861007858102440442400550427648513717492225204032 0 0 0 0 0 0 0 0 0 0 0 0 0 0 0 0 0 0 0 0 0 0 0 0 0 0 0 1 0 0 0 0 0 0 0 0 0 0 0 0 0]
[664556106936810815361767446882656487145213556616073812409546669804032305421634914545436593322476303937718644287678274144387414 0 0 0 0 0 0 0 0 0 0 0 0 0 0 0 0 0 0 0 0 0 0 0 0 0 0 0 0 1 0 0 0 0 0 0 0 0 0 0 0 0]
[493036043461408981559120397725522829158812276898716648917998240285728610558894416112560532503226120840041743696492125147226427 0 0 0 0 0 0 0 0 0 0 0 0 0 0 0 0 0 0 0 0 0 0 0 0 0 0 0 0 0 1 0 0 0 0 0 0 0 0 0 0 0]
[1147003105978242945660307825361134062582080509744780433254710465865232185280891106753964787579275576959672039633832743912209955 0 0 0 0 0 0 0 0 0 0 0 0 0 0 0 0 0 0 0 0 0 0 0 0 0 0 0 0 0 0 1 0 0 0 0 0 0 0 0 0 0]
[223389480235335833557309162217457530704223844453105534777215658382460678149062374842324846118558135072567533602085000791855755 0 0 0 0 0 0 0 0 0 0 0 0 0 0 0 0 0 0 0 0 0 0 0 0 0 0 0 0 0 0 0 1 0 0 0 0 0 0 0 0 0]
[1181669205918070623085212029912139366970801728234470041554523565538285175110385245475874271198625301335755468320812806062933233 0 0 0 0 0 0 0 0 0 0 0 0 0 0 0 0 0 0 0 0 0 0 0 0 0 0 0 0 0 0 0 0 1 0 0 0 0 0 0 0 0]
[982056818271771241995720596142872871509261708219343026251493668933060755683157304780814975572404118546372397380566140769849052 0 0 0 0 0 0 0 0 0 0 0 0 0 0 0 0 0 0 0 0 0 0 0 0 0 0 0 0 0 0 0 0 0 1 0 0 0 0 0 0 0]
[938319432264156632636786067530852847473751771174367958136407998481953875371610461871374389659415876735943431807007913926398759 0 0 0 0 0 0 0 0 0 0 0 0 0 0 0 0 0 0 0 0 0 0 0 0 0 0 0 0 0 0 0 0 0 0 1 0 0 0 0 0 0]
[538254113045748564307553257314340129863962293745558005498252054305438816972508014239430955005360476100714187844902210853811434 0 0 0 0 0 0 0 0 0 0 0 0 0 0 0 0 0 0 0 0 0 0 0 0 0 0 0 0 0 0 0 0 0 0 0 1 0 0 0 0 0]
[1185916499561212110807780023926229147969626445383247450339468265777863494076843986896806629772148803150098659359688026271104451 0 0 0 0 0 0 0 0 0 0 0 0 0 0 0 0 0 0 0 0 0 0 0 0 0 0 0 0 0 0 0 0 0 0 0 0 1 0 0 0 0]
[1111362461905410432500726690504054687486870448514620736071651489572224033797689792447674502228415475323684845613271532949006020 0 0 0 0 0 0 0 0 0 0 0 0 0 0 0 0 0 0 0 0 0 0 0 0 0 0 0 0 0 0 0 0 0 0 0 0 0 1 0 0 0]
[944806121938273293748531450699839477103012934130450245122476175531339167752027530392624302704825466690718490339986089067642369 0 0 0 0 0 0 0 0 0 0 0 0 0 0 0 0 0 0 0 0 0 0 0 0 0 0 0 0 0 0 0 0 0 0 0 0 0 0 1 0 0]
[1155462095544690456426797772651708979737616922077270607254217818622339484238446128728284263095411983155822782627749210052441908 0 0 0 0 0 0 0 0 0 0 0 0 0 0 0 0 0 0 0 0 0 0 0 0 0 0 0 0 0 0 0 0 0 0 0 0 0 0 0 1 0]
[316480475728888291875759741546666117238147402729549053511894564111688159925166379975502687900229880348925657564392257974596842 0 0 0 0 0 0 0 0 0 0 0 0 0 0 0 0 0 0 0 0 0 0 0 0 0 0 0 0 0 0 0 0 0 0 0 0 0 0 0 0 1]
]
42 43 4
[1 1 1 1 1 1 1 1 1 1 1 1 1 1 1 1 1 1 1 1 1 1 1 1 1 1 1 1 1 1 1 1 1 1 1 1 1 1 1 1 1 1 1]
