[[1927074723730594265364669833250889773560329668478618048398905381263932937307593940019955134310817754269648052731174431829555561 0 0 0 0 0 0 0 0 0 0 0 0 0 0 0 0 0 0 0 0 0 0 0 0 0 0 0 0 0 0 0 0 0 0 0 0 0 0 0 0 0]
[1525283031892240869006352799161636150706035309956090305324750605489630316863761059249689731208583462501689271212274316301746954 1 0 0 0 0 0 0 0 0 0 0 0 0 0 0 0 0 0 0 0 0 0 0 0 0 0 0 0 0 0 0 0 0 0 0 0 0 0 0 0 0]
[442953441645603794061267494616594838579497847218805703937870485390706089711602802182893845812943441126976840386504531473611246 0 1 0 0 0 0 0 0 0 0 0 0 0 0 0 0 0 0 0 0 0 0 0 0 0 0 0 0 0 0 0 0 0 0 0 0 0 0 0 0 0]
[1049237095505772864167682236407182815326524201245177542350652199022566015506043646497349469518588862628125939521862040855851589 0 0 1 0 0 0 0 0 0 0 0 0 0 0 0 0 0 0 0 0 0 0 0 0 0 0 0 0 0 0 0 0 0 0 0 0 0 0 0 0 0]
[1509265064620820769035140529659179709344603626717181489750919435645614320173170454174284303304464252987390401078822568973375623 0 0 0 1 0 0 0 0 0 0 0 0 0 0 0 0 0 0 0 0 0 0 0 0 0 0 0 0 0 0 0 0 0 0 0 0 0 0 0 0 0]
[1754543140354197130077488182614280915589561076082310569014175791771797530419874503166827030726865942804709364346839216608835676 0 0 0 0 1 0 0 0 0 0 0 0 0 0 0 0 0 0 0 0 0 0 0 0 0 0 0 0 0 0 0 0 0 0 0 0 0 0 0 0 0]
[1849779944370110739068228080699292034045965177609240652949754739703820607176201776381361087967344596796255742906614118962811634 0 0 0 0 0 1 0 0 0 0 0 0 0 0 0 0 0 0 0 0 0 0 0 0 0 0 0 0 0 0 0 0 0 0 0 0 0 0 0 0 0]
[617085098781940912220647089967620512695541433101662882275537696059841597179076752159628331271465450470006478789626221488129349 0 0 0 0 0 0 1 0 0 0 0 0 0 0 0 0 0 0 0 0 0 0 0 0 0 0 0 0 0 0 0 0 0 0 0 0 0 0 0 0 0]
[271902772316774511361447551158137704941149374065703030294270112133188353834336641033028720617901774230693088812284877091588965 0 0 0 0 0 0 0 1 0 0 0 0 0 0 0 0 0 0 0 0 0 0 0 0 0 0 0 0 0 0 0 0 0 0 0 0 0 0 0 0 0]
[851554302471134903290275293279228684114068368043457075501851529426318484249576143475782820037270211475926544009653994054774576 0 0 0 0 0 0 0 0 1 0 0 0 0 0 0 0 0 0 0 0 0 0 0 0 0 0 0 0 0 0 0 0 0 0 0 0 0 0 0 0 0]
[909015780318389134864236889321977638555352505635649746537578987999485333569938005133986770904785026839789094934853580820228777 0 0 0 0 0 0 0 0 0 1 0 0 0 0 0 0 0 0 0 0 0 0 0 0 0 0 0 0 0 0 0 0 0 0 0 0 0 0 0 0 0]
[1076228688975964929717046000256626801426983779611725211235790874577215449321532242618957550143812898050300906412717407221211162 0 0 0 0 0 0 0 0 0 0 1 0 0 0 0 0 0 0 0 0 0 0 0 0 0 0 0 0 0 0 0 0 0 0 0 0 0 0 0 0 0]
[1447992261505080480198432310595043556348990975418472811031715518320296098136959542774992301656497190148646755782862805449602509 0 0 0 0 0 0 0 0 0 0 0 1 0 0 0 0 0 0 0 0 0 0 0 0 0 0 0 0 0 0 0 0 0 0 0 0 0 0 0 0 0]
[1646915190684922645714753264985441604460824831527641351798452523336046060285457749200858848543672000029822955180917189660874359 0 0 0 0 0 0 0 0 0 0 0 0 1 0 0 0 0 0 0 0 0 0 0 0 0 0 0 0 0 0 0 0 0 0 0 0 0 0 0 0 0]
[1180576286241389598790133753901824610945615292779220446169173429551064877657106350950652739614713543347736719221596707037669564 0 0 0 0 0 0 0 0 0 0 0 0 0 1 0 0 0 0 0 0 0 0 0 0 0 0 0 0 0 0 0 0 0 0 0 0 0 0 0 0 0]
[382097298815173344669575494343078999858367646158681281881073975043138253836519164514909659315899721137122464914302206691999893 0 0 0 0 0 0 0 0 0 0 0 0 0 0 1 0 0 0 0 0 0 0 0 0 0 0 0 0 0 0 0 0 0 0 0 0 0 0 0 0 0]
[1083756357045381007224518660506159955507032403205118747822613677102534987973351726408436758277281158865712433152434103378986381 0 0 0 0 0 0 0 0 0 0 0 0 0 0 0 1 0 0 0 0 0 0 0 0 0 0 0 0 0 0 0 0 0 0 0 0 0 0 0 0 0]
[1452596357361212429940546080743051933634557171279741699602156628172046849903979424263915490109865733583533067996452651963811717 0 0 0 0 0 0 0 0 0 0 0 0 0 0 0 0 1 0 0 0 0 0 0 0 0 0 0 0 0 0 0 0 0 0 0 0 0 0 0 0 0]
[1743045042000646004829600690155652048004572083069644791536666631522597867064611372284619074191676676971736484310426380287869350 0 0 0 0 0 0 0 0 0 0 0 0 0 0 0 0 0 1 0 0 0 0 0 0 0 0 0 0 0 0 0 0 0 0 0 0 0 0 0 0 0]
[1362125509929467488391089781434268518270274462664363340974826185733725662882141109474856080064975241105727236284021122320008704 0 0 0 0 0 0 0 0 0 0 0 0 0 0 0 0 0 0 1 0 0 0 0 0 0 0 0 0 0 0 0 0 0 0 0 0 0 0 0 0 0]
[95194157405913122850457337041236890289443369844297706040413881296049466514548839826759555306240291646804175646212389064306256 0 0 0 0 0 0 0 0 0 0 0 0 0 0 0 0 0 0 0 1 0 0 0 0 0 0 0 0 0 0 0 0 0 0 0 0 0 0 0 0 0]
[1431016635466779105949768050623284711480875130957314743412826486788536471707596588852095491713184852703179574394001590830938465 0 0 0 0 0 0 0 0 0 0 0 0 0 0 0 0 0 0 0 0 1 0 0 0 0 0 0 0 0 0 0 0 0 0 0 0 0 0 0 0 0]
[365645898169815565818689453805677144331412356953388045884079077581164798011640056050827842193503329791786715701421104350257821 0 0 0 0 0 0 0 0 0 0 0 0 0 0 0 0 0 0 0 0 0 1 0 0 0 0 0 0 0 0 0 0 0 0 0 0 0 0 0 0 0]
[388848772949621003996390309353367885001343873124379303058729682440668423712856340506332668032992948872239262277264375814838181 0 0 0 0 0 0 0 0 0 0 0 0 0 0 0 0 0 0 0 0 0 0 1 0 0 0 0 0 0 0 0 0 0 0 0 0 0 0 0 0 0]
[1456635249791146585457713960434634128371849631660510986801299426017356718051539203192110201644021614523172014587374001601159298 0 0 0 0 0 0 0 0 0 0 0 0 0 0 0 0 0 0 0 0 0 0 0 1 0 0 0 0 0 0 0 0 0 0 0 0 0 0 0 0 0]
[1672190079857815196571178118409518406499433456441966281948706130282591378998930240435360246746543872584564773027144609787529308 0 0 0 0 0 0 0 0 0 0 0 0 0 0 0 0 0 0 0 0 0 0 0 0 1 0 0 0 0 0 0 0 0 0 0 0 0 0 0 0 0]
[271348838243141584886901619346712320032357823247161996401504313650536055170595017519628063563147126506013011750635170758912608 0 0 0 0 0 0 0 0 0 0 0 0 0 0 0 0 0 0 0 0 0 0 0 0 0 1 0 0 0 0 0 0 0 0 0 0 0 0 0 0 0]
[1678342258854168246808445620959547072829367649341285769212124953971905719288504150063001924153545369906140491582264734324301764 0 0 0 0 0 0 0 0 0 0 0 0 0 0 0 0 0 0 0 0 0 0 0 0 0 0 1 0 0 0 0 0 0 0 0 0 0 0 0 0 0]
[475533837166377943006323537547322669282299959554439163399141153011834230327034662022984966133364116935383967141531661386680444 0 0 0 0 0 0 0 0 0 0 0 0 0 0 0 0 0 0 0 0 0 0 0 0 0 0 0 1 0 0 0 0 0 0 0 0 0 0 0 0 0]
[741684069182289794350065367914318163644718463442180800540111294891227765678025767073432774527602009455590458597140711389316429 0 0 0 0 0 0 0 0 0 0 0 0 0 0 0 0 0 0 0 0 0 0 0 0 0 0 0 0 1 0 0 0 0 0 0 0 0 0 0 0 0]
[1716435025777333675699003854587491948932341564573492574093894114134238320757168060637953428043492884862332275315500723959080113 0 0 0 0 0 0 0 0 0 0 0 0 0 0 0 0 0 0 0 0 0 0 0 0 0 0 0 0 0 1 0 0 0 0 0 0 0 0 0 0 0]
[1714849294287394378226033445937492124519247997940782408911109657145893918601007843918234810679001547386430042731213093250481555 0 0 0 0 0 0 0 0 0 0 0 0 0 0 0 0 0 0 0 0 0 0 0 0 0 0 0 0 0 0 1 0 0 0 0 0 0 0 0 0 0]
[1851814936767297468256240955451489754475794413551182712295696470884197283172455443216771044557481283468318206272809547411348246 0 0 0 0 0 0 0 0 0 0 0 0 0 0 0 0 0 0 0 0 0 0 0 0 0 0 0 0 0 0 0 1 0 0 0 0 0 0 0 0 0]
[361291726999138980969645391698228638839818829254242962469954935217736557465803539501635402949944651692745718153032725659582909 0 0 0 0 0 0 0 0 0 0 0 0 0 0 0 0 0 0 0 0 0 0 0 0 0 0 0 0 0 0 0 0 1 0 0 0 0 0 0 0 0]
[1557871512575631622500307540571841243326686148837558566965929783880212283217687262301216207535502938377245646832051855807869153 0 0 0 0 0 0 0 0 0 0 0 0 0 0 0 0 0 0 0 0 0 0 0 0 0 0 0 0 0 0 0 0 0 1 0 0 0 0 0 0 0]
[972524882860300551165604051718328386316869394294696618612095074282267749421149775549952030002267507488910888459198081134519766 0 0 0 0 0 0 0 0 0 0 0 0 0 0 0 0 0 0 0 0 0 0 0 0 0 0 0 0 0 0 0 0 0 0 1 0 0 0 0 0 0]
[316007542267061198628908186682687642035855400341062095882558164590904584839816684690111792222330606684921501651230436902102920 0 0 0 0 0 0 0 0 0 0 0 0 0 0 0 0 0 0 0 0 0 0 0 0 0 0 0 0 0 0 0 0 0 0 0 1 0 0 0 0 0]
[204328980485612893947830067600480519369612339148404767685523902398232467955301638441227975409511319220770707986821865084823677 0 0 0 0 0 0 0 0 0 0 0 0 0 0 0 0 0 0 0 0 0 0 0 0 0 0 0 0 0 0 0 0 0 0 0 0 1 0 0 0 0]
[222289304792319208179300930220762254058150175716951805930399957979447296129306825624276480564731618257051778737931627636691061 0 0 0 0 0 0 0 0 0 0 0 0 0 0 0 0 0 0 0 0 0 0 0 0 0 0 0 0 0 0 0 0 0 0 0 0 0 1 0 0 0]
[54077918774067137123692935752079508166532897171455745940068742505013751373681347691386397940536213285110346334772237144053314 0 0 0 0 0 0 0 0 0 0 0 0 0 0 0 0 0 0 0 0 0 0 0 0 0 0 0 0 0 0 0 0 0 0 0 0 0 0 1 0 0]
[370752384153266452603040962396429854673586624420644618963026081425499342817295241067148143852685631414099653670875858564105171 0 0 0 0 0 0 0 0 0 0 0 0 0 0 0 0 0 0 0 0 0 0 0 0 0 0 0 0 0 0 0 0 0 0 0 0 0 0 0 1 0]
[116770547122079555753321550949657378314759886350680646876037359062286361676453841789215939971171633607181310681264210175699094 0 0 0 0 0 0 0 0 0 0 0 0 0 0 0 0 0 0 0 0 0 0 0 0 0 0 0 0 0 0 0 0 0 0 0 0 0 0 0 0 1]
]
42 43 5
[1 1 1 1 1 1 1 1 1 1 1 1 1 1 1 1 1 1 1 1 1 1 1 1 1 1 1 1 1 1 1 1 1 1 1 1 1 1 1 1 1 1 1]
