[[1919199662719813939907128061561387731116348418785967001662725124362997192078335667202306928775303554042646002583713592837146119 0 0 0 0 0 0 0 0 0 0 0 0 0 0 0 0 0 0 0 0 0 0 0 0 0 0 0 0 0 0 0 0 0 0 0 0 0 0 0 0 0]
[814123404493328075619220598719148486114427986262865202577588847428331199360863427431358079627670920073119827466109280103592444 1 0 0 0 0 0 0 0 0 0 0 0 0 0 0 0 0 0 0 0 0 0 0 0 0 0 0 0 0 0 0 0 0 0 0 0 0 0 0 0 0]
[1235902002150238586962772209625341326352062321842683847619109709844946068427869189435495556617987622927208465439543334457324372 0 1 0 0 0 0 0 0 0 0 0 0 0 0 0 0 0 0 0 0 0 0 0 0 0 0 0 0 0 0 0 0 0 0 0 0 0 0 0 0 0]
[1264616039855139967200758628331260356139668028089807547812402640652583233769277706113041689454022102718952895525999789651373862 0 0 1 0 0 0 0 0 0 0 0 0 0 0 0 0 0 0 0 0 0 0 0 0 0 0 0 0 0 0 0 0 0 0 0 0 0 0 0 0 0]
[582595720393804295317155926685671071452717535595434847427325200490498738027454398407083201307878804389925853450793199056757554 0 0 0 1 0 0 0 0 0 0 0 0 0 0 0 0 0 0 0 0 0 0 0 0 0 0 0 0 0 0 0 0 0 0 0 0 0 0 0 0 0]
[632502714977145238671348041378427253902149142335431935750827251279755101951282861028996983535725524347262945141883037451392539 0 0 0 0 1 0 0 0 0 0 0 0 0 0 0 0 0 0 0 0 0 0 0 0 0 0 0 0 0 0 0 0 0 0 0 0 0 0 0 0 0]
[1426516192865523688659770796643308043837430545537303963650301029211601238028933325760948367784521447312586988229670370838827515 0 0 0 0 0 1 0 0 0 0 0 0 0 0 0 0 0 0 0 0 0 0 0 0 0 0 0 0 0 0 0 0 0 0 0 0 0 0 0 0 0]
[708889522493136614149779094317431402095453168835267049654923678306879021819067509185934546437314958036418529517050314603536462 0 0 0 0 0 0 1 0 0 0 0 0 0 0 0 0 0 0 0 0 0 0 0 0 0 0 0 0 0 0 0 0 0 0 0 0 0 0 0 0 0]
[855049079778203067566419612065929592187027127402193363790644543342242527834524366480229369820737417175131751089995511292016095 0 0 0 0 0 0 0 1 0 0 0 0 0 0 0 0 0 0 0 0 0 0 0 0 0 0 0 0 0 0 0 0 0 0 0 0 0 0 0 0 0]
[64655139800665331152885834373120708104007954356128593492676667198301063562622982691985396119282426909050699986843870619431255 0 0 0 0 0 0 0 0 1 0 0 0 0 0 0 0 0 0 0 0 0 0 0 0 0 0 0 0 0 0 0 0 0 0 0 0 0 0 0 0 0]
[1018986010284037580624997115531192748824067408378185280977717092656530767352199720114413143480847209191407446168562131925335342 0 0 0 0 0 0 0 0 0 1 0 0 0 0 0 0 0 0 0 0 0 0 0 0 0 0 0 0 0 0 0 0 0 0 0 0 0 0 0 0 0]
[1107072463503345520831334545127175464004325716930426042396251123861172494054855310815777320742000027059161417272690941770987210 0 0 0 0 0 0 0 0 0 0 1 0 0 0 0 0 0 0 0 0 0 0 0 0 0 0 0 0 0 0 0 0 0 0 0 0 0 0 0 0 0]
[1442641316074261531243760275221506378909190563435288847958950844423652628626498283106422010210681589619230804545152296982396078 0 0 0 0 0 0 0 0 0 0 0 1 0 0 0 0 0 0 0 0 0 0 0 0 0 0 0 0 0 0 0 0 0 0 0 0 0 0 0 0 0]
[1525346767522337225832326108404752453798237528838512940217493701107147984663027666600824487352512321715489988342476720547660048 0 0 0 0 0 0 0 0 0 0 0 0 1 0 0 0 0 0 0 0 0 0 0 0 0 0 0 0 0 0 0 0 0 0 0 0 0 0 0 0 0]
[1048806960153145288998110368621904160188884651529842553538823272835006648969817106373515198314384201101772502946960624043052902 0 0 0 0 0 0 0 0 0 0 0 0 0 1 0 0 0 0 0 0 0 0 0 0 0 0 0 0 0 0 0 0 0 0 0 0 0 0 0 0 0]
[455999611952675026007330529765575720980050917516880714335371923144471356945495647002168248786358250205689997136004628978614173 0 0 0 0 0 0 0 0 0 0 0 0 0 0 1 0 0 0 0 0 0 0 0 0 0 0 0 0 0 0 0 0 0 0 0 0 0 0 0 0 0]
[394134603168019074695579123196750950840095609048766660015237343479980789666115650687110066757920676391465134506389589132796576 0 0 0 0 0 0 0 0 0 0 0 0 0 0 0 1 0 0 0 0 0 0 0 0 0 0 0 0 0 0 0 0 0 0 0 0 0 0 0 0 0]
[1435094380338182454385488736584549216572623128527209722999968185463977286821118543046984941886706462456230412126433975594520537 0 0 0 0 0 0 0 0 0 0 0 0 0 0 0 0 1 0 0 0 0 0 0 0 0 0 0 0 0 0 0 0 0 0 0 0 0 0 0 0 0]
[50382182835663290121313034942419780838236375404106634719914180383809776125092647160293503407748562925719695456390738269366126 0 0 0 0 0 0 0 0 0 0 0 0 0 0 0 0 0 1 0 0 0 0 0 0 0 0 0 0 0 0 0 0 0 0 0 0 0 0 0 0 0]
[168609017843650676896935654950372808356027724321973508719953972284292626857236912092397124996116844794653450786362491156615678 0 0 0 0 0 0 0 0 0 0 0 0 0 0 0 0 0 0 1 0 0 0 0 0 0 0 0 0 0 0 0 0 0 0 0 0 0 0 0 0 0]
[528450550293786731934459462191475260101980230555701875429192598021791662742614134358976696901843947217425095229221764188714154 0 0 0 0 0 0 0 0 0 0 0 0 0 0 0 0 0 0 0 1 0 0 0 0 0 0 0 0 0 0 0 0 0 0 0 0 0 0 0 0 0]
[1338897855056802087572034589974059496878481784254348105797968305220987865574617997729853939112559331546263088064992697068706867 0 0 0 0 0 0 0 0 0 0 0 0 0 0 0 0 0 0 0 0 1 0 0 0 0 0 0 0 0 0 0 0 0 0 0 0 0 0 0 0 0]
[1006439747144583540339019012308557157767933606251184124334082828358892199113006632989000780917514935946488740321714278720163065 0 0 0 0 0 0 0 0 0 0 0 0 0 0 0 0 0 0 0 0 0 1 0 0 0 0 0 0 0 0 0 0 0 0 0 0 0 0 0 0 0]
[1306309572543799832406867702967929272547050387766913480446004787004836768873667696729774493709059517106528628289903795718119249 0 0 0 0 0 0 0 0 0 0 0 0 0 0 0 0 0 0 0 0 0 0 1 0 0 0 0 0 0 0 0 0 0 0 0 0 0 0 0 0 0]
[851258261061871094895744178168107721358010272139467600979358220688522526147386828221928185900982501587785250398168933345583775 0 0 0 0 0 0 0 0 0 0 0 0 0 0 0 0 0 0 0 0 0 0 0 1 0 0 0 0 0 0 0 0 0 0 0 0 0 0 0 0 0]
[1547698545353196218103060227526345758307375416111462970702141403047449460200016079861564681847726076975175879846284287850064738 0 0 0 0 0 0 0 0 0 0 0 0 0 0 0 0 0 0 0 0 0 0 0 0 1 0 0 0 0 0 0 0 0 0 0 0 0 0 0 0 0]
[1177986833601287647622324120695963388349507506018267351778538302764823941837927775695071657032987528557321308984030910540698835 0 0 0 0 0 0 0 0 0 0 0 0 0 0 0 0 0 0 0 0 0 0 0 0 0 1 0 0 0 0 0 0 0 0 0 0 0 0 0 0 0]
[754669043228316382700597581802525777903677811056380521173298635521894851418997468028018819335041502678911024394155105215900138 0 0 0 0 0 0 0 0 0 0 0 0 0 0 0 0 0 0 0 0 0 0 0 0 0 0 1 0 0 0 0 0 0 0 0 0 0 0 0 0 0]
[1579283832854517083300640525781238988128477547102625937643177252566600128919003803110739255612509326517445192263540012749559869 0 0 0 0 0 0 0 0 0 0 0 0 0 0 0 0 0 0 0 0 0 0 0 0 0 0 0 1 0 0 0 0 0 0 0 0 0 0 0 0 0]
[1034847161718112607988541359611569011980529416675351283185651129098742620959722908067537132821575724960703146676015115757392293 0 0 0 0 0 0 0 0 0 0 0 0 0 0 0 0 0 0 0 0 0 0 0 0 0 0 0 0 1 0 0 0 0 0 0 0 0 0 0 0 0]
[135054307247262020032975078273968654989364099284500578268412134688695579614900429685940492702895933961808384436585124492770936 0 0 0 0 0 0 0 0 0 0 0 0 0 0 0 0 0 0 0 0 0 0 0 0 0 0 0 0 0 1 0 0 0 0 0 0 0 0 0 0 0]
[1359753357849071461331686334654485812517374307549939427158149155201868987908989321001464014816174448817565203093365859594512243 0 0 0 0 0 0 0 0 0 0 0 0 0 0 0 0 0 0 0 0 0 0 0 0 0 0 0 0 0 0 1 0 0 0 0 0 0 0 0 0 0]
[1189437987706723270113979927231951263094894913966987402474185391194015857910458648303936971145709212971910496520025012213808994 0 0 0 0 0 0 0 0 0 0 0 0 0 0 0 0 0 0 0 0 0 0 0 0 0 0 0 0 0 0 0 1 0 0 0 0 0 0 0 0 0]
[1523688658320130448517545389177649314501929996003763491295541219577871803729474750305267082805266557981926841902704416724061436 0 0 0 0 0 0 0 0 0 0 0 0 0 0 0 0 0 0 0 0 0 0 0 0 0 0 0 0 0 0 0 0 1 0 0 0 0 0 0 0 0]
[1081985176832021883630302730997605149231882023978814250234850289611663114526440660335577252607820804190691131030876108991975808 0 0 0 0 0 0 0 0 0 0 0 0 0 0 0 0 0 0 0 0 0 0 0 0 0 0 0 0 0 0 0 0 0 1 0 0 0 0 0 0 0]
[646480681598652818070775102903718810267807601845301689305022922147968389075091130008719120702111666970490509551791530570595848 0 0 0 0 0 0 0 0 0 0 0 0 0 0 0 0 0 0 0 0 0 0 0 0 0 0 0 0 0 0 0 0 0 0 1 0 0 0 0 0 0]
[1429485100402212181552983997282027653017367275971871223821667820345498805749290240585588426130505512632056913838973702384978006 0 0 0 0 0 0 0 0 0 0 0 0 0 0 0 0 0 0 0 0 0 0 0 0 0 0 0 0 0 0 0 0 0 0 0 1 0 0 0 0 0]
[687706634565274874857515764979388693142751114191971788938324973195560195695860416888842424602275489753321052079281261297144451 0 0 0 0 0 0 0 0 0 0 0 0 0 0 0 0 0 0 0 0 0 0 0 0 0 0 0 0 0 0 0 0 0 0 0 0 1 0 0 0 0]
[1272550245555907214751403734222675341316084586213979564819667744038779108780685188351365098751078744346932243185072328610401450 0 0 0 0 0 0 0 0 0 0 0 0 0 0 0 0 0 0 0 0 0 0 0 0 0 0 0 0 0 0 0 0 0 0 0 0 0 1 0 0 0]
[205172405214395159998748043133734792525876723520784300384779343362366795733366605090507937205138813652396029141109004946777129 0 0 0 0 0 0 0 0 0 0 0 0 0 0 0 0 0 0 0 0 0 0 0 0 0 0 0 0 0 0 0 0 0 0 0 0 0 0 1 0 0]
[98660872845046202201007289345422367339459747121194047874474847861935179004360477279119780775146212600758984729765697195978495 0 0 0 0 0 0 0 0 0 0 0 0 0 0 0 0 0 0 0 0 0 0 0 0 0 0 0 0 0 0 0 0 0 0 0 0 0 0 0 1 0]
[1565566498254473148707349699329008910347280183886041415365903875444702209808066050863691223160669480025065088181408329199519953 0 0 0 0 0 0 0 0 0 0 0 0 0 0 0 0 0 0 0 0 0 0 0 0 0 0 0 0 0 0 0 0 0 0 0 0 0 0 0 0 1]
]
42 43 0
[1 1 1 1 1 1 1 1 1 1 1 1 1 1 1 1 1 1 1 1 1 1 1 1 1 1 1 1 1 1 1 1 1 1 1 1 1 1 1 1 1 1 1]
