[[1466904817956709652479657683899510742066600040761324128067252196655819794056045708554276096785149296635340209713761819642688223 0 0 0 0 0 0 0 0 0 0 0 0 0 0 0 0 0 0 0 0 0 0 0 0 0 0 0 0 0 0 0 0 0 0 0 0 0 0 0 0 0]
[907464859644948507425873208504135519871065924381180516995061043187865136209374152596384402435597383236139247160556120469505082 1 0 0 0 0 0 0 0 0 0 0 0 0 0 0 0 0 0 0 0 0 0 0 0 0 0 0 0 0 0 0 0 0 0 0 0 0 0 0 0 0]
[1060118444262541206920831869467729382890052834986243553954952733289835480778580159818013224460997256011227829425487186523732743 0 1 0 0 0 0 0 0 0 0 0 0 0 0 0 0 0 0 0 0 0 0 0 0 0 0 0 0 0 0 0 0 0 0 0 0 0 0 0 0 0]
[557250834033204093071604153117582603673814912014627113401847420116020626421852084823417334180746214743068820383286088336501044 0 0 1 0 0 0 0 0 0 0 0 0 0 0 0 0 0 0 0 0 0 0 0 0 0 0 0 0 0 0 0 0 0 0 0 0 0 0 0 0 0]
[937798970793830845816087863254159267777666103386021294183686835521219567284823368544539237820155894299193751747948214910928101 0 0 0 1 0 0 0 0 0 0 0 0 0 0 0 0 0 0 0 0 0 0 0 0 0 0 0 0 0 0 0 0 0 0 0 0 0 0 0 0 0]
[948680691709779360953742063463478234390007031995892697781646165822002289760806748626632731660249327953765935930678364221107303 0 0 0 0 1 0 0 0 0 0 0 0 0 0 0 0 0 0 0 0 0 0 0 0 0 0 0 0 0 0 0 0 0 0 0 0 0 0 0 0 0]
[842601249439442206974365413424288715299220187547360791622328296536456168383175172532800756748957204544591704892250238281855685 0 0 0 0 0 1 0 0 0 0 0 0 0 0 0 0 0 0 0 0 0 0 0 0 0 0 0 0 0 0 0 0 0 0 0 0 0 0 0 0 0]
[558861308120622679589628161167299465485352308275193836280047485633618448167014448392570459031728320565330383109381549664009028 0 0 0 0 0 0 1 0 0 0 0 0 0 0 0 0 0 0 0 0 0 0 0 0 0 0 0 0 0 0 0 0 0 0 0 0 0 0 0 0 0]
[785336264505658680527424714771024220081739117430188950021614662775960935393231543634669668138272192402500792400089755942817047 0 0 0 0 0 0 0 1 0 0 0 0 0 0 0 0 0 0 0 0 0 0 0 0 0 0 0 0 0 0 0 0 0 0 0 0 0 0 0 0 0]
[327236624522365083572461106382205352616633808098963218480987570884898800873720028853266388178404348768165847932508171695714246 0 0 0 0 0 0 0 0 1 0 0 0 0 0 0 0 0 0 0 0 0 0 0 0 0 0 0 0 0 0 0 0 0 0 0 0 0 0 0 0 0]
[536688881002962418955626853654508769583444376991458461359306156218624833691420531687996345009652908708072075760934569887907395 0 0 0 0 0 0 0 0 0 1 0 0 0 0 0 0 0 0 0 0 0 0 0 0 0 0 0 0 0 0 0 0 0 0 0 0 0 0 0 0 0]
[1296546213453789066796102512136163324899437861326693591818228789379307197775034507973579674797637084280327994411908713781343363 0 0 0 0 0 0 0 0 0 0 1 0 0 0 0 0 0 0 0 0 0 0 0 0 0 0 0 0 0 0 0 0 0 0 0 0 0 0 0 0 0]
[411934200394245045088236551959621878983297536157294315616787411129289155410690338578745797663819522100372872996900879848138494 0 0 0 0 0 0 0 0 0 0 0 1 0 0 0 0 0 0 0 0 0 0 0 0 0 0 0 0 0 0 0 0 0 0 0 0 0 0 0 0 0]
[1332150899849953252159676052237664966461007843359136536151564528053478020375123203498030688846440413371923011347450353823583327 0 0 0 0 0 0 0 0 0 0 0 0 1 0 0 0 0 0 0 0 0 0 0 0 0 0 0 0 0 0 0 0 0 0 0 0 0 0 0 0 0]
[299127400819096492188827561565576473014702531801774861191341504769809429439893643937151653938896391116734958087663932560636 0 0 0 0 0 0 0 0 0 0 0 0 0 1 0 0 0 0 0 0 0 0 0 0 0 0 0 0 0 0 0 0 0 0 0 0 0 0 0 0 0]
[460076142117169689541738489852710600393031053051227451972129860442194494772331220831955140301440821860566914507288569745772849 0 0 0 0 0 0 0 0 0 0 0 0 0 0 1 0 0 0 0 0 0 0 0 0 0 0 0 0 0 0 0 0 0 0 0 0 0 0 0 0 0]
[543889527589083558786287347381778035022175047287306088440656351488213726746516547452845634096737202404444160038313899230936076 0 0 0 0 0 0 0 0 0 0 0 0 0 0 0 1 0 0 0 0 0 0 0 0 0 0 0 0 0 0 0 0 0 0 0 0 0 0 0 0 0]
[106340171413114827892900280892575268977159654874562296414380892821680331318677600371003742328876452775196872798783184186763561 0 0 0 0 0 0 0 0 0 0 0 0 0 0 0 0 1 0 0 0 0 0 0 0 0 0 0 0 0 0 0 0 0 0 0 0 0 0 0 0 0]
[1010109971110601212051325773671514370781671538104521458519716697527896797275568457259523753296562124457514194253911607383927517 0 0 0 0 0 0 0 0 0 0 0 0 0 0 0 0 0 1 0 0 0 0 0 0 0 0 0 0 0 0 0 0 0 0 0 0 0 0 0 0 0]
[694437191520116213638949549730979667732379294971024865347407301436396494135410759196125512319353184953991884477319492224324442 0 0 0 0 0 0 0 0 0 0 0 0 0 0 0 0 0 0 1 0 0 0 0 0 0 0 0 0 0 0 0 0 0 0 0 0 0 0 0 0 0]
[533348213139791810529168554752103329133722417317529528144952143376326593157793482953582286514415488460853877815648131425133810 0 0 0 0 0 0 0 0 0 0 0 0 0 0 0 0 0 0 0 1 0 0 0 0 0 0 0 0 0 0 0 0 0 0 0 0 0 0 0 0 0]
[650454415965188404466467699309807982713153317674008602488401246877871480608162506740830254425382929523139018020024718997924465 0 0 0 0 0 0 0 0 0 0 0 0 0 0 0 0 0 0 0 0 1 0 0 0 0 0 0 0 0 0 0 0 0 0 0 0 0 0 0 0 0]
[135718723870307160221021180621071832232266245630273713159885239714639979941085216228550066723694615349804445936065198922493494 0 0 0 0 0 0 0 0 0 0 0 0 0 0 0 0 0 0 0 0 0 1 0 0 0 0 0 0 0 0 0 0 0 0 0 0 0 0 0 0 0]
[1106667329304528801290806074163565640943970423102889769239765667944367111036329207877645062460049908726466071073710012874587930 0 0 0 0 0 0 0 0 0 0 0 0 0 0 0 0 0 0 0 0 0 0 1 0 0 0 0 0 0 0 0 0 0 0 0 0 0 0 0 0 0]
[1276416801771902721608198364771197441145677974462836370814964751932975675396038363963374526466144738013878950255898739953322465 0 0 0 0 0 0 0 0 0 0 0 0 0 0 0 0 0 0 0 0 0 0 0 1 0 0 0 0 0 0 0 0 0 0 0 0 0 0 0 0 0]
[1044394229206102501438575826390600026486458966754811494323073953271075851776862346937898383028002118999520925890587853059939914 0 0 0 0 0 0 0 0 0 0 0 0 0 0 0 0 0 0 0 0 0 0 0 0 1 0 0 0 0 0 0 0 0 0 0 0 0 0 0 0 0]
[1074114419451013824342877968161778233952987117069750510306606676545784615424380803967079042750625800242840104558468431662095232 0 0 0 0 0 0 0 0 0 0 0 0 0 0 0 0 0 0 0 0 0 0 0 0 0 1 0 0 0 0 0 0 0 0 0 0 0 0 0 0 0]
[702344148820456051452315965922174865897877823600333553767476534479745244704347436000734030359536290419180992096239863458572591 0 0 0 0 0 0 0 0 0 0 0 0 0 0 0 0 0 0 0 0 0 0 0 0 0 0 1 0 0 0 0 0 0 0 0 0 0 0 0 0 0]
[2480122982083895558438706865829757695403477015370579750551055146237492471384043884926192584100006667422634504688308174722612 0 0 0 0 0 0 0 0 0 0 0 0 0 0 0 0 0 0 0 0 0 0 0 0 0 0 0 1 0 0 0 0 0 0 0 0 0 0 0 0 0]
[1078674505882969180183299191737054228668137356897269797082969789572251703554565030720043998133715966268989661208257930329345994 0 0 0 0 0 0 0 0 0 0 0 0 0 0 0 0 0 0 0 0 0 0 0 0 0 0 0 0 1 0 0 0 0 0 0 0 0 0 0 0 0]
[588680372850022576183011900154069852925170511138256226755858652578554040234162231757936661955520494043450485929659647002456403 0 0 0 0 0 0 0 0 0 0 0 0 0 0 0 0 0 0 0 0 0 0 0 0 0 0 0 0 0 1 0 0 0 0 0 0 0 0 0 0 0]
[971457329202255785450800761130387343249062532577175038848271244535680617351189947020834790885858527903162621675668587811572220 0 0 0 0 0 0 0 0 0 0 0 0 0 0 0 0 0 0 0 0 0 0 0 0 0 0 0 0 0 0 1 0 0 0 0 0 0 0 0 0 0]
[136193250789475560251343236556105931279463340927465998649062198976158759800307204054475671399824873478768649386200157854891049 0 0 0 0 0 0 0 0 0 0 0 0 0 0 0 0 0 0 0 0 0 0 0 0 0 0 0 0 0 0 0 1 0 0 0 0 0 0 0 0 0]
[977781427433523617264877376558307641664665627788079614033116109198258039154037085054314746572836658922455926536678932372188315 0 0 0 0 0 0 0 0 0 0 0 0 0 0 0 0 0 0 0 0 0 0 0 0 0 0 0 0 0 0 0 0 1 0 0 0 0 0 0 0 0]
[627834280891923784296888142973389621855228365609820734028691588369149586176129404415085501578769947054724728928419909198174933 0 0 0 0 0 0 0 0 0 0 0 0 0 0 0 0 0 0 0 0 0 0 0 0 0 0 0 0 0 0 0 0 0 1 0 0 0 0 0 0 0]
[1273338333963233272070042784780228665069009570258684118997009856495265002903248563949180957557843345061022923423174401074818073 0 0 0 0 0 0 0 0 0 0 0 0 0 0 0 0 0 0 0 0 0 0 0 0 0 0 0 0 0 0 0 0 0 0 1 0 0 0 0 0 0]
[437827428639156817233625064916018557172925404826032802957654830610173467301079224359321328095464308742711276365640778009215531 0 0 0 0 0 0 0 0 0 0 0 0 0 0 0 0 0 0 0 0 0 0 0 0 0 0 0 0 0 0 0 0 0 0 0 1 0 0 0 0 0]
[876031143186670473828757200768348480373081151393560085496821851610766611908166208594370499726229888248384931691140237976791797 0 0 0 0 0 0 0 0 0 0 0 0 0 0 0 0 0 0 0 0 0 0 0 0 0 0 0 0 0 0 0 0 0 0 0 0 1 0 0 0 0]
[335168973960145473915768809637573631329854285402578687767004728940156142889871747175393129273817393171884043608999598575774722 0 0 0 0 0 0 0 0 0 0 0 0 0 0 0 0 0 0 0 0 0 0 0 0 0 0 0 0 0 0 0 0 0 0 0 0 0 1 0 0 0]
[730662003421052227977522057451584221409621914558319404662673712670603438953371433620692450077329693066732327784409720005992704 0 0 0 0 0 0 0 0 0 0 0 0 0 0 0 0 0 0 0 0 0 0 0 0 0 0 0 0 0 0 0 0 0 0 0 0 0 0 1 0 0]
[269786816245334546905565694301841227906439243441132699490713726307731966461699760074067465875081136576911436970033935450801790 0 0 0 0 0 0 0 0 0 0 0 0 0 0 0 0 0 0 0 0 0 0 0 0 0 0 0 0 0 0 0 0 0 0 0 0 0 0 0 1 0]
[1110663918871487413871102378249012583658988242802354208632492922288581241153446059002731413435512505553017864040679797001766865 0 0 0 0 0 0 0 0 0 0 0 0 0 0 0 0 0 0 0 0 0 0 0 0 0 0 0 0 0 0 0 0 0 0 0 0 0 0 0 0 1]
]
42 43 9
[1 1 1 1 1 1 1 1 1 1 1 1 1 1 1 1 1 1 1 1 1 1 1 1 1 1 1 1 1 1 1 1 1 1 1 1 1 1 1 1 1 1 1]
