[[1483560534964617267783325789903851792111418063239950901786230967307558704360800012683192867469353070359032442752925139815828459 0 0 0 0 0 0 0 0 0 0 0 0 0 0 0 0 0 0 0 0 0 0 0 0 0 0 0 0 0 0 0 0 0 0 0 0 0 0 0 0 0]
[522067725386785713619485847127616423363875208287488521399535608001835437404629569037154655471284592688770598987591133351525708 1 0 0 0 0 0 0 0 0 0 0 0 0 0 0 0 0 0 0 0 0 0 0 0 0 0 0 0 0 0 0 0 0 0 0 0 0 0 0 0 0]
[204705000293691444897167479424898786285395050369649469005599376786912620840254732711929383029681634696543775844345277064805197 0 1 0 0 0 0 0 0 0 0 0 0 0 0 0 0 0 0 0 0 0 0 0 0 0 0 0 0 0 0 0 0 0 0 0 0 0 0 0 0 0]
[458103487429243250113024618949659737485783431871405306453045190043255642526293550276720177247573727473973266906777460782982213 0 0 1 0 0 0 0 0 0 0 0 0 0 0 0 0 0 0 0 0 0 0 0 0 0 0 0 0 0 0 0 0 0 0 0 0 0 0 0 0 0]
[1329904548027162983931330592679180015081598198548515939333192758649862837572061159991888063833197344767703923172066286061317224 0 0 0 1 0 0 0 0 0 0 0 0 0 0 0 0 0 0 0 0 0 0 0 0 0 0 0 0 0 0 0 0 0 0 0 0 0 0 0 0 0]
[970688703969689926815409340627802329302146291801542043914435323691131888315000675433646608607170398129541016071171090306423868 0 0 0 0 1 0 0 0 0 0 0 0 0 0 0 0 0 0 0 0 0 0 0 0 0 0 0 0 0 0 0 0 0 0 0 0 0 0 0 0 0]
[932289574728424684767584405358958374530733698678174297515563359854334454471067083014399795083275694951534297289589821027997820 0 0 0 0 0 1 0 0 0 0 0 0 0 0 0 0 0 0 0 0 0 0 0 0 0 0 0 0 0 0 0 0 0 0 0 0 0 0 0 0 0]
[113262537753946596308174765430502286594551893899380460196612363297584984628059116512813005273955108225129654654280950353723265 0 0 0 0 0 0 1 0 0 0 0 0 0 0 0 0 0 0 0 0 0 0 0 0 0 0 0 0 0 0 0 0 0 0 0 0 0 0 0 0 0]
[147868186909330021901881569293131051431870516915441317231264552093785749602847330312653674225061705207656162327260093518729884 0 0 0 0 0 0 0 1 0 0 0 0 0 0 0 0 0 0 0 0 0 0 0 0 0 0 0 0 0 0 0 0 0 0 0 0 0 0 0 0 0]
[209972488398280950333794867531134844432184879678898325292065468384392917791374266110795605558833457016134461104279762653947380 0 0 0 0 0 0 0 0 1 0 0 0 0 0 0 0 0 0 0 0 0 0 0 0 0 0 0 0 0 0 0 0 0 0 0 0 0 0 0 0 0]
[37555605902560330315991741176109404495276119916424164067373504379146755674862225382906318905062109679716450209250001921486269 0 0 0 0 0 0 0 0 0 1 0 0 0 0 0 0 0 0 0 0 0 0 0 0 0 0 0 0 0 0 0 0 0 0 0 0 0 0 0 0 0]
[1249894879841799283909260077988908195168911488009648181609550065393400571399882816357516611422569093493422728834850839302566830 0 0 0 0 0 0 0 0 0 0 1 0 0 0 0 0 0 0 0 0 0 0 0 0 0 0 0 0 0 0 0 0 0 0 0 0 0 0 0 0 0]
[921296775851786295915936372892750966913547478217111849687845116245841270709668520523508512584914000284723342048091078178511094 0 0 0 0 0 0 0 0 0 0 0 1 0 0 0 0 0 0 0 0 0 0 0 0 0 0 0 0 0 0 0 0 0 0 0 0 0 0 0 0 0]
[913020582145449596359639786933763483619024938366669082427274235394581085757340989193910486968786124162447993873816807253364533 0 0 0 0 0 0 0 0 0 0 0 0 1 0 0 0 0 0 0 0 0 0 0 0 0 0 0 0 0 0 0 0 0 0 0 0 0 0 0 0 0]
[146589512652600285197267952872751992638324122501107065200295874905201004661988521201007528587046127825714792371090413173608119 0 0 0 0 0 0 0 0 0 0 0 0 0 1 0 0 0 0 0 0 0 0 0 0 0 0 0 0 0 0 0 0 0 0 0 0 0 0 0 0 0]
[649918213934111315680638689620677238518041877674606628158975050358307879768488911634966036841980429837808015623171437480056014 0 0 0 0 0 0 0 0 0 0 0 0 0 0 1 0 0 0 0 0 0 0 0 0 0 0 0 0 0 0 0 0 0 0 0 0 0 0 0 0 0]
[360378395372381123568475539737250312298260657789283197784642407948595722714296166007061453344989229683246020304045195557556238 0 0 0 0 0 0 0 0 0 0 0 0 0 0 0 1 0 0 0 0 0 0 0 0 0 0 0 0 0 0 0 0 0 0 0 0 0 0 0 0 0]
[787635623608675584899495384026005130067298847936873468976272056270580003910339253692722068210031736737567903852567573724628461 0 0 0 0 0 0 0 0 0 0 0 0 0 0 0 0 1 0 0 0 0 0 0 0 0 0 0 0 0 0 0 0 0 0 0 0 0 0 0 0 0]
[250736746563177823784534913257128513104856439314519063676993165680551392221508382049054107027360000404581477070352959578842851 0 0 0 0 0 0 0 0 0 0 0 0 0 0 0 0 0 1 0 0 0 0 0 0 0 0 0 0 0 0 0 0 0 0 0 0 0 0 0 0 0]
[1153533575787464923246191627024352145875405536015953497634626353786218816609375361526640928536785413837164876741352802780015229 0 0 0 0 0 0 0 0 0 0 0 0 0 0 0 0 0 0 1 0 0 0 0 0 0 0 0 0 0 0 0 0 0 0 0 0 0 0 0 0 0]
[1214955913807212850258750698550280796901685363242376972046875624629267128955037252062517581548988253950638981604177475677840176 0 0 0 0 0 0 0 0 0 0 0 0 0 0 0 0 0 0 0 1 0 0 0 0 0 0 0 0 0 0 0 0 0 0 0 0 0 0 0 0 0]
[50689439871984231348966044907606285491939477635586641987810465561613905563968182830877981791796658039364297869955939133384287 0 0 0 0 0 0 0 0 0 0 0 0 0 0 0 0 0 0 0 0 1 0 0 0 0 0 0 0 0 0 0 0 0 0 0 0 0 0 0 0 0]
[1412257325570411589674342842175699423767645428692968830703596866485723606617104427800840510665039084910583655422118246639957632 0 0 0 0 0 0 0 0 0 0 0 0 0 0 0 0 0 0 0 0 0 1 0 0 0 0 0 0 0 0 0 0 0 0 0 0 0 0 0 0 0]
[1035658141573206878314989689046100975325511305302614396874975328411698975150018155651203221133854995867802796784115177704898895 0 0 0 0 0 0 0 0 0 0 0 0 0 0 0 0 0 0 0 0 0 0 1 0 0 0 0 0 0 0 0 0 0 0 0 0 0 0 0 0 0]
[427083136830196417295010138377891817329473264504437631836765002672242097633709072059572559292242790223348138497968377346538223 0 0 0 0 0 0 0 0 0 0 0 0 0 0 0 0 0 0 0 0 0 0 0 1 0 0 0 0 0 0 0 0 0 0 0 0 0 0 0 0 0]
[77501331961309596874773489645382622027428830504528115888286084371931489364142707298628975893400726395657957722697301075961936 0 0 0 0 0 0 0 0 0 0 0 0 0 0 0 0 0 0 0 0 0 0 0 0 1 0 0 0 0 0 0 0 0 0 0 0 0 0 0 0 0]
[298109498228918821382488277789216025805456087414030854255866088456619852107780285562981446121530181424065367743872401394331877 0 0 0 0 0 0 0 0 0 0 0 0 0 0 0 0 0 0 0 0 0 0 0 0 0 1 0 0 0 0 0 0 0 0 0 0 0 0 0 0 0]
[395229212950543794992088369375616219436042937302531686603100610847711180754431280595547829940335445068913979996672839734119379 0 0 0 0 0 0 0 0 0 0 0 0 0 0 0 0 0 0 0 0 0 0 0 0 0 0 1 0 0 0 0 0 0 0 0 0 0 0 0 0 0]
[867425586699546386402543777551620382642752144140009209640985331587909730148042424286780770816120479582694123826266706714638469 0 0 0 0 0 0 0 0 0 0 0 0 0 0 0 0 0 0 0 0 0 0 0 0 0 0 0 1 0 0 0 0 0 0 0 0 0 0 0 0 0]
[438056779251197179846880854679874771159625709195579565211090011542535823882660651192441152768673755365421293337105319854923450 0 0 0 0 0 0 0 0 0 0 0 0 0 0 0 0 0 0 0 0 0 0 0 0 0 0 0 0 1 0 0 0 0 0 0 0 0 0 0 0 0]
[263954304087567055105141432522894464040735990502043426962876709598053586941653859241806438763762559501774764123170211007943497 0 0 0 0 0 0 0 0 0 0 0 0 0 0 0 0 0 0 0 0 0 0 0 0 0 0 0 0 0 1 0 0 0 0 0 0 0 0 0 0 0]
[205986924038067594082928930655605291368646212073449538421331492180472542942245934416848113999733917680465425158389217103273018 0 0 0 0 0 0 0 0 0 0 0 0 0 0 0 0 0 0 0 0 0 0 0 0 0 0 0 0 0 0 1 0 0 0 0 0 0 0 0 0 0]
[383512990568600781557431301025047910135504527739284138519018665589013748831715059422483270673310074467121864629124110524458142 0 0 0 0 0 0 0 0 0 0 0 0 0 0 0 0 0 0 0 0 0 0 0 0 0 0 0 0 0 0 0 1 0 0 0 0 0 0 0 0 0]
[265266217258436645108613379515658843622494249028556751709004525282878011013508280535465933285535642636625437442204106200272752 0 0 0 0 0 0 0 0 0 0 0 0 0 0 0 0 0 0 0 0 0 0 0 0 0 0 0 0 0 0 0 0 1 0 0 0 0 0 0 0 0]
[411453142417631387123739013813076305041023484991332650961361432948917371997156844163169367405458867970807857593762424281581070 0 0 0 0 0 0 0 0 0 0 0 0 0 0 0 0 0 0 0 0 0 0 0 0 0 0 0 0 0 0 0 0 0 1 0 0 0 0 0 0 0]
[451632371654335923396983788824724886279359624906761935465633453852705335616147862698186494774354675164358224019608676149614126 0 0 0 0 0 0 0 0 0 0 0 0 0 0 0 0 0 0 0 0 0 0 0 0 0 0 0 0 0 0 0 0 0 0 1 0 0 0 0 0 0]
[971717445260176400262100962386463665357772534163049348411949704267130359281703968021046522301599969745853165200389823469158739 0 0 0 0 0 0 0 0 0 0 0 0 0 0 0 0 0 0 0 0 0 0 0 0 0 0 0 0 0 0 0 0 0 0 0 1 0 0 0 0 0]
[375734320563774209560875019332990041444307093274594613056568386449721280400082609618706554596920801155332057864137035751310879 0 0 0 0 0 0 0 0 0 0 0 0 0 0 0 0 0 0 0 0 0 0 0 0 0 0 0 0 0 0 0 0 0 0 0 0 1 0 0 0 0]
[495525092811018730936650417499054237955927609181917564841799013919164101595089234866453947639583626823142033118770551486968467 0 0 0 0 0 0 0 0 0 0 0 0 0 0 0 0 0 0 0 0 0 0 0 0 0 0 0 0 0 0 0 0 0 0 0 0 0 1 0 0 0]
[1060360601662900259860646114574101707922245840106125816429343838795598665984402762585343623571376856474467405754656168160608678 0 0 0 0 0 0 0 0 0 0 0 0 0 0 0 0 0 0 0 0 0 0 0 0 0 0 0 0 0 0 0 0 0 0 0 0 0 0 1 0 0]
[1316545977321767110039720552413843382148270182836334748239740776736816073258314956730359176261727806794808889081455877771725086 0 0 0 0 0 0 0 0 0 0 0 0 0 0 0 0 0 0 0 0 0 0 0 0 0 0 0 0 0 0 0 0 0 0 0 0 0 0 0 1 0]
[60562069643397451042741751801270962363303865290725158234315447293513801497081023472165428600838159649592409389531383814794903 0 0 0 0 0 0 0 0 0 0 0 0 0 0 0 0 0 0 0 0 0 0 0 0 0 0 0 0 0 0 0 0 0 0 0 0 0 0 0 0 1]
]
42 43 6
[1 1 1 1 1 1 1 1 1 1 1 1 1 1 1 1 1 1 1 1 1 1 1 1 1 1 1 1 1 1 1 1 1 1 1 1 1 1 1 1 1 1 1]
