[[1368518412805052504668682141121698980596150659905655792368895693066139988727577795885606182065133441128143820205554571075782091 0 0 0 0 0 0 0 0 0 0 0 0 0 0 0 0 0 0 0 0 0 0 0 0 0 0 0 0 0 0 0 0 0 0 0 0 0 0 0 0 0]
[602653914805822724697415849358499047029104563310773657228533840022755744040983903648978612290388753391411840029516337976664736 1 0 0 0 0 0 0 0 0 0 0 0 0 0 0 0 0 0 0 0 0 0 0 0 0 0 0 0 0 0 0 0 0 0 0 0 0 0 0 0 0]
[571530575959604981114564740490187547794228878236209681161299727428978021527616811485464379683578521671940223507491100178070359 0 1 0 0 0 0 0 0 0 0 0 0 0 0 0 0 0 0 0 0 0 0 0 0 0 0 0 0 0 0 0 0 0 0 0 0 0 0 0 0 0]
[1030535733414054732714943720665725489082282214532554758974600085436891201804721728103191589421668862947033941469282888352922281 0 0 1 0 0 0 0 0 0 0 0 0 0 0 0 0 0 0 0 0 0 0 0 0 0 0 0 0 0 0 0 0 0 0 0 0 0 0 0 0 0]
[537681386021423986904365339204283885451244229692049398586080490208587606526111293894348442262804539428978893190546148140557193 0 0 0 1 0 0 0 0 0 0 0 0 0 0 0 0 0 0 0 0 0 0 0 0 0 0 0 0 0 0 0 0 0 0 0 0 0 0 0 0 0]
[858263743411582475853027426992016928183329251894017408057627209881610799314410142891278187003829089119398144645681179741957341 0 0 0 0 1 0 0 0 0 0 0 0 0 0 0 0 0 0 0 0 0 0 0 0 0 0 0 0 0 0 0 0 0 0 0 0 0 0 0 0 0]
[1008429404801169754110941362599661847421013753589599430554342801272202913057805171111901634245149246155969735783349864320916801 0 0 0 0 0 1 0 0 0 0 0 0 0 0 0 0 0 0 0 0 0 0 0 0 0 0 0 0 0 0 0 0 0 0 0 0 0 0 0 0 0]
[951651431504065112607479005712739241987842038109448750402711679022068970484218615353767109019546335509698135687244666479468136 0 0 0 0 0 0 1 0 0 0 0 0 0 0 0 0 0 0 0 0 0 0 0 0 0 0 0 0 0 0 0 0 0 0 0 0 0 0 0 0 0]
[98708942209283184967632076859044627954054761748473282275681134656928489107386128034704335568324598084001121661483391529887085 0 0 0 0 0 0 0 1 0 0 0 0 0 0 0 0 0 0 0 0 0 0 0 0 0 0 0 0 0 0 0 0 0 0 0 0 0 0 0 0 0]
[990971983926072188376999337916354105285465640961008546919533877042601474576800267475175818370540318260254896558286826140721204 0 0 0 0 0 0 0 0 1 0 0 0 0 0 0 0 0 0 0 0 0 0 0 0 0 0 0 0 0 0 0 0 0 0 0 0 0 0 0 0 0]
[56030020108717129631780171579953982572393760506246068577918528149158059605755920453584125347694477177163607438497333018647887 0 0 0 0 0 0 0 0 0 1 0 0 0 0 0 0 0 0 0 0 0 0 0 0 0 0 0 0 0 0 0 0 0 0 0 0 0 0 0 0 0]
[122387996505519564583252420714570053416441248428678470348510953140331512262651386193802146724501266926603193357996197941548288 0 0 0 0 0 0 0 0 0 0 1 0 0 0 0 0 0 0 0 0 0 0 0 0 0 0 0 0 0 0 0 0 0 0 0 0 0 0 0 0 0]
[627919848488821599034223064949410768162854972751332298609044251479783854440560941068286724439997744197753986471867798097596944 0 0 0 0 0 0 0 0 0 0 0 1 0 0 0 0 0 0 0 0 0 0 0 0 0 0 0 0 0 0 0 0 0 0 0 0 0 0 0 0 0]
[848304525081648428184277550733220143839182365449228094477754792804554423820545243384569379262387564992935617893608447415298935 0 0 0 0 0 0 0 0 0 0 0 0 1 0 0 0 0 0 0 0 0 0 0 0 0 0 0 0 0 0 0 0 0 0 0 0 0 0 0 0 0]
[118751979877229142387663177750515608505548629101538376720510577955883814856116484067100109730898484427421948106884538993826132 0 0 0 0 0 0 0 0 0 0 0 0 0 1 0 0 0 0 0 0 0 0 0 0 0 0 0 0 0 0 0 0 0 0 0 0 0 0 0 0 0]
[804253938236732040938499394201167151097996727144063902463398723559876808949460807751341993599560070383282608626508667842237179 0 0 0 0 0 0 0 0 0 0 0 0 0 0 1 0 0 0 0 0 0 0 0 0 0 0 0 0 0 0 0 0 0 0 0 0 0 0 0 0 0]
[456354388118920537952808865177863058371032412033722953323658561101708482879401870738229495463213394762626938394334437139207316 0 0 0 0 0 0 0 0 0 0 0 0 0 0 0 1 0 0 0 0 0 0 0 0 0 0 0 0 0 0 0 0 0 0 0 0 0 0 0 0 0]
[520693684915981095176950434089454348007033841013118799664115616750525425088899739536378004609241059372859510504878363052616169 0 0 0 0 0 0 0 0 0 0 0 0 0 0 0 0 1 0 0 0 0 0 0 0 0 0 0 0 0 0 0 0 0 0 0 0 0 0 0 0 0]
[1225399044768909210175260454442606993813506391910383438741526194180145816495227307279410708820379782549442170175272190549107159 0 0 0 0 0 0 0 0 0 0 0 0 0 0 0 0 0 1 0 0 0 0 0 0 0 0 0 0 0 0 0 0 0 0 0 0 0 0 0 0 0]
[747318532976368167335201129458317302148552937337763817459479808452985005780529037502572703263299773283509740495789458727577966 0 0 0 0 0 0 0 0 0 0 0 0 0 0 0 0 0 0 1 0 0 0 0 0 0 0 0 0 0 0 0 0 0 0 0 0 0 0 0 0 0]
[1264148545680488819062092096421862759043663446246844554020036138759988968990785069277333131396796880665306460389459612141434969 0 0 0 0 0 0 0 0 0 0 0 0 0 0 0 0 0 0 0 1 0 0 0 0 0 0 0 0 0 0 0 0 0 0 0 0 0 0 0 0 0]
[616540931489402497435839717670777609924539834262901144482258033419032876296898199243875053589608033789060778578301846032062397 0 0 0 0 0 0 0 0 0 0 0 0 0 0 0 0 0 0 0 0 1 0 0 0 0 0 0 0 0 0 0 0 0 0 0 0 0 0 0 0 0]
[513580260472085488136117093350981242299397211680597269954334651740366047259199416473762832745216411851680998082257319662798899 0 0 0 0 0 0 0 0 0 0 0 0 0 0 0 0 0 0 0 0 0 1 0 0 0 0 0 0 0 0 0 0 0 0 0 0 0 0 0 0 0]
[622986877653025917806018113836512469397846806877454430074248276025493926772603001632189793200195814901481885488607033416198181 0 0 0 0 0 0 0 0 0 0 0 0 0 0 0 0 0 0 0 0 0 0 1 0 0 0 0 0 0 0 0 0 0 0 0 0 0 0 0 0 0]
[927652812660873395414667019554657000778358171514234358232889629869196598568836703559751532270088139435650089324014910349437371 0 0 0 0 0 0 0 0 0 0 0 0 0 0 0 0 0 0 0 0 0 0 0 1 0 0 0 0 0 0 0 0 0 0 0 0 0 0 0 0 0]
[1168773604681525173380897739673882767289564860151257719210659538560294652114221871611620313734498109076979397891876372847995619 0 0 0 0 0 0 0 0 0 0 0 0 0 0 0 0 0 0 0 0 0 0 0 0 1 0 0 0 0 0 0 0 0 0 0 0 0 0 0 0 0]
[667127679913352682217813134067044216822355461102657588244739695426196176790273877866452841446418034671590340853006523302347225 0 0 0 0 0 0 0 0 0 0 0 0 0 0 0 0 0 0 0 0 0 0 0 0 0 1 0 0 0 0 0 0 0 0 0 0 0 0 0 0 0]
[103606195396238350052575672576111392184425072029670022070701097330995455477239622354051618944716034336385952827065087195027587 0 0 0 0 0 0 0 0 0 0 0 0 0 0 0 0 0 0 0 0 0 0 0 0 0 0 1 0 0 0 0 0 0 0 0 0 0 0 0 0 0]
[480877787689511217475828843189710765316185703620009538969420278670633822501655245589315792139598700309664453362677018757546796 0 0 0 0 0 0 0 0 0 0 0 0 0 0 0 0 0 0 0 0 0 0 0 0 0 0 0 1 0 0 0 0 0 0 0 0 0 0 0 0 0]
[369310081118860161095504697549842893957372423553740366004644356099434591233345013726285038715639785604448074580090278065431035 0 0 0 0 0 0 0 0 0 0 0 0 0 0 0 0 0 0 0 0 0 0 0 0 0 0 0 0 1 0 0 0 0 0 0 0 0 0 0 0 0]
[94114165438020842936004672258406214482476570541846132677656812071994691538626764418281653769171837566650666315179751926982424 0 0 0 0 0 0 0 0 0 0 0 0 0 0 0 0 0 0 0 0 0 0 0 0 0 0 0 0 0 1 0 0 0 0 0 0 0 0 0 0 0]
[737898821205481795742019856592701209298643785929069165220420190658689359475153168012694555010027852323461054173326209275401616 0 0 0 0 0 0 0 0 0 0 0 0 0 0 0 0 0 0 0 0 0 0 0 0 0 0 0 0 0 0 1 0 0 0 0 0 0 0 0 0 0]
[1283229791310466898660750488692031995182082072796756447217444175025765991984783328925616634343597957709173114390337666654718844 0 0 0 0 0 0 0 0 0 0 0 0 0 0 0 0 0 0 0 0 0 0 0 0 0 0 0 0 0 0 0 1 0 0 0 0 0 0 0 0 0]
[296598239606925327544691574979185985085429699609718233393774872969183674317940933699182679210889119450393328317832624295308578 0 0 0 0 0 0 0 0 0 0 0 0 0 0 0 0 0 0 0 0 0 0 0 0 0 0 0 0 0 0 0 0 1 0 0 0 0 0 0 0 0]
[396375179893964738781068486118182885182878470068828902844111461514098260871152710049908915732296923192382208268395209562413344 0 0 0 0 0 0 0 0 0 0 0 0 0 0 0 0 0 0 0 0 0 0 0 0 0 0 0 0 0 0 0 0 0 1 0 0 0 0 0 0 0]
[57738684585957793657636901292128404977850808819608349350309938229351231724277097388895650637480908926929058397847728178088508 0 0 0 0 0 0 0 0 0 0 0 0 0 0 0 0 0 0 0 0 0 0 0 0 0 0 0 0 0 0 0 0 0 0 1 0 0 0 0 0 0]
[520054305673425145803295930127222600045844834551877157228935530223371232493316741401737151355538200680036549939484239693203800 0 0 0 0 0 0 0 0 0 0 0 0 0 0 0 0 0 0 0 0 0 0 0 0 0 0 0 0 0 0 0 0 0 0 0 1 0 0 0 0 0]
[273484136731966686967850846512281693741796622305739434448348981175059918598789530551423102871379503083811643253668821204287363 0 0 0 0 0 0 0 0 0 0 0 0 0 0 0 0 0 0 0 0 0 0 0 0 0 0 0 0 0 0 0 0 0 0 0 0 1 0 0 0 0]
[1018019025248027539988506468356736460419751826578782619135805640130217583087779705026764735725597283762027792628416709344898643 0 0 0 0 0 0 0 0 0 0 0 0 0 0 0 0 0 0 0 0 0 0 0 0 0 0 0 0 0 0 0 0 0 0 0 0 0 1 0 0 0]
[214051905448278713836870701884398905618843851551858046404434503458219406427192800925262303748772749412684960585968094362266974 0 0 0 0 0 0 0 0 0 0 0 0 0 0 0 0 0 0 0 0 0 0 0 0 0 0 0 0 0 0 0 0 0 0 0 0 0 0 1 0 0]
[830723936611513480131617234449841029139956948746156685083085616008182238116481064135343755123697066771259523287752144203748671 0 0 0 0 0 0 0 0 0 0 0 0 0 0 0 0 0 0 0 0 0 0 0 0 0 0 0 0 0 0 0 0 0 0 0 0 0 0 0 1 0]
[1252154695343107341055220116705986522185226283736217299209874321036803656163799829052721215936834065500230886282083775093912041 0 0 0 0 0 0 0 0 0 0 0 0 0 0 0 0 0 0 0 0 0 0 0 0 0 0 0 0 0 0 0 0 0 0 0 0 0 0 0 0 1]
]
42 43 3
[1 1 1 1 1 1 1 1 1 1 1 1 1 1 1 1 1 1 1 1 1 1 1 1 1 1 1 1 1 1 1 1 1 1 1 1 1 1 1 1 1 1 1]
