[[2809861368147123835630654989991268953348753953946779481638343534703922778389662578067628945238081245139041922264380565453301929301322631860193551932042036173737677944575073984975240312099961857 0 0 0 0 0 0 0 0 0 0 0 0 0 0 0 0 0 0 0 0 0 0 0 0 0 0 0 0 0 0 0 0 0 0 0 0 0 0 0 0 0 0 0 0 0 0 0 0 0 0 0 0 0 0 0 0 0 0 0 0 0 0 0]
[688447775170140394844008089773793429879583787692001604496372741885839894656332979503466401755216154615302120802438253699057995539259873226584232016990216685404446497132704251395590951856189505 1 0 0 0 0 0 0 0 0 0 0 0 0 0 0 0 0 0 0 0 0 0 0 0 0 0 0 0 0 0 0 0 0 0 0 0 0 0 0 0 0 0 0 0 0 0 0 0 0 0 0 0 0 0 0 0 0 0 0 0 0 0 0]
[24656186764730558930979092143527297919814147775405332559850365330717697525142632343219098363926036231221504673326232414210405219976581089537663260009470640543790971874481711220191905295007427 0 1 0 0 0 0 0 0 0 0 0 0 0 0 0 0 0 0 0 0 0 0 0 0 0 0 0 0 0 0 0 0 0 0 0 0 0 0 0 0 0 0 0 0 0 0 0 0 0 0 0 0 0 0 0 0 0 0 0 0 0 0 0]
[1811840961569787125121113988121918182849019352079459610377961696244649456809151096821987294635966175296566836890906499879508209432019255743852332526530562493039145273217134400172024001595289966 0 0 1 0 0 0 0 0 0 0 0 0 0 0 0 0 0 0 0 0 0 0 0 0 0 0 0 0 0 0 0 0 0 0 0 0 0 0 0 0 0 0 0 0 0 0 0 0 0 0 0 0 0 0 0 0 0 0 0 0 0 0 0]
[720763410349965143714054960159221563403773317967435710385529915586654194059287429420045021685208451573358468465662787451268383228833854942302070790398715603279880670145667874573047210515466348 0 0 0 1 0 0 0 0 0 0 0 0 0 0 0 0 0 0 0 0 0 0 0 0 0 0 0 0 0 0 0 0 0 0 0 0 0 0 0 0 0 0 0 0 0 0 0 0 0 0 0 0 0 0 0 0 0 0 0 0 0 0 0]
[2127405224640087568905672618951171226547573784954803179790866862149064956267102954896238828046982355233894946163471593466052798745578886634618035523334760603705092661456449413047023207583337524 0 0 0 0 1 0 0 0 0 0 0 0 0 0 0 0 0 0 0 0 0 0 0 0 0 0 0 0 0 0 0 0 0 0 0 0 0 0 0 0 0 0 0 0 0 0 0 0 0 0 0 0 0 0 0 0 0 0 0 0 0 0 0]
[931059987045517978793075776103118187121576155049049549455410057046780133620984163703847915753731584528298876403739280549183287771356714221439850598402733555424833131709164205895368029141710755 0 0 0 0 0 1 0 0 0 0 0 0 0 0 0 0 0 0 0 0 0 0 0 0 0 0 0 0 0 0 0 0 0 0 0 0 0 0 0 0 0 0 0 0 0 0 0 0 0 0 0 0 0 0 0 0 0 0 0 0 0 0 0]
[1325240518642563700232100197013424991546083482827274315969171360124794422466860761570383710610708455049589707470140931605237239462808232882205207641523253493622005749468693554454050383108079424 0 0 0 0 0 0 1 0 0 0 0 0 0 0 0 0 0 0 0 0 0 0 0 0 0 0 0 0 0 0 0 0 0 0 0 0 0 0 0 0 0 0 0 0 0 0 0 0 0 0 0 0 0 0 0 0 0 0 0 0 0 0 0]
[1572965372445468613430123869215417142247773760369290963542719751241449292941002439131550626642323032769076437129050963622414431787920087591032250365427093675289011707521161776775666338235173607 0 0 0 0 0 0 0 1 0 0 0 0 0 0 0 0 0 0 0 0 0 0 0 0 0 0 0 0 0 0 0 0 0 0 0 0 0 0 0 0 0 0 0 0 0 0 0 0 0 0 0 0 0 0 0 0 0 0 0 0 0 0 0]
[298271737082150499221076071006237800531149587219700879800323459837171273684760736604825390803156221308006758537479660265478941338944831497349604533911733657045203477095827951204231263052364620 0 0 0 0 0 0 0 0 1 0 0 0 0 0 0 0 0 0 0 0 0 0 0 0 0 0 0 0 0 0 0 0 0 0 0 0 0 0 0 0 0 0 0 0 0 0 0 0 0 0 0 0 0 0 0 0 0 0 0 0 0 0 0]
[1013326014840606201143899768191917512648933666267663793690129782540754059479633468972577239083905682012548099000232393616525335036617676711664250340859709330955459444878628315992130733527400032 0 0 0 0 0 0 0 0 0 1 0 0 0 0 0 0 0 0 0 0 0 0 0 0 0 0 0 0 0 0 0 0 0 0 0 0 0 0 0 0 0 0 0 0 0 0 0 0 0 0 0 0 0 0 0 0 0 0 0 0 0 0 0]
[186711530407410767734814684240837891227455545765284062742344163336628245575003759885192422465426918041353031102874328838205621669185886546986443219628181178216216923202648737056833066670245218 0 0 0 0 0 0 0 0 0 0 1 0 0 0 0 0 0 0 0 0 0 0 0 0 0 0 0 0 0 0 0 0 0 0 0 0 0 0 0 0 0 0 0 0 0 0 0 0 0 0 0 0 0 0 0 0 0 0 0 0 0 0 0]
[1975006461166341441620429276598316740222666912843164230555316094714635478191650154474969089849093328327917377657383074006156393704793044190411417645140975789512182573895102271969847329865004040 0 0 0 0 0 0 0 0 0 0 0 1 0 0 0 0 0 0 0 0 0 0 0 0 0 0 0 0 0 0 0 0 0 0 0 0 0 0 0 0 0 0 0 0 0 0 0 0 0 0 0 0 0 0 0 0 0 0 0 0 0 0 0]
[2166656893645191905307533372405970469682385073599942269160525270785395398129961067801462702176211847612290233870511783739796630925440121470964681891646556953544031325026752482517281590644390831 0 0 0 0 0 0 0 0 0 0 0 0 1 0 0 0 0 0 0 0 0 0 0 0 0 0 0 0 0 0 0 0 0 0 0 0 0 0 0 0 0 0 0 0 0 0 0 0 0 0 0 0 0 0 0 0 0 0 0 0 0 0 0]
[1797472553008176503190315450102824835160118875945113488959574572913457923722606844547253534081282836266127278973121500386874406642626625827870273723274585062751321710361010415729272013227781354 0 0 0 0 0 0 0 0 0 0 0 0 0 1 0 0 0 0 0 0 0 0 0 0 0 0 0 0 0 0 0 0 0 0 0 0 0 0 0 0 0 0 0 0 0 0 0 0 0 0 0 0 0 0 0 0 0 0 0 0 0 0 0]
[1173058832083636602896974947317329179811969094942120739486741878897034940224379773263331639124705445357637798426979749649277473584397079215019570673498911475785900431655803843117313100682034246 0 0 0 0 0 0 0 0 0 0 0 0 0 0 1 0 0 0 0 0 0 0 0 0 0 0 0 0 0 0 0 0 0 0 0 0 0 0 0 0 0 0 0 0 0 0 0 0 0 0 0 0 0 0 0 0 0 0 0 0 0 0 0]
[1615090036859450764131121196348667902661888489356134495999023307375767479250287621561054264390583167566616986750320441516071546967242938744379599993550179360839405345995983578457971453006135262 0 0 0 0 0 0 0 0 0 0 0 0 0 0 0 1 0 0 0 0 0 0 0 0 0 0 0 0 0 0 0 0 0 0 0 0 0 0 0 0 0 0 0 0 0 0 0 0 0 0 0 0 0 0 0 0 0 0 0 0 0 0 0]
[916358901665586363452243840671536072537831389846770335944609769597700171915019244344818224312453902961330713905555844526836265248487205006629674419131812525212612300372691804765046300235474045 0 0 0 0 0 0 0 0 0 0 0 0 0 0 0 0 1 0 0 0 0 0 0 0 0 0 0 0 0 0 0 0 0 0 0 0 0 0 0 0 0 0 0 0 0 0 0 0 0 0 0 0 0 0 0 0 0 0 0 0 0 0 0]
[1568395187968272017515292662038281603264026295836799849851211860914281120292871728344596606856922904199197092997414289290476431389540524640703060063807205078358832655095931381031602220718391367 0 0 0 0 0 0 0 0 0 0 0 0 0 0 0 0 0 1 0 0 0 0 0 0 0 0 0 0 0 0 0 0 0 0 0 0 0 0 0 0 0 0 0 0 0 0 0 0 0 0 0 0 0 0 0 0 0 0 0 0 0 0 0]
[994579728562872321332400833416145936920956002200168820917080157820345818838900214713814143427796681612966045602682697170910156003035469985682597026413618678245116113064215582585029009433749070 0 0 0 0 0 0 0 0 0 0 0 0 0 0 0 0 0 0 1 0 0 0 0 0 0 0 0 0 0 0 0 0 0 0 0 0 0 0 0 0 0 0 0 0 0 0 0 0 0 0 0 0 0 0 0 0 0 0 0 0 0 0 0]
[1410309583473996296982854012697528624128350046296815259088334383800068703297896389710262025466021331667795061625658559537016937968618189039036646094168597264655408842674909910997063238254226507 0 0 0 0 0 0 0 0 0 0 0 0 0 0 0 0 0 0 0 1 0 0 0 0 0 0 0 0 0 0 0 0 0 0 0 0 0 0 0 0 0 0 0 0 0 0 0 0 0 0 0 0 0 0 0 0 0 0 0 0 0 0 0]
[2238488163408108539062578064940254461151482777347980011659110220334197978407713679627742916612923983770365198978597230927150005396271053968414870222740267642241748064857756653660908303052658561 0 0 0 0 0 0 0 0 0 0 0 0 0 0 0 0 0 0 0 0 1 0 0 0 0 0 0 0 0 0 0 0 0 0 0 0 0 0 0 0 0 0 0 0 0 0 0 0 0 0 0 0 0 0 0 0 0 0 0 0 0 0 0]
[1533798450350632684368413536451939711290662042782310736087187482582852744669961913689969606993109185920148489278777048118748851257356745139003302925474437672561214778140368399706965625365114789 0 0 0 0 0 0 0 0 0 0 0 0 0 0 0 0 0 0 0 0 0 1 0 0 0 0 0 0 0 0 0 0 0 0 0 0 0 0 0 0 0 0 0 0 0 0 0 0 0 0 0 0 0 0 0 0 0 0 0 0 0 0 0]
[1612807848681105655330741338180507311138716758199293467489295249781208781252304273491352822818423743879371426853663550789975136382064401866751190702700422154942223541247792206828157523355661738 0 0 0 0 0 0 0 0 0 0 0 0 0 0 0 0 0 0 0 0 0 0 1 0 0 0 0 0 0 0 0 0 0 0 0 0 0 0 0 0 0 0 0 0 0 0 0 0 0 0 0 0 0 0 0 0 0 0 0 0 0 0 0]
[2519567102083619483566291625456211504307330880501977263694369728257934633827237581440813014021463799262283405489195847240962434594129055853746220097661867248253791143141909425268646264695835344 0 0 0 0 0 0 0 0 0 0 0 0 0 0 0 0 0 0 0 0 0 0 0 1 0 0 0 0 0 0 0 0 0 0 0 0 0 0 0 0 0 0 0 0 0 0 0 0 0 0 0 0 0 0 0 0 0 0 0 0 0 0 0]
[1642175067252907144113395833069848344239443121874499567722450151713124670966924620796329743085368254269917892131365991893596387425037935947998477814248732055356756233729102796197344031292791654 0 0 0 0 0 0 0 0 0 0 0 0 0 0 0 0 0 0 0 0 0 0 0 0 1 0 0 0 0 0 0 0 0 0 0 0 0 0 0 0 0 0 0 0 0 0 0 0 0 0 0 0 0 0 0 0 0 0 0 0 0 0 0]
[1429786241845929325674846805523633495232905176915730478019937468669034281344345927093616422277051775846759906442342428305734134012227913965694957502221006765876773978686742464221812217993521399 0 0 0 0 0 0 0 0 0 0 0 0 0 0 0 0 0 0 0 0 0 0 0 0 0 1 0 0 0 0 0 0 0 0 0 0 0 0 0 0 0 0 0 0 0 0 0 0 0 0 0 0 0 0 0 0 0 0 0 0 0 0 0]
[2476771636885739057963643330215941084205359606023061449384273874285628381333474515649717094108134397322583768699193650572805515312595285075342072839383768318288931352187035371657129735347086315 0 0 0 0 0 0 0 0 0 0 0 0 0 0 0 0 0 0 0 0 0 0 0 0 0 0 1 0 0 0 0 0 0 0 0 0 0 0 0 0 0 0 0 0 0 0 0 0 0 0 0 0 0 0 0 0 0 0 0 0 0 0 0]
[551886801498834438201221326126814694213888214341750191687263989246982750605273355027191608449063157269592878249122282062158417657470504268135345487565531416102034521259322841691561681867084979 0 0 0 0 0 0 0 0 0 0 0 0 0 0 0 0 0 0 0 0 0 0 0 0 0 0 0 1 0 0 0 0 0 0 0 0 0 0 0 0 0 0 0 0 0 0 0 0 0 0 0 0 0 0 0 0 0 0 0 0 0 0 0]
[1220020656659628141091034763150493104975851866105443433007735453122561038257194263760539798178313939307418254452207184203912780991276497724438528864282855829343975359570913595585974507280292353 0 0 0 0 0 0 0 0 0 0 0 0 0 0 0 0 0 0 0 0 0 0 0 0 0 0 0 0 1 0 0 0 0 0 0 0 0 0 0 0 0 0 0 0 0 0 0 0 0 0 0 0 0 0 0 0 0 0 0 0 0 0 0]
[291239710517513999394175099572083133418640201967774080947509556730791312637627139787773609388711280916851013028630313493840398206104791482559930881015192070384969528714800040204559762606554290 0 0 0 0 0 0 0 0 0 0 0 0 0 0 0 0 0 0 0 0 0 0 0 0 0 0 0 0 0 1 0 0 0 0 0 0 0 0 0 0 0 0 0 0 0 0 0 0 0 0 0 0 0 0 0 0 0 0 0 0 0 0 0]
[469085841632185166659124256199952722483581965617972759065914003983634935159208130923993822891206131774080730850672498045256315169616518192931300961218915391873000030296780468449721271430978611 0 0 0 0 0 0 0 0 0 0 0 0 0 0 0 0 0 0 0 0 0 0 0 0 0 0 0 0 0 0 1 0 0 0 0 0 0 0 0 0 0 0 0 0 0 0 0 0 0 0 0 0 0 0 0 0 0 0 0 0 0 0 0]
[408491076059518489173303885795382567935485188817751800710970446832459184762718721495189805416494243341998343986449053422787104036024330447713253819190854952288037078185871603419896373775488309 0 0 0 0 0 0 0 0 0 0 0 0 0 0 0 0 0 0 0 0 0 0 0 0 0 0 0 0 0 0 0 1 0 0 0 0 0 0 0 0 0 0 0 0 0 0 0 0 0 0 0 0 0 0 0 0 0 0 0 0 0 0 0]
[2787053827058753028658194620151946502258721220164842174218314125378052381317314150020603348561287000952465988103244422619051736522446266004173763824590775822697651497995099530704668460822677007 0 0 0 0 0 0 0 0 0 0 0 0 0 0 0 0 0 0 0 0 0 0 0 0 0 0 0 0 0 0 0 0 1 0 0 0 0 0 0 0 0 0 0 0 0 0 0 0 0 0 0 0 0 0 0 0 0 0 0 0 0 0 0]
[325819453016894828541754816992633214935267817966095144192703094117921591421834718391225254195623497893910000931948691313314570438247322368098077958579542966233674829994259951619972404059101900 0 0 0 0 0 0 0 0 0 0 0 0 0 0 0 0 0 0 0 0 0 0 0 0 0 0 0 0 0 0 0 0 0 1 0 0 0 0 0 0 0 0 0 0 0 0 0 0 0 0 0 0 0 0 0 0 0 0 0 0 0 0 0]
[468835358419390915225024981321996734991955766114336060925078948554915075876263927304892338522880095650714830724451369299590799999032235439178593317624837828567380005805900718569762675528291791 0 0 0 0 0 0 0 0 0 0 0 0 0 0 0 0 0 0 0 0 0 0 0 0 0 0 0 0 0 0 0 0 0 0 1 0 0 0 0 0 0 0 0 0 0 0 0 0 0 0 0 0 0 0 0 0 0 0 0 0 0 0 0]
[870761470435633189178951572036814582994484294308655231758327440285893309361942020134949540892734961940614785802829611539071354193592935518338070592100485866918698123238053604069113453321617936 0 0 0 0 0 0 0 0 0 0 0 0 0 0 0 0 0 0 0 0 0 0 0 0 0 0 0 0 0 0 0 0 0 0 0 1 0 0 0 0 0 0 0 0 0 0 0 0 0 0 0 0 0 0 0 0 0 0 0 0 0 0 0]
[1731856569614106622959972163075873196848384609716633400903838028093290217615585610365497797134344383336997889127813804262466565026368037625679467272799702455893098375306429276633067739443004260 0 0 0 0 0 0 0 0 0 0 0 0 0 0 0 0 0 0 0 0 0 0 0 0 0 0 0 0 0 0 0 0 0 0 0 0 1 0 0 0 0 0 0 0 0 0 0 0 0 0 0 0 0 0 0 0 0 0 0 0 0 0 0]
[1208291597364239200734697800076446288858617497647427479674901219674731584437663886681462567559168307141170593675962278419092649754158488223635423906466622460267580986378375756401594369038615472 0 0 0 0 0 0 0 0 0 0 0 0 0 0 0 0 0 0 0 0 0 0 0 0 0 0 0 0 0 0 0 0 0 0 0 0 0 1 0 0 0 0 0 0 0 0 0 0 0 0 0 0 0 0 0 0 0 0 0 0 0 0 0]
[2408366685404400817726926618484196848345965536190896606626426149840286366855262561453662122047852362376588524815978775513524138511449661583853863351024714207485237821611726944521192524000891915 0 0 0 0 0 0 0 0 0 0 0 0 0 0 0 0 0 0 0 0 0 0 0 0 0 0 0 0 0 0 0 0 0 0 0 0 0 0 1 0 0 0 0 0 0 0 0 0 0 0 0 0 0 0 0 0 0 0 0 0 0 0 0]
[2517371695229723867277915374282814037192086194248769349956108338453503108410172693303074013074614857254980390751460790703126385310372512915822514930943280537830680907569459954955471572363216817 0 0 0 0 0 0 0 0 0 0 0 0 0 0 0 0 0 0 0 0 0 0 0 0 0 0 0 0 0 0 0 0 0 0 0 0 0 0 0 1 0 0 0 0 0 0 0 0 0 0 0 0 0 0 0 0 0 0 0 0 0 0 0]
[1076300059391363837065720776518371261159880413524085636451668444482902380997315645548143969517640905287978553877798260897854017958133303654362475912323989009414039062460859967450839872107846529 0 0 0 0 0 0 0 0 0 0 0 0 0 0 0 0 0 0 0 0 0 0 0 0 0 0 0 0 0 0 0 0 0 0 0 0 0 0 0 0 1 0 0 0 0 0 0 0 0 0 0 0 0 0 0 0 0 0 0 0 0 0 0]
[974817154116670287585269757276772422015419115064745357516755802002803035021435390008881500736825833702509021076500147141876251769359022709559773417556844144229595549439746304731789508529928224 0 0 0 0 0 0 0 0 0 0 0 0 0 0 0 0 0 0 0 0 0 0 0 0 0 0 0 0 0 0 0 0 0 0 0 0 0 0 0 0 0 1 0 0 0 0 0 0 0 0 0 0 0 0 0 0 0 0 0 0 0 0 0]
[1085496374148036639963913195863367424156202117119294151307319955874174976835090520445878868331101012411842384436586061299957758709393455814974579080484047707351778946854042011034105463250242825 0 0 0 0 0 0 0 0 0 0 0 0 0 0 0 0 0 0 0 0 0 0 0 0 0 0 0 0 0 0 0 0 0 0 0 0 0 0 0 0 0 0 1 0 0 0 0 0 0 0 0 0 0 0 0 0 0 0 0 0 0 0 0]
[1081641814286950583412485424382104169859348961267952019874367623186155500626603430976590973871592177220652449403826930570066835108895119040549325812712153635718651614300909003181989979744607054 0 0 0 0 0 0 0 0 0 0 0 0 0 0 0 0 0 0 0 0 0 0 0 0 0 0 0 0 0 0 0 0 0 0 0 0 0 0 0 0 0 0 0 1 0 0 0 0 0 0 0 0 0 0 0 0 0 0 0 0 0 0 0]
[1637448617534437349187087275459639205411120648899638919760401246153103885663838576645511814540460917269448896382237768198387737871644356154152457418606859811436597073168848753492671744996713024 0 0 0 0 0 0 0 0 0 0 0 0 0 0 0 0 0 0 0 0 0 0 0 0 0 0 0 0 0 0 0 0 0 0 0 0 0 0 0 0 0 0 0 0 1 0 0 0 0 0 0 0 0 0 0 0 0 0 0 0 0 0 0]
[44438441264848234794419831323242481472687827170863590700729692704867941904368799029287872455251720598482456877063036682135687063963023379276528333139044705447013559874163382438611413433290300 0 0 0 0 0 0 0 0 0 0 0 0 0 0 0 0 0 0 0 0 0 0 0 0 0 0 0 0 0 0 0 0 0 0 0 0 0 0 0 0 0 0 0 0 0 1 0 0 0 0 0 0 0 0 0 0 0 0 0 0 0 0 0]
[2793416292851936185544881737133042869743548487507808279153754372440621109589743156270675108377733539574695124979089116179173436957253494384144564763229153399787129902566196252511832072320507712 0 0 0 0 0 0 0 0 0 0 0 0 0 0 0 0 0 0 0 0 0 0 0 0 0 0 0 0 0 0 0 0 0 0 0 0 0 0 0 0 0 0 0 0 0 0 1 0 0 0 0 0 0 0 0 0 0 0 0 0 0 0 0]
[1952631170973648591928208813240192679265684537725963557668104897250825682010781965160312585827461649223832905154761183250184278882535583694175556453523672096177285960374508425833423822385959588 0 0 0 0 0 0 0 0 0 0 0 0 0 0 0 0 0 0 0 0 0 0 0 0 0 0 0 0 0 0 0 0 0 0 0 0 0 0 0 0 0 0 0 0 0 0 0 1 0 0 0 0 0 0 0 0 0 0 0 0 0 0 0]
[751492929408189456210474966063765791264310390678432390172019506093338351220523257822834363841137927002615363255356519815388339679231137625423507668080825193830136105508861751462409641791215665 0 0 0 0 0 0 0 0 0 0 0 0 0 0 0 0 0 0 0 0 0 0 0 0 0 0 0 0 0 0 0 0 0 0 0 0 0 0 0 0 0 0 0 0 0 0 0 0 1 0 0 0 0 0 0 0 0 0 0 0 0 0 0]
[2304029747111811734374036007524256844186702917253766663148309404769154492482722132030589043108901780095645841726224567498803454314147270595663302619662615844928678292362510525627127407499359390 0 0 0 0 0 0 0 0 0 0 0 0 0 0 0 0 0 0 0 0 0 0 0 0 0 0 0 0 0 0 0 0 0 0 0 0 0 0 0 0 0 0 0 0 0 0 0 0 0 1 0 0 0 0 0 0 0 0 0 0 0 0 0]
[2194528704269976133626252850133917515453010194362812032240258326587199059345902724109076370512532365813208587984047869305779006089410713963623370768848341510663749381031072475241444854773443933 0 0 0 0 0 0 0 0 0 0 0 0 0 0 0 0 0 0 0 0 0 0 0 0 0 0 0 0 0 0 0 0 0 0 0 0 0 0 0 0 0 0 0 0 0 0 0 0 0 0 1 0 0 0 0 0 0 0 0 0 0 0 0]
[2622449645305529086036428293483410442894336777778731132888827799126977092954117190696223392561380764856806346599249228278555454855145053722191149490440722887843159007830490972950977589299151298 0 0 0 0 0 0 0 0 0 0 0 0 0 0 0 0 0 0 0 0 0 0 0 0 0 0 0 0 0 0 0 0 0 0 0 0 0 0 0 0 0 0 0 0 0 0 0 0 0 0 0 1 0 0 0 0 0 0 0 0 0 0 0]
[1406251654824900839352579111606297626084349287265323025241128959544608402138557976298364840537509288585090039102110730177456032912888489604106452941465851348377813782954856899761770965332403368 0 0 0 0 0 0 0 0 0 0 0 0 0 0 0 0 0 0 0 0 0 0 0 0 0 0 0 0 0 0 0 0 0 0 0 0 0 0 0 0 0 0 0 0 0 0 0 0 0 0 0 0 1 0 0 0 0 0 0 0 0 0 0]
[2552895808420822258055466152065625385328033617472335264273497774312144753850072585426928258598214755904355738776366508752394885408751352843350776424956949160216226980166484169988811488438126981 0 0 0 0 0 0 0 0 0 0 0 0 0 0 0 0 0 0 0 0 0 0 0 0 0 0 0 0 0 0 0 0 0 0 0 0 0 0 0 0 0 0 0 0 0 0 0 0 0 0 0 0 0 1 0 0 0 0 0 0 0 0 0]
[1895646223917223864416821507159715299916955460389088973078622028280460116482062849456392513883840270990030257972210196856855189248050651409354354533850008607742990864994022375484634633262351267 0 0 0 0 0 0 0 0 0 0 0 0 0 0 0 0 0 0 0 0 0 0 0 0 0 0 0 0 0 0 0 0 0 0 0 0 0 0 0 0 0 0 0 0 0 0 0 0 0 0 0 0 0 0 1 0 0 0 0 0 0 0 0]
[195608073917772199971525769954871367012258276525652680604714639190661161976513840228062385268065109594791899010139257906537254069765765270390526134955896066034413880877113297274314258591353192 0 0 0 0 0 0 0 0 0 0 0 0 0 0 0 0 0 0 0 0 0 0 0 0 0 0 0 0 0 0 0 0 0 0 0 0 0 0 0 0 0 0 0 0 0 0 0 0 0 0 0 0 0 0 0 1 0 0 0 0 0 0 0]
[2512457802114298535075015737782950218874662503899304894601104641081739126667890398761211591448448376521100213822803779298955579167528103662613584377586412136546839476046705502081588729488342204 0 0 0 0 0 0 0 0 0 0 0 0 0 0 0 0 0 0 0 0 0 0 0 0 0 0 0 0 0 0 0 0 0 0 0 0 0 0 0 0 0 0 0 0 0 0 0 0 0 0 0 0 0 0 0 0 1 0 0 0 0 0 0]
[2097308985766327338288206498093251082057281204215126298911248981565475288734647012710281256140815387160695804784028755304805546868421926716143263574815876594534438559819411263215909053282174358 0 0 0 0 0 0 0 0 0 0 0 0 0 0 0 0 0 0 0 0 0 0 0 0 0 0 0 0 0 0 0 0 0 0 0 0 0 0 0 0 0 0 0 0 0 0 0 0 0 0 0 0 0 0 0 0 0 1 0 0 0 0 0]
[2537154769715632541534027046718769056977020194616868390979991481501030375249129023968515440041351132665548185805861014548469836652554099124155996357131491564797772316524410698346861579715657615 0 0 0 0 0 0 0 0 0 0 0 0 0 0 0 0 0 0 0 0 0 0 0 0 0 0 0 0 0 0 0 0 0 0 0 0 0 0 0 0 0 0 0 0 0 0 0 0 0 0 0 0 0 0 0 0 0 0 1 0 0 0 0]
[1910330237102307797500054349759484581920731855708003432178731148077073185355687462432676291724619027666286256079266803550991720808155608990023536897131560541559250357144360501979817371978035892 0 0 0 0 0 0 0 0 0 0 0 0 0 0 0 0 0 0 0 0 0 0 0 0 0 0 0 0 0 0 0 0 0 0 0 0 0 0 0 0 0 0 0 0 0 0 0 0 0 0 0 0 0 0 0 0 0 0 0 1 0 0 0]
[2161224968871588456656313986070898709069344647139302602900388095462342538815601405228833954577565623332683326952194455138689390015444990603122631282205315732233202851847181622065587727844202001 0 0 0 0 0 0 0 0 0 0 0 0 0 0 0 0 0 0 0 0 0 0 0 0 0 0 0 0 0 0 0 0 0 0 0 0 0 0 0 0 0 0 0 0 0 0 0 0 0 0 0 0 0 0 0 0 0 0 0 0 1 0 0]
[896369526612991713041357706152531538825982128110752872109458344857840821914061663590083044492960396742805193864343071293276618902771123532297931975494748507196957317480637252287584692944437039 0 0 0 0 0 0 0 0 0 0 0 0 0 0 0 0 0 0 0 0 0 0 0 0 0 0 0 0 0 0 0 0 0 0 0 0 0 0 0 0 0 0 0 0 0 0 0 0 0 0 0 0 0 0 0 0 0 0 0 0 0 1 0]
[378607984220572039685214113336388542980605247697237120361825343950670634506496481492312343096596623708170888976593913996086300735696461862200741960956545271497055558999570276611178405739039094 0 0 0 0 0 0 0 0 0 0 0 0 0 0 0 0 0 0 0 0 0 0 0 0 0 0 0 0 0 0 0 0 0 0 0 0 0 0 0 0 0 0 0 0 0 0 0 0 0 0 0 0 0 0 0 0 0 0 0 0 0 0 1]
]
64 128 5
[1 0 0 0 0 0 0 0 0 0 0 0 0 0 0 0 0 0 0 0 0 0 0 0 0 0 0 0 0 0 0 0 0 0 0 0 0 0 0 0 0 0 0 0 0 0 0 0 0 0 0 0 0 0 0 0 0 0 0 0 0 0 0 0 1]
