[[4239363621615566544936536488103107110166065231559211537943386368174720272221249929318161146843239588238192092290430514962824105870309132356061860343927104488335911780940200204405434486638657281 0 0 0 0 0 0 0 0 0 0 0 0 0 0 0 0 0 0 0 0 0 0 0 0 0 0 0 0 0 0 0 0 0 0 0 0 0 0 0 0 0 0 0 0 0 0 0 0 0 0 0 0 0 0 0 0 0 0 0 0 0 0 0]
[1573989863188461800785107762282964279884790607010144774444066539119408580719924704743736628819618288865971209774278965837675505315712339199022197652749650324696542213065397482707494912762562866 1 0 0 0 0 0 0 0 0 0 0 0 0 0 0 0 0 0 0 0 0 0 0 0 0 0 0 0 0 0 0 0 0 0 0 0 0 0 0 0 0 0 0 0 0 0 0 0 0 0 0 0 0 0 0 0 0 0 0 0 0 0 0]
[1006833680171103051115444547468627240011357645159070122966883432733241435506946856097002728730325440838617238172594439185667784691853179063146266917217131364848881050689305618457845845569135073 0 1 0 0 0 0 0 0 0 0 0 0 0 0 0 0 0 0 0 0 0 0 0 0 0 0 0 0 0 0 0 0 0 0 0 0 0 0 0 0 0 0 0 0 0 0 0 0 0 0 0 0 0 0 0 0 0 0 0 0 0 0 0]
[1316908015977721260021555449412479020538712405481546225280117393526360574222828416852695593496896278307146999776845179731329165497476759389235042961680121845008307137540577083023785273374105582 0 0 1 0 0 0 0 0 0 0 0 0 0 0 0 0 0 0 0 0 0 0 0 0 0 0 0 0 0 0 0 0 0 0 0 0 0 0 0 0 0 0 0 0 0 0 0 0 0 0 0 0 0 0 0 0 0 0 0 0 0 0 0]
[549445444599906046775403877963884514487370128050034159355987873933518572600322752805936025687435133925445840306827560819912856256957228707269033866396275023175248559533801676828310648768612756 0 0 0 1 0 0 0 0 0 0 0 0 0 0 0 0 0 0 0 0 0 0 0 0 0 0 0 0 0 0 0 0 0 0 0 0 0 0 0 0 0 0 0 0 0 0 0 0 0 0 0 0 0 0 0 0 0 0 0 0 0 0 0]
[2075403721680738492615695870185626676928754048106296122711539939660100587313387532557314639847907807791260416662884309287325808977201743942326108418119216160832424993773295399541465788569184232 0 0 0 0 1 0 0 0 0 0 0 0 0 0 0 0 0 0 0 0 0 0 0 0 0 0 0 0 0 0 0 0 0 0 0 0 0 0 0 0 0 0 0 0 0 0 0 0 0 0 0 0 0 0 0 0 0 0 0 0 0 0 0]
[2361500317481329060558857998230136644837301137984509824403853646218604670868624940691891785445757094946551944367081373075305147599374504202669956954065101684793486018339943243991188038597992888 0 0 0 0 0 1 0 0 0 0 0 0 0 0 0 0 0 0 0 0 0 0 0 0 0 0 0 0 0 0 0 0 0 0 0 0 0 0 0 0 0 0 0 0 0 0 0 0 0 0 0 0 0 0 0 0 0 0 0 0 0 0 0]
[494184093380681174978956515144424929964453288767930029927469996926644537325809360391030166846039001530417595381497368859040287090496330522280617787811350841302055837348767596345305662128107898 0 0 0 0 0 0 1 0 0 0 0 0 0 0 0 0 0 0 0 0 0 0 0 0 0 0 0 0 0 0 0 0 0 0 0 0 0 0 0 0 0 0 0 0 0 0 0 0 0 0 0 0 0 0 0 0 0 0 0 0 0 0 0]
[2611895281752095521723854126097267276555410847207132748568056379914083093630278783730437719454289107988958676756146037226815160740565939176450421386501267725288278800382842665719596342138500968 0 0 0 0 0 0 0 1 0 0 0 0 0 0 0 0 0 0 0 0 0 0 0 0 0 0 0 0 0 0 0 0 0 0 0 0 0 0 0 0 0 0 0 0 0 0 0 0 0 0 0 0 0 0 0 0 0 0 0 0 0 0 0]
[1803213084372035405217394093943137661094019420972896870269248425434488264703024966216152846172633784811119095944561572093321585331734123422847649662971253981426846844643363153282254479975788789 0 0 0 0 0 0 0 0 1 0 0 0 0 0 0 0 0 0 0 0 0 0 0 0 0 0 0 0 0 0 0 0 0 0 0 0 0 0 0 0 0 0 0 0 0 0 0 0 0 0 0 0 0 0 0 0 0 0 0 0 0 0 0]
[2249358059847875058200826472031071759334263498838498851772272822399911591785532276086698885859688025365067960460484060079284732755185461145810863997056844323076149317124523406873100909255036637 0 0 0 0 0 0 0 0 0 1 0 0 0 0 0 0 0 0 0 0 0 0 0 0 0 0 0 0 0 0 0 0 0 0 0 0 0 0 0 0 0 0 0 0 0 0 0 0 0 0 0 0 0 0 0 0 0 0 0 0 0 0 0]
[468212831292180093660333926110497378662416212817469078463452503537405022497465643069267891265385714887799174729253659620075826581862543326138857581184056016405674765820202665819963044497728612 0 0 0 0 0 0 0 0 0 0 1 0 0 0 0 0 0 0 0 0 0 0 0 0 0 0 0 0 0 0 0 0 0 0 0 0 0 0 0 0 0 0 0 0 0 0 0 0 0 0 0 0 0 0 0 0 0 0 0 0 0 0 0]
[3255631456254214229007229166622717263344603047475071968368963834057776792716560660651127177047626238600958848539234473392814173626778443441713762043851840765088065846692920256558656523354630612 0 0 0 0 0 0 0 0 0 0 0 1 0 0 0 0 0 0 0 0 0 0 0 0 0 0 0 0 0 0 0 0 0 0 0 0 0 0 0 0 0 0 0 0 0 0 0 0 0 0 0 0 0 0 0 0 0 0 0 0 0 0 0]
[4077237771301598148112934202305533266487875403850578691496569335674723076510237498496441180920192911939476776940276840081734976499869599304909132453681952819412596462006285887859350214120283981 0 0 0 0 0 0 0 0 0 0 0 0 1 0 0 0 0 0 0 0 0 0 0 0 0 0 0 0 0 0 0 0 0 0 0 0 0 0 0 0 0 0 0 0 0 0 0 0 0 0 0 0 0 0 0 0 0 0 0 0 0 0 0]
[146077514184444223271806363329919319944804166907088835118008331571373107423842035474145115119905348647328703126279844587583602893929965581983027610015355282584880834335344882555925701744395842 0 0 0 0 0 0 0 0 0 0 0 0 0 1 0 0 0 0 0 0 0 0 0 0 0 0 0 0 0 0 0 0 0 0 0 0 0 0 0 0 0 0 0 0 0 0 0 0 0 0 0 0 0 0 0 0 0 0 0 0 0 0 0]
[3796589660180119700191480920634536584998780107700749829300279739809502043944102248099323739081524977457353786415527609299614231302488450230731936815573592517770199825793443877360333962777809682 0 0 0 0 0 0 0 0 0 0 0 0 0 0 1 0 0 0 0 0 0 0 0 0 0 0 0 0 0 0 0 0 0 0 0 0 0 0 0 0 0 0 0 0 0 0 0 0 0 0 0 0 0 0 0 0 0 0 0 0 0 0 0]
[1952995355980697510520341478299241013018604949170638957108715351450641799142585847772789224157649568041931947663490057620534932424843504919726988563444140616840384290356749933041843618879170120 0 0 0 0 0 0 0 0 0 0 0 0 0 0 0 1 0 0 0 0 0 0 0 0 0 0 0 0 0 0 0 0 0 0 0 0 0 0 0 0 0 0 0 0 0 0 0 0 0 0 0 0 0 0 0 0 0 0 0 0 0 0 0]
[869444829255203748176075339002693772511940910594660302060808348459738475268497386362318716777710893612427445869834076102986429388032410905377351181637072193477261501775198815502890337338075186 0 0 0 0 0 0 0 0 0 0 0 0 0 0 0 0 1 0 0 0 0 0 0 0 0 0 0 0 0 0 0 0 0 0 0 0 0 0 0 0 0 0 0 0 0 0 0 0 0 0 0 0 0 0 0 0 0 0 0 0 0 0 0]
[2369983432361321891689445642250203040243138254361854003474655319242835322842322381201187219718835741436992507435807679213786779203882396941135785017484844873295470845958788199475259075437864450 0 0 0 0 0 0 0 0 0 0 0 0 0 0 0 0 0 1 0 0 0 0 0 0 0 0 0 0 0 0 0 0 0 0 0 0 0 0 0 0 0 0 0 0 0 0 0 0 0 0 0 0 0 0 0 0 0 0 0 0 0 0 0]
[1217625292745050446743942782507029869497970195160265434972351587791904984213083917271576717966839481086421862221759656598516804859744887150040974428909575532213822663607679282584262531310039743 0 0 0 0 0 0 0 0 0 0 0 0 0 0 0 0 0 0 1 0 0 0 0 0 0 0 0 0 0 0 0 0 0 0 0 0 0 0 0 0 0 0 0 0 0 0 0 0 0 0 0 0 0 0 0 0 0 0 0 0 0 0 0]
[2973082237146562381354042348557765608671374531725214124535402897925889456421054102348082073057996518878415192887801734081001451129253156741167486359429717165324974458971871578234507075807735643 0 0 0 0 0 0 0 0 0 0 0 0 0 0 0 0 0 0 0 1 0 0 0 0 0 0 0 0 0 0 0 0 0 0 0 0 0 0 0 0 0 0 0 0 0 0 0 0 0 0 0 0 0 0 0 0 0 0 0 0 0 0 0]
[2759636076361797875403853912570869268283554951670794815374095136064010996830513065118645227736048236277797346442761177525474820138166808980377429165981526834389998775426053301036728264726777999 0 0 0 0 0 0 0 0 0 0 0 0 0 0 0 0 0 0 0 0 1 0 0 0 0 0 0 0 0 0 0 0 0 0 0 0 0 0 0 0 0 0 0 0 0 0 0 0 0 0 0 0 0 0 0 0 0 0 0 0 0 0 0]
[75024641502841790577303389824286556354593910309910055223318592190913447966766632325651105946861213430297794475294457520916387700187831191402872765985359814806694654511139065163802574246922153 0 0 0 0 0 0 0 0 0 0 0 0 0 0 0 0 0 0 0 0 0 1 0 0 0 0 0 0 0 0 0 0 0 0 0 0 0 0 0 0 0 0 0 0 0 0 0 0 0 0 0 0 0 0 0 0 0 0 0 0 0 0 0]
[2048583486661930681438412643482610949956077077407264703552218104467931796379941686229817166035683331715380834127519079894117852999715576289829975025453819017609225616100253694093744452590480881 0 0 0 0 0 0 0 0 0 0 0 0 0 0 0 0 0 0 0 0 0 0 1 0 0 0 0 0 0 0 0 0 0 0 0 0 0 0 0 0 0 0 0 0 0 0 0 0 0 0 0 0 0 0 0 0 0 0 0 0 0 0 0]
[965808834488057059267406523579516492539568047333843249643501707229542121663405955708631848584248559234454937161484292773214785370721419671329651412010008306956215198495742375697259315884015953 0 0 0 0 0 0 0 0 0 0 0 0 0 0 0 0 0 0 0 0 0 0 0 1 0 0 0 0 0 0 0 0 0 0 0 0 0 0 0 0 0 0 0 0 0 0 0 0 0 0 0 0 0 0 0 0 0 0 0 0 0 0 0]
[3061820824125480489443791380856687665051530208018123644820311140408500887606447015166127461458854223313273546530877407818427437122402291812005854737709277525437458704674647130141335036507149178 0 0 0 0 0 0 0 0 0 0 0 0 0 0 0 0 0 0 0 0 0 0 0 0 1 0 0 0 0 0 0 0 0 0 0 0 0 0 0 0 0 0 0 0 0 0 0 0 0 0 0 0 0 0 0 0 0 0 0 0 0 0 0]
[546327361285713216794974841206243224820202253030109995380576050240586515320062026441634256685111798273697908897123801960085550495887499491409925940725932056814511069308572676505693056192598685 0 0 0 0 0 0 0 0 0 0 0 0 0 0 0 0 0 0 0 0 0 0 0 0 0 1 0 0 0 0 0 0 0 0 0 0 0 0 0 0 0 0 0 0 0 0 0 0 0 0 0 0 0 0 0 0 0 0 0 0 0 0 0]
[4046815354124310807182509591451793128720468576086502774588567361272264220589185728140452475417604071216516209884644816412497213482699484819190983189207811885022091304165039900310423637025758353 0 0 0 0 0 0 0 0 0 0 0 0 0 0 0 0 0 0 0 0 0 0 0 0 0 0 1 0 0 0 0 0 0 0 0 0 0 0 0 0 0 0 0 0 0 0 0 0 0 0 0 0 0 0 0 0 0 0 0 0 0 0 0]
[2437192875202609992990179829025608027607261789507947677644406261885993644733175784988625543268735585593029375052002585940504005646700836285504380044644333576946105982032601115020871207660711817 0 0 0 0 0 0 0 0 0 0 0 0 0 0 0 0 0 0 0 0 0 0 0 0 0 0 0 1 0 0 0 0 0 0 0 0 0 0 0 0 0 0 0 0 0 0 0 0 0 0 0 0 0 0 0 0 0 0 0 0 0 0 0]
[3680345989738699098684195402731194844342706122575814900988500260869206160591370744718507168748999499689355815316462338433859254839192095863809939884106391435857109754877717327231818436587360072 0 0 0 0 0 0 0 0 0 0 0 0 0 0 0 0 0 0 0 0 0 0 0 0 0 0 0 0 1 0 0 0 0 0 0 0 0 0 0 0 0 0 0 0 0 0 0 0 0 0 0 0 0 0 0 0 0 0 0 0 0 0 0]
[2279623464820438751348582523468875919608127216505088410201613806659519479848923584175263802176186336943085436233584899932066166178523673485028446919552201359976046598585140007525517632101066369 0 0 0 0 0 0 0 0 0 0 0 0 0 0 0 0 0 0 0 0 0 0 0 0 0 0 0 0 0 1 0 0 0 0 0 0 0 0 0 0 0 0 0 0 0 0 0 0 0 0 0 0 0 0 0 0 0 0 0 0 0 0 0]
[979747245217976076648959119678041866589002771331300809624733439507818524124108618720062290124352000962632866435862961674695033851887909675225558308696548996031150923773124107883676263074049820 0 0 0 0 0 0 0 0 0 0 0 0 0 0 0 0 0 0 0 0 0 0 0 0 0 0 0 0 0 0 1 0 0 0 0 0 0 0 0 0 0 0 0 0 0 0 0 0 0 0 0 0 0 0 0 0 0 0 0 0 0 0 0]
[2176967848180540142459768874480017061953475283665185569310415203565146846933587132302825008522567554744621710255849203643620088577084229287907615222147237817671848361584567239116049419043336111 0 0 0 0 0 0 0 0 0 0 0 0 0 0 0 0 0 0 0 0 0 0 0 0 0 0 0 0 0 0 0 1 0 0 0 0 0 0 0 0 0 0 0 0 0 0 0 0 0 0 0 0 0 0 0 0 0 0 0 0 0 0 0]
[3957376366114282540938907439862323547296639858917938718462908776255928445212220845658256641924888394669972963033835182527162891941838077370266238701339369517310519301633430652288772113903728530 0 0 0 0 0 0 0 0 0 0 0 0 0 0 0 0 0 0 0 0 0 0 0 0 0 0 0 0 0 0 0 0 1 0 0 0 0 0 0 0 0 0 0 0 0 0 0 0 0 0 0 0 0 0 0 0 0 0 0 0 0 0 0]
[2110537894186480394003975488414029213252248459846811246369605560615094496404272589408532843221825857484741895285355908865370031561187715701184818493641628254084750870461514048801350699393955412 0 0 0 0 0 0 0 0 0 0 0 0 0 0 0 0 0 0 0 0 0 0 0 0 0 0 0 0 0 0 0 0 0 1 0 0 0 0 0 0 0 0 0 0 0 0 0 0 0 0 0 0 0 0 0 0 0 0 0 0 0 0 0]
[1036107839345312019823040881861409610668641665342118540506133260789107949593884918607074648783786895787532513979367641436416509112278607733155145916644460405616988587881114550283447245016123124 0 0 0 0 0 0 0 0 0 0 0 0 0 0 0 0 0 0 0 0 0 0 0 0 0 0 0 0 0 0 0 0 0 0 1 0 0 0 0 0 0 0 0 0 0 0 0 0 0 0 0 0 0 0 0 0 0 0 0 0 0 0 0]
[3533112877084045792721856783553089346719392196411672573123501159082606301793640353177878894439439804825598909918457019620508291787943060213732882920529407393016650389090935317228079469574392653 0 0 0 0 0 0 0 0 0 0 0 0 0 0 0 0 0 0 0 0 0 0 0 0 0 0 0 0 0 0 0 0 0 0 0 1 0 0 0 0 0 0 0 0 0 0 0 0 0 0 0 0 0 0 0 0 0 0 0 0 0 0 0]
[4225024249616448379993955144752793750895529929766457137280392443119588960668350043524405868577603177124340089790504447173528049694981308518182092038517197593525105978754739015123879307007304877 0 0 0 0 0 0 0 0 0 0 0 0 0 0 0 0 0 0 0 0 0 0 0 0 0 0 0 0 0 0 0 0 0 0 0 0 1 0 0 0 0 0 0 0 0 0 0 0 0 0 0 0 0 0 0 0 0 0 0 0 0 0 0]
[2063345359624521185354839576566385490815168107365835074328746122158222018318227552945207942931099836729437827107955038287208273895857950639564384277423762237135628724658959071795789672786225569 0 0 0 0 0 0 0 0 0 0 0 0 0 0 0 0 0 0 0 0 0 0 0 0 0 0 0 0 0 0 0 0 0 0 0 0 0 1 0 0 0 0 0 0 0 0 0 0 0 0 0 0 0 0 0 0 0 0 0 0 0 0 0]
[1176447720385124590350090319993653740851925686526878597760535163994015831104164529462510020043159174408261892836320547682810076241617745349350760160818445537968761792047110041051926571880143030 0 0 0 0 0 0 0 0 0 0 0 0 0 0 0 0 0 0 0 0 0 0 0 0 0 0 0 0 0 0 0 0 0 0 0 0 0 0 1 0 0 0 0 0 0 0 0 0 0 0 0 0 0 0 0 0 0 0 0 0 0 0 0]
[1607540076506417290431413957832209085038227846346339761459887656673823206053042105867198110247032542325388893563928620589270303969381530826751296372336948416132568954729891712620128527437182923 0 0 0 0 0 0 0 0 0 0 0 0 0 0 0 0 0 0 0 0 0 0 0 0 0 0 0 0 0 0 0 0 0 0 0 0 0 0 0 1 0 0 0 0 0 0 0 0 0 0 0 0 0 0 0 0 0 0 0 0 0 0 0]
[3636478598755676779478768689348873007112553056071101489316856806031269471361015263401662955258224371425685204301639216227215636135872717582673029505744896364495446630006910841352070142019452280 0 0 0 0 0 0 0 0 0 0 0 0 0 0 0 0 0 0 0 0 0 0 0 0 0 0 0 0 0 0 0 0 0 0 0 0 0 0 0 0 1 0 0 0 0 0 0 0 0 0 0 0 0 0 0 0 0 0 0 0 0 0 0]
[1872294395032912446514722670915810497500193411774720064253727049672013317517633443831797029176822152322498345810656512473165645263020543765747073385084664549541621674922938995981484704334295613 0 0 0 0 0 0 0 0 0 0 0 0 0 0 0 0 0 0 0 0 0 0 0 0 0 0 0 0 0 0 0 0 0 0 0 0 0 0 0 0 0 1 0 0 0 0 0 0 0 0 0 0 0 0 0 0 0 0 0 0 0 0 0]
[21904793039067377950932194963541250930080730770320569191173038150721993681307338091864408970856501024294355704844902300957703073626703042714139615957351895833539583267915809388040344147846672 0 0 0 0 0 0 0 0 0 0 0 0 0 0 0 0 0 0 0 0 0 0 0 0 0 0 0 0 0 0 0 0 0 0 0 0 0 0 0 0 0 0 1 0 0 0 0 0 0 0 0 0 0 0 0 0 0 0 0 0 0 0 0]
[2575703625473906689046647574146892759953979999492740631986749321255521455181376845864410486355784442284955172334973042413943308391846561805812631580145896361770624075973977153973925999098795626 0 0 0 0 0 0 0 0 0 0 0 0 0 0 0 0 0 0 0 0 0 0 0 0 0 0 0 0 0 0 0 0 0 0 0 0 0 0 0 0 0 0 0 1 0 0 0 0 0 0 0 0 0 0 0 0 0 0 0 0 0 0 0]
[4051841100861276619630827085930867014330533113540567919980300202058642770823345358227257948069118324132382874497173805763580687699127314390589774814648843356898125438465182747547644273896666580 0 0 0 0 0 0 0 0 0 0 0 0 0 0 0 0 0 0 0 0 0 0 0 0 0 0 0 0 0 0 0 0 0 0 0 0 0 0 0 0 0 0 0 0 1 0 0 0 0 0 0 0 0 0 0 0 0 0 0 0 0 0 0]
[1798735717186238035204593660942489689397534399298889312642291801830937919492747885344787917056061597783856280966239692007637255956287943035097515833724403753178421888834818215366241817674809616 0 0 0 0 0 0 0 0 0 0 0 0 0 0 0 0 0 0 0 0 0 0 0 0 0 0 0 0 0 0 0 0 0 0 0 0 0 0 0 0 0 0 0 0 0 1 0 0 0 0 0 0 0 0 0 0 0 0 0 0 0 0 0]
[1867876315036693614515157313837243027393049539988269132267151180878828405614162923696978849238129230433430659628248385437026475171158785379642318054131603617038648980360818369848023182535243303 0 0 0 0 0 0 0 0 0 0 0 0 0 0 0 0 0 0 0 0 0 0 0 0 0 0 0 0 0 0 0 0 0 0 0 0 0 0 0 0 0 0 0 0 0 0 1 0 0 0 0 0 0 0 0 0 0 0 0 0 0 0 0]
[1342775497104929412811535296896327619391539142454045557148402222778908929532680230878461783987724198604329228306274690312520615045895303566913706507254730255874162057227437714088692940329966062 0 0 0 0 0 0 0 0 0 0 0 0 0 0 0 0 0 0 0 0 0 0 0 0 0 0 0 0 0 0 0 0 0 0 0 0 0 0 0 0 0 0 0 0 0 0 0 1 0 0 0 0 0 0 0 0 0 0 0 0 0 0 0]
[726381090732834544155501812715734710048796784814030563695504775260494361273745734370998753021162985501015391885620858599933389656704376226810177650323992173449631774178489972667350734212601463 0 0 0 0 0 0 0 0 0 0 0 0 0 0 0 0 0 0 0 0 0 0 0 0 0 0 0 0 0 0 0 0 0 0 0 0 0 0 0 0 0 0 0 0 0 0 0 0 1 0 0 0 0 0 0 0 0 0 0 0 0 0 0]
[2971114286618563352666283380084816099902020401766957749376074353438972882129665380026003406726827828440511192896410743585879962825091459903067098898365666617561458872560534632873414144428459020 0 0 0 0 0 0 0 0 0 0 0 0 0 0 0 0 0 0 0 0 0 0 0 0 0 0 0 0 0 0 0 0 0 0 0 0 0 0 0 0 0 0 0 0 0 0 0 0 0 1 0 0 0 0 0 0 0 0 0 0 0 0 0]
[2056357106493134209500588322677491981127336681791922375291922398552812896622715346663281344709415374887524634496624425021970359502868303228123994721897113624651340896022132300939138015224525502 0 0 0 0 0 0 0 0 0 0 0 0 0 0 0 0 0 0 0 0 0 0 0 0 0 0 0 0 0 0 0 0 0 0 0 0 0 0 0 0 0 0 0 0 0 0 0 0 0 0 1 0 0 0 0 0 0 0 0 0 0 0 0]
[813130995422053990744841102925134409270951661974528307333985552345624531615598814543393143236010064377517646751908312455175132531049402125028872474300898232972503290921121081646512351932524882 0 0 0 0 0 0 0 0 0 0 0 0 0 0 0 0 0 0 0 0 0 0 0 0 0 0 0 0 0 0 0 0 0 0 0 0 0 0 0 0 0 0 0 0 0 0 0 0 0 0 0 1 0 0 0 0 0 0 0 0 0 0 0]
[1095241906338704434653074909441031083239700839136603851528009189005619542808534005832858340126508850087983597610930870695945286563354883699755848628853166794365744332904556521264314647459926226 0 0 0 0 0 0 0 0 0 0 0 0 0 0 0 0 0 0 0 0 0 0 0 0 0 0 0 0 0 0 0 0 0 0 0 0 0 0 0 0 0 0 0 0 0 0 0 0 0 0 0 0 1 0 0 0 0 0 0 0 0 0 0]
[2350912519257688869103682992980341107924501082570896892076317703390052985749104256929557550274281620047892585985679876393773387963489623506381817958998937052072915295301465456003818168014797321 0 0 0 0 0 0 0 0 0 0 0 0 0 0 0 0 0 0 0 0 0 0 0 0 0 0 0 0 0 0 0 0 0 0 0 0 0 0 0 0 0 0 0 0 0 0 0 0 0 0 0 0 0 1 0 0 0 0 0 0 0 0 0]
[2506971210605937562962686186913889541313734028331036791288870902344549952328913689796332986700440091288696954650916937462980612674337718382150120285553238540903921308090875795010904467681898016 0 0 0 0 0 0 0 0 0 0 0 0 0 0 0 0 0 0 0 0 0 0 0 0 0 0 0 0 0 0 0 0 0 0 0 0 0 0 0 0 0 0 0 0 0 0 0 0 0 0 0 0 0 0 1 0 0 0 0 0 0 0 0]
[2816875128352205957747020553071065052990555973926669304734286997571160883847947396225834592950448624142779697573773037906916502610421868566524075509927182257348842328351982282355415220040973866 0 0 0 0 0 0 0 0 0 0 0 0 0 0 0 0 0 0 0 0 0 0 0 0 0 0 0 0 0 0 0 0 0 0 0 0 0 0 0 0 0 0 0 0 0 0 0 0 0 0 0 0 0 0 0 1 0 0 0 0 0 0 0]
[1768332460660429621050324386344997210535902122225853681740058719801354261140874013069673566211756646430250275433427083231143543523556871541731061733777645430939420407925154872995783732102846447 0 0 0 0 0 0 0 0 0 0 0 0 0 0 0 0 0 0 0 0 0 0 0 0 0 0 0 0 0 0 0 0 0 0 0 0 0 0 0 0 0 0 0 0 0 0 0 0 0 0 0 0 0 0 0 0 1 0 0 0 0 0 0]
[2529481388951204281323691052339366376113463631091378859903011937443488527989680229535990101387969030454880402579371887879909362697704840166503471417316795022766201584093098045451451130569493752 0 0 0 0 0 0 0 0 0 0 0 0 0 0 0 0 0 0 0 0 0 0 0 0 0 0 0 0 0 0 0 0 0 0 0 0 0 0 0 0 0 0 0 0 0 0 0 0 0 0 0 0 0 0 0 0 0 1 0 0 0 0 0]
[534375689787512596531085749239672073719386104769089451238308219073034054598017161400145242455206405556648077528106194225690182602120245491805255439095507378740294826971599153549719342533898262 0 0 0 0 0 0 0 0 0 0 0 0 0 0 0 0 0 0 0 0 0 0 0 0 0 0 0 0 0 0 0 0 0 0 0 0 0 0 0 0 0 0 0 0 0 0 0 0 0 0 0 0 0 0 0 0 0 0 1 0 0 0 0]
[185991833186081495414378531355308385594993545660594448950231900473850646251064158024489813003153081955005565287257588203768248046304436476569012380083248513323307556592659496159497762770152074 0 0 0 0 0 0 0 0 0 0 0 0 0 0 0 0 0 0 0 0 0 0 0 0 0 0 0 0 0 0 0 0 0 0 0 0 0 0 0 0 0 0 0 0 0 0 0 0 0 0 0 0 0 0 0 0 0 0 0 1 0 0 0]
[3163222332421708909062502332075714422660484619983756597888613876063242974556552037187923631536716812457016965774917993281599524301794558293323882402588982868608798152060512523693680605442018548 0 0 0 0 0 0 0 0 0 0 0 0 0 0 0 0 0 0 0 0 0 0 0 0 0 0 0 0 0 0 0 0 0 0 0 0 0 0 0 0 0 0 0 0 0 0 0 0 0 0 0 0 0 0 0 0 0 0 0 0 1 0 0]
[3547503992469863717407131927855574625924350001661460542079517579667065871847275903877485286426074566779882372961747256861556525584114799978241486843240010586707115473127815336589231258988952122 0 0 0 0 0 0 0 0 0 0 0 0 0 0 0 0 0 0 0 0 0 0 0 0 0 0 0 0 0 0 0 0 0 0 0 0 0 0 0 0 0 0 0 0 0 0 0 0 0 0 0 0 0 0 0 0 0 0 0 0 0 1 0]
[1640459330805639074547852115303781559193105678380376628744607467611694355041987121130196854475488039150118906791620416291779002481023227499359871645618347583104680174609423644841030181093376398 0 0 0 0 0 0 0 0 0 0 0 0 0 0 0 0 0 0 0 0 0 0 0 0 0 0 0 0 0 0 0 0 0 0 0 0 0 0 0 0 0 0 0 0 0 0 0 0 0 0 0 0 0 0 0 0 0 0 0 0 0 0 1]
]
64 128 8
[1 0 0 0 0 0 0 0 0 0 0 0 0 0 0 0 0 0 0 0 0 0 0 0 0 0 0 0 0 0 0 0 0 0 0 0 0 0 0 0 0 0 0 0 0 0 0 0 0 0 0 0 0 0 0 0 0 0 0 0 0 0 0 0 1]
