[[4475812153607446598425403001772784507399294739593888659629832142215514895676784216732453237347118956272449084384537240597246441791956311396946298903197221571953300193720171357568755824200024961 0 0 0 0 0 0 0 0 0 0 0 0 0 0 0 0 0 0 0 0 0 0 0 0 0 0 0 0 0 0 0 0 0 0 0 0 0 0 0 0 0 0 0 0 0 0 0 0 0 0 0 0 0 0 0 0 0 0 0 0 0 0 0]
[2657803146504825809905890238868693572275698960619137959110593934555223248562286457082090345231679582486795025674194101594727723369335638796145299821131801622205790065568623030784009634830270893 1 0 0 0 0 0 0 0 0 0 0 0 0 0 0 0 0 0 0 0 0 0 0 0 0 0 0 0 0 0 0 0 0 0 0 0 0 0 0 0 0 0 0 0 0 0 0 0 0 0 0 0 0 0 0 0 0 0 0 0 0 0 0]
[3779613880883275872256491000198086977129401889353476589725051266560619913124316318401023928736225577314809737540737982453263146516705334314495912327837309205507045217118068764898820843752429700 0 1 0 0 0 0 0 0 0 0 0 0 0 0 0 0 0 0 0 0 0 0 0 0 0 0 0 0 0 0 0 0 0 0 0 0 0 0 0 0 0 0 0 0 0 0 0 0 0 0 0 0 0 0 0 0 0 0 0 0 0 0 0]
[1046392017721964771303963745427259183232997862773498085307962006678219644793161395833814863006826527987400748184153118514230433557904357545372202204161567854845448495881487509770669429639545582 0 0 1 0 0 0 0 0 0 0 0 0 0 0 0 0 0 0 0 0 0 0 0 0 0 0 0 0 0 0 0 0 0 0 0 0 0 0 0 0 0 0 0 0 0 0 0 0 0 0 0 0 0 0 0 0 0 0 0 0 0 0 0]
[834313619966344299452687682279985831297881978143290985692082784475088178471004502245723704159681822938210092434467015337295677732978255383120601111203637919185760786262934263307772731707565243 0 0 0 1 0 0 0 0 0 0 0 0 0 0 0 0 0 0 0 0 0 0 0 0 0 0 0 0 0 0 0 0 0 0 0 0 0 0 0 0 0 0 0 0 0 0 0 0 0 0 0 0 0 0 0 0 0 0 0 0 0 0 0]
[1735570588317444428195916761897677804672084913662078183064762521957711167174158321035095651806490089102873651270105139399085802046488543933367187621359413232047858818884308438888039016630872492 0 0 0 0 1 0 0 0 0 0 0 0 0 0 0 0 0 0 0 0 0 0 0 0 0 0 0 0 0 0 0 0 0 0 0 0 0 0 0 0 0 0 0 0 0 0 0 0 0 0 0 0 0 0 0 0 0 0 0 0 0 0 0]
[2439404944416081836571954398690019525753438986230586109994191301179143455655390861428067499745759875636817068310791674383307537622984063509964168528775769776342112587974765307553235380380847456 0 0 0 0 0 1 0 0 0 0 0 0 0 0 0 0 0 0 0 0 0 0 0 0 0 0 0 0 0 0 0 0 0 0 0 0 0 0 0 0 0 0 0 0 0 0 0 0 0 0 0 0 0 0 0 0 0 0 0 0 0 0 0]
[559754845330650962022203069953912818457672453429805491385588706918545156784134680528453894629310111215919406531420850865005454781770857884079083428640821920654874774549174618315625977428198637 0 0 0 0 0 0 1 0 0 0 0 0 0 0 0 0 0 0 0 0 0 0 0 0 0 0 0 0 0 0 0 0 0 0 0 0 0 0 0 0 0 0 0 0 0 0 0 0 0 0 0 0 0 0 0 0 0 0 0 0 0 0 0]
[1466725559780905488693218853375813851225067581438835609506698870253773133795075773778880725314700382496898816026985908946247389939073969665843878939361192952720831446562156831908165819135978003 0 0 0 0 0 0 0 1 0 0 0 0 0 0 0 0 0 0 0 0 0 0 0 0 0 0 0 0 0 0 0 0 0 0 0 0 0 0 0 0 0 0 0 0 0 0 0 0 0 0 0 0 0 0 0 0 0 0 0 0 0 0 0]
[4129361721519913059381029014866564260085911632979977913033559479265835968409088386916195745334261209786226660380947487434268996954169931428445190162527398352561527874334246081746052859262184140 0 0 0 0 0 0 0 0 1 0 0 0 0 0 0 0 0 0 0 0 0 0 0 0 0 0 0 0 0 0 0 0 0 0 0 0 0 0 0 0 0 0 0 0 0 0 0 0 0 0 0 0 0 0 0 0 0 0 0 0 0 0 0]
[3915260885713646739639749138374220659243713901306418598723968945697710832032654018584887019799993846581527886532750115019651276495584172023614400692307622944690359950237947944266618895718204787 0 0 0 0 0 0 0 0 0 1 0 0 0 0 0 0 0 0 0 0 0 0 0 0 0 0 0 0 0 0 0 0 0 0 0 0 0 0 0 0 0 0 0 0 0 0 0 0 0 0 0 0 0 0 0 0 0 0 0 0 0 0 0]
[2341766689502049158391683278179888251596736261896311579171163867177693176760045471680216253126000801703903461927738762378650428418130767095295901709596022272264373064827560561248054098294784334 0 0 0 0 0 0 0 0 0 0 1 0 0 0 0 0 0 0 0 0 0 0 0 0 0 0 0 0 0 0 0 0 0 0 0 0 0 0 0 0 0 0 0 0 0 0 0 0 0 0 0 0 0 0 0 0 0 0 0 0 0 0 0]
[841180696775288839294775517485634753527480559755252082998845508962218028157104018666022223989830591297002457917209482214811806727211323080187364052523357910725681221666824969158590212258158332 0 0 0 0 0 0 0 0 0 0 0 1 0 0 0 0 0 0 0 0 0 0 0 0 0 0 0 0 0 0 0 0 0 0 0 0 0 0 0 0 0 0 0 0 0 0 0 0 0 0 0 0 0 0 0 0 0 0 0 0 0 0 0]
[1267631721630497976657526252674121886068027118071910284987378158922884863886894098414815973915393462177477915074887938943803312912162259927444373403798953113935475967687600868524592707012991343 0 0 0 0 0 0 0 0 0 0 0 0 1 0 0 0 0 0 0 0 0 0 0 0 0 0 0 0 0 0 0 0 0 0 0 0 0 0 0 0 0 0 0 0 0 0 0 0 0 0 0 0 0 0 0 0 0 0 0 0 0 0 0]
[1973840376571990705538172588291416588398314834421005957589774711618940304926423656293484909222868858204883716196387926878063254501919141893724113088157068978065917284918867533647832223442430851 0 0 0 0 0 0 0 0 0 0 0 0 0 1 0 0 0 0 0 0 0 0 0 0 0 0 0 0 0 0 0 0 0 0 0 0 0 0 0 0 0 0 0 0 0 0 0 0 0 0 0 0 0 0 0 0 0 0 0 0 0 0 0]
[3112409039422399553289195351400310891313536078700721824939359650950888860924397884040316547463126873647449079841913487375312732088734307586211239692811408734661594677489263784133664316928846653 0 0 0 0 0 0 0 0 0 0 0 0 0 0 1 0 0 0 0 0 0 0 0 0 0 0 0 0 0 0 0 0 0 0 0 0 0 0 0 0 0 0 0 0 0 0 0 0 0 0 0 0 0 0 0 0 0 0 0 0 0 0 0]
[184863275828940266383916186405837192586363473504915686377997196868528507175698228710434517585404600388449018925947939995399654630712677266193355774550114558831063949793711748132830276270748605 0 0 0 0 0 0 0 0 0 0 0 0 0 0 0 1 0 0 0 0 0 0 0 0 0 0 0 0 0 0 0 0 0 0 0 0 0 0 0 0 0 0 0 0 0 0 0 0 0 0 0 0 0 0 0 0 0 0 0 0 0 0 0]
[2533116520838616959031905484596118197062943016360995101190439872233686676888279822734010802319834988374015002573901135954027701801659043847392878759382340767755038889674919460806361315922203933 0 0 0 0 0 0 0 0 0 0 0 0 0 0 0 0 1 0 0 0 0 0 0 0 0 0 0 0 0 0 0 0 0 0 0 0 0 0 0 0 0 0 0 0 0 0 0 0 0 0 0 0 0 0 0 0 0 0 0 0 0 0 0]
[280168468867102550575276962001240744976516873876185744358734517556324900369201353175670006490045052702432698416968154755215644492336959534894514494781714547109354889377117345768729686261382889 0 0 0 0 0 0 0 0 0 0 0 0 0 0 0 0 0 1 0 0 0 0 0 0 0 0 0 0 0 0 0 0 0 0 0 0 0 0 0 0 0 0 0 0 0 0 0 0 0 0 0 0 0 0 0 0 0 0 0 0 0 0 0]
[4256040626161944243793511344623617116487567417883996224257064963101108553728043464998873829585455542660462884144232932022409952668992764563736613920498737550407361818964326418034151339660475765 0 0 0 0 0 0 0 0 0 0 0 0 0 0 0 0 0 0 1 0 0 0 0 0 0 0 0 0 0 0 0 0 0 0 0 0 0 0 0 0 0 0 0 0 0 0 0 0 0 0 0 0 0 0 0 0 0 0 0 0 0 0 0]
[3631899273913358663818612538988806562366707818282065871544434433535251663929625874299732570164260604340257641144441184287864260629075764846061669124109696270272125992496302713112660637551941262 0 0 0 0 0 0 0 0 0 0 0 0 0 0 0 0 0 0 0 1 0 0 0 0 0 0 0 0 0 0 0 0 0 0 0 0 0 0 0 0 0 0 0 0 0 0 0 0 0 0 0 0 0 0 0 0 0 0 0 0 0 0 0]
[3838361491784886938469777937675162198605093192181290725301546127689629206009811507499643607750162125104853753435744180779558071873901342579279408381254531323543593384336612332962033284310078666 0 0 0 0 0 0 0 0 0 0 0 0 0 0 0 0 0 0 0 0 1 0 0 0 0 0 0 0 0 0 0 0 0 0 0 0 0 0 0 0 0 0 0 0 0 0 0 0 0 0 0 0 0 0 0 0 0 0 0 0 0 0 0]
[433490001564513498237001317077419730207313164528139167320880268925416518753732038380192515100472205912952579747868924975119037393196342610451964656347318947011191609117610007288872775646194741 0 0 0 0 0 0 0 0 0 0 0 0 0 0 0 0 0 0 0 0 0 1 0 0 0 0 0 0 0 0 0 0 0 0 0 0 0 0 0 0 0 0 0 0 0 0 0 0 0 0 0 0 0 0 0 0 0 0 0 0 0 0 0]
[3053580487581294660178801384649029146216691716891252933697383186882502031669614799300161536119598542780999311254630878719093139741628664178698098365717082429831284086393025411905000010935571050 0 0 0 0 0 0 0 0 0 0 0 0 0 0 0 0 0 0 0 0 0 0 1 0 0 0 0 0 0 0 0 0 0 0 0 0 0 0 0 0 0 0 0 0 0 0 0 0 0 0 0 0 0 0 0 0 0 0 0 0 0 0 0]
[458894731358029311392244025315744419531530749030870486654950910031692379227685953842055651591788190545781956400025372715575164294813793272377127308442511367332845536449418421064875035282969927 0 0 0 0 0 0 0 0 0 0 0 0 0 0 0 0 0 0 0 0 0 0 0 1 0 0 0 0 0 0 0 0 0 0 0 0 0 0 0 0 0 0 0 0 0 0 0 0 0 0 0 0 0 0 0 0 0 0 0 0 0 0 0]
[4323630833663865417637417884643728956271771068741091537961622238891585451388904632161931274091410895927630571861094749048400162240044311468779947180671579888535119509141892541491153005586688169 0 0 0 0 0 0 0 0 0 0 0 0 0 0 0 0 0 0 0 0 0 0 0 0 1 0 0 0 0 0 0 0 0 0 0 0 0 0 0 0 0 0 0 0 0 0 0 0 0 0 0 0 0 0 0 0 0 0 0 0 0 0 0]
[1690446106411834874211412787389335624483095605911869368522611628876895170433502438657554575900874472922958367375109238662468990169851013206649262883826743382569096071534502491853873694739144353 0 0 0 0 0 0 0 0 0 0 0 0 0 0 0 0 0 0 0 0 0 0 0 0 0 1 0 0 0 0 0 0 0 0 0 0 0 0 0 0 0 0 0 0 0 0 0 0 0 0 0 0 0 0 0 0 0 0 0 0 0 0 0]
[4238009273357026326306967740144630360863836580071134772144979116399999605086156161310130766145127358272546034387752878042585873661535745674505091009167766232562012986877995127958899731255578143 0 0 0 0 0 0 0 0 0 0 0 0 0 0 0 0 0 0 0 0 0 0 0 0 0 0 1 0 0 0 0 0 0 0 0 0 0 0 0 0 0 0 0 0 0 0 0 0 0 0 0 0 0 0 0 0 0 0 0 0 0 0 0]
[2291491422752878149041376445712479431516224823443247425752291407776205709756710870750982972624971634452506652413617755241919792871044005416560787752161448710845295767632821926374658651421653024 0 0 0 0 0 0 0 0 0 0 0 0 0 0 0 0 0 0 0 0 0 0 0 0 0 0 0 1 0 0 0 0 0 0 0 0 0 0 0 0 0 0 0 0 0 0 0 0 0 0 0 0 0 0 0 0 0 0 0 0 0 0 0]
[2164295504219568938230663240878911244578393298207080783575995188116281237933605414208841572128222561641371270547253000948439940378993706135504655360460441393742303913700840977764476676239888571 0 0 0 0 0 0 0 0 0 0 0 0 0 0 0 0 0 0 0 0 0 0 0 0 0 0 0 0 1 0 0 0 0 0 0 0 0 0 0 0 0 0 0 0 0 0 0 0 0 0 0 0 0 0 0 0 0 0 0 0 0 0 0]
[2413727137314306433232761795432812081518051421763384446281744667522536405337702655519934513237339303117254489216264166218062482207837247995416392241213352931820503401592635835890370064280769750 0 0 0 0 0 0 0 0 0 0 0 0 0 0 0 0 0 0 0 0 0 0 0 0 0 0 0 0 0 1 0 0 0 0 0 0 0 0 0 0 0 0 0 0 0 0 0 0 0 0 0 0 0 0 0 0 0 0 0 0 0 0 0]
[2400182060065838795724531020917454159795203157541318298035619760765466914590804254058594738916992098787147456712914643810251937556658857415304933676389751286057017032319791948582056490261557634 0 0 0 0 0 0 0 0 0 0 0 0 0 0 0 0 0 0 0 0 0 0 0 0 0 0 0 0 0 0 1 0 0 0 0 0 0 0 0 0 0 0 0 0 0 0 0 0 0 0 0 0 0 0 0 0 0 0 0 0 0 0 0]
[2777252537933697247691938115648092033134769238189804899419704949041315532003339919083627416341298821337690637508498620890058985749841102111915928981305765578749322414929464504864360325677837824 0 0 0 0 0 0 0 0 0 0 0 0 0 0 0 0 0 0 0 0 0 0 0 0 0 0 0 0 0 0 0 1 0 0 0 0 0 0 0 0 0 0 0 0 0 0 0 0 0 0 0 0 0 0 0 0 0 0 0 0 0 0 0]
[3486179742472442822701881700444808919545975365888938497441598777600680955490906034719451569014267662633093756841894402466001314995727201591409636265275532835973001786551359841100446343293076271 0 0 0 0 0 0 0 0 0 0 0 0 0 0 0 0 0 0 0 0 0 0 0 0 0 0 0 0 0 0 0 0 1 0 0 0 0 0 0 0 0 0 0 0 0 0 0 0 0 0 0 0 0 0 0 0 0 0 0 0 0 0 0]
[3676624300620463927626602986935203013336300866310983999186544399333728430966802240943296346677651381986682330076086329132612911875896956001870628286090944714791612902229801711401642731942332342 0 0 0 0 0 0 0 0 0 0 0 0 0 0 0 0 0 0 0 0 0 0 0 0 0 0 0 0 0 0 0 0 0 1 0 0 0 0 0 0 0 0 0 0 0 0 0 0 0 0 0 0 0 0 0 0 0 0 0 0 0 0 0]
[4249892112168155926534755651087914285061993943395637470955500650136313093121295525015479354538834506716595403457783989940819502851174515501223746679850513284878896008354449942668380152415956219 0 0 0 0 0 0 0 0 0 0 0 0 0 0 0 0 0 0 0 0 0 0 0 0 0 0 0 0 0 0 0 0 0 0 1 0 0 0 0 0 0 0 0 0 0 0 0 0 0 0 0 0 0 0 0 0 0 0 0 0 0 0 0]
[3940233023187227208008282007569763950643027861684831142997824490982899330779584215430698760410552130994767454742133916647031267401348451675988981557028677359171956935214298995247301492113255257 0 0 0 0 0 0 0 0 0 0 0 0 0 0 0 0 0 0 0 0 0 0 0 0 0 0 0 0 0 0 0 0 0 0 0 1 0 0 0 0 0 0 0 0 0 0 0 0 0 0 0 0 0 0 0 0 0 0 0 0 0 0 0]
[1662172428919934098549737097654689918155354949664325501183750728119913105420528004453175347148702045913213222688281096982573444446555195200309046195186490435392818260987339534979499576249755849 0 0 0 0 0 0 0 0 0 0 0 0 0 0 0 0 0 0 0 0 0 0 0 0 0 0 0 0 0 0 0 0 0 0 0 0 1 0 0 0 0 0 0 0 0 0 0 0 0 0 0 0 0 0 0 0 0 0 0 0 0 0 0]
[3274958487623990352594951765952676313057939378504174091476916232333735830913753538355345910457845255018319458951558757261229319074293821716392174355640776748595254049834171653973294715084560678 0 0 0 0 0 0 0 0 0 0 0 0 0 0 0 0 0 0 0 0 0 0 0 0 0 0 0 0 0 0 0 0 0 0 0 0 0 1 0 0 0 0 0 0 0 0 0 0 0 0 0 0 0 0 0 0 0 0 0 0 0 0 0]
[3374911462094378574075514880796336027412898565978803790401547290728709863162723056865103625478966735566018805753200966730156114264906069719880212630415016214635992933424430470068098607884418887 0 0 0 0 0 0 0 0 0 0 0 0 0 0 0 0 0 0 0 0 0 0 0 0 0 0 0 0 0 0 0 0 0 0 0 0 0 0 1 0 0 0 0 0 0 0 0 0 0 0 0 0 0 0 0 0 0 0 0 0 0 0 0]
[2608332729645951733911624060714584054454869088302556372885444316411604114999554857844904513231746766729963058460646144113874425353304857010436520847716782265913572343546360739006715584061639892 0 0 0 0 0 0 0 0 0 0 0 0 0 0 0 0 0 0 0 0 0 0 0 0 0 0 0 0 0 0 0 0 0 0 0 0 0 0 0 1 0 0 0 0 0 0 0 0 0 0 0 0 0 0 0 0 0 0 0 0 0 0 0]
[4346333672853787486437957590043757350642382002442641229423856356958902440992348800487350122752450327643262945018893350675505165127467312848207440318029534228317907407646844392877080488802359106 0 0 0 0 0 0 0 0 0 0 0 0 0 0 0 0 0 0 0 0 0 0 0 0 0 0 0 0 0 0 0 0 0 0 0 0 0 0 0 0 1 0 0 0 0 0 0 0 0 0 0 0 0 0 0 0 0 0 0 0 0 0 0]
[1334780229468311705040457595081026478513888315157733078688884082821951654386006934827190799971321785516368099143868268032171122469429208319256413219816324330028542662840196024705314104907388800 0 0 0 0 0 0 0 0 0 0 0 0 0 0 0 0 0 0 0 0 0 0 0 0 0 0 0 0 0 0 0 0 0 0 0 0 0 0 0 0 0 1 0 0 0 0 0 0 0 0 0 0 0 0 0 0 0 0 0 0 0 0 0]
[653874124388818252082799029130067569815915631325816189594803990199605138063394358100266260347630982042639830777707680692007638793425055422836812403896806773807475453471146041454948078107501954 0 0 0 0 0 0 0 0 0 0 0 0 0 0 0 0 0 0 0 0 0 0 0 0 0 0 0 0 0 0 0 0 0 0 0 0 0 0 0 0 0 0 1 0 0 0 0 0 0 0 0 0 0 0 0 0 0 0 0 0 0 0 0]
[3831340569697890153617743816121704851417598820143089579631730735026739777786913473037942273814043149300805784438500771468016886346137021713175711191090505163496794172985087149375138868880649616 0 0 0 0 0 0 0 0 0 0 0 0 0 0 0 0 0 0 0 0 0 0 0 0 0 0 0 0 0 0 0 0 0 0 0 0 0 0 0 0 0 0 0 1 0 0 0 0 0 0 0 0 0 0 0 0 0 0 0 0 0 0 0]
[3343928421943374524278692746992262313127920494448894494541309069644087448110519343534386919339268479700982579351679301752676471614691880319135032742762644052181741759233657534920473065200377391 0 0 0 0 0 0 0 0 0 0 0 0 0 0 0 0 0 0 0 0 0 0 0 0 0 0 0 0 0 0 0 0 0 0 0 0 0 0 0 0 0 0 0 0 1 0 0 0 0 0 0 0 0 0 0 0 0 0 0 0 0 0 0]
[3665535932190300591992095905106230925337508404765854427034178291539462487559527716000700935608646356552702531350002700537454419250098181064510469088893731364326506420320839752041864003352357432 0 0 0 0 0 0 0 0 0 0 0 0 0 0 0 0 0 0 0 0 0 0 0 0 0 0 0 0 0 0 0 0 0 0 0 0 0 0 0 0 0 0 0 0 0 1 0 0 0 0 0 0 0 0 0 0 0 0 0 0 0 0 0]
[3612357524960580507385969179533872574045707358927177969056100641970147877194065574247258007671830578221551053496713453541809227598858110483150807453202328466859703517192480964765995392619909421 0 0 0 0 0 0 0 0 0 0 0 0 0 0 0 0 0 0 0 0 0 0 0 0 0 0 0 0 0 0 0 0 0 0 0 0 0 0 0 0 0 0 0 0 0 0 1 0 0 0 0 0 0 0 0 0 0 0 0 0 0 0 0]
[916414762471954347065777173727386681637538468623252941434319229027464506842647970741925691765914547527631424571384898734304765047102296771118616792324341094828076788152316705142234302763471706 0 0 0 0 0 0 0 0 0 0 0 0 0 0 0 0 0 0 0 0 0 0 0 0 0 0 0 0 0 0 0 0 0 0 0 0 0 0 0 0 0 0 0 0 0 0 0 1 0 0 0 0 0 0 0 0 0 0 0 0 0 0 0]
[153174641895227382569285494729427723080019773805332445837581285448111454578007199247116350711095862445862890989090240135971151546992323994337920895197107269953023478607250844261438691453329844 0 0 0 0 0 0 0 0 0 0 0 0 0 0 0 0 0 0 0 0 0 0 0 0 0 0 0 0 0 0 0 0 0 0 0 0 0 0 0 0 0 0 0 0 0 0 0 0 1 0 0 0 0 0 0 0 0 0 0 0 0 0 0]
[2665913192537078632132853202911946507292984598919211467157480583993692769429532515823463545797200465954584620322380405185878820130407456876385392965194811417414285493306151534424828614409382812 0 0 0 0 0 0 0 0 0 0 0 0 0 0 0 0 0 0 0 0 0 0 0 0 0 0 0 0 0 0 0 0 0 0 0 0 0 0 0 0 0 0 0 0 0 0 0 0 0 1 0 0 0 0 0 0 0 0 0 0 0 0 0]
[3335393643266367122237131916420810918903673157738821739069196067630942756117062037752714426648225930364303832367266210788644026327693526075677232741639057909418223598273720551326639386354314205 0 0 0 0 0 0 0 0 0 0 0 0 0 0 0 0 0 0 0 0 0 0 0 0 0 0 0 0 0 0 0 0 0 0 0 0 0 0 0 0 0 0 0 0 0 0 0 0 0 0 1 0 0 0 0 0 0 0 0 0 0 0 0]
[1972640709979930588946347228355651205953220998545510620265167577877995397741348645566743785242993367022065410580289667658564505970895533544119258678003917579196339148388808157334343329283405065 0 0 0 0 0 0 0 0 0 0 0 0 0 0 0 0 0 0 0 0 0 0 0 0 0 0 0 0 0 0 0 0 0 0 0 0 0 0 0 0 0 0 0 0 0 0 0 0 0 0 0 1 0 0 0 0 0 0 0 0 0 0 0]
[1831517630329513814716697882242568010971454040913978978404361104482570334348797094060865234201782254050054564728910364419992472531802246152022406605703350697327761537655263618993094947734683009 0 0 0 0 0 0 0 0 0 0 0 0 0 0 0 0 0 0 0 0 0 0 0 0 0 0 0 0 0 0 0 0 0 0 0 0 0 0 0 0 0 0 0 0 0 0 0 0 0 0 0 0 1 0 0 0 0 0 0 0 0 0 0]
[1903080767606959731350892677569078374325657541029426562665222110199818005721654129518846639618524325921809260890467460722862428658776067035537159127927617377798445926945615433604808486273097170 0 0 0 0 0 0 0 0 0 0 0 0 0 0 0 0 0 0 0 0 0 0 0 0 0 0 0 0 0 0 0 0 0 0 0 0 0 0 0 0 0 0 0 0 0 0 0 0 0 0 0 0 0 1 0 0 0 0 0 0 0 0 0]
[1454341190050583968026923291001190542357721960196175230649063423765045709560530899187491059929380176333420786453155263560448044502298324894084410688272974992133968827419551747190158356954708077 0 0 0 0 0 0 0 0 0 0 0 0 0 0 0 0 0 0 0 0 0 0 0 0 0 0 0 0 0 0 0 0 0 0 0 0 0 0 0 0 0 0 0 0 0 0 0 0 0 0 0 0 0 0 1 0 0 0 0 0 0 0 0]
[2964999181856996333466890718036567454237526395630358022104511056711783319037729774440360940095783179620349922291085959091154325832124984645508039181234012025269161867870648920029715491526260793 0 0 0 0 0 0 0 0 0 0 0 0 0 0 0 0 0 0 0 0 0 0 0 0 0 0 0 0 0 0 0 0 0 0 0 0 0 0 0 0 0 0 0 0 0 0 0 0 0 0 0 0 0 0 0 1 0 0 0 0 0 0 0]
[2449956639448453651875012666642785121874785210691471692363751868443481806409486383308539116607225390986393697572412773819525352481018865867254565990087303130167173489416444813561946257861328024 0 0 0 0 0 0 0 0 0 0 0 0 0 0 0 0 0 0 0 0 0 0 0 0 0 0 0 0 0 0 0 0 0 0 0 0 0 0 0 0 0 0 0 0 0 0 0 0 0 0 0 0 0 0 0 0 1 0 0 0 0 0 0]
[2784321376629720204035811593167495419796454818330158271490805468554198067334988654665794440118340439173415448846721503321977814781284303662529179868113011458496368571348015412625443104002059204 0 0 0 0 0 0 0 0 0 0 0 0 0 0 0 0 0 0 0 0 0 0 0 0 0 0 0 0 0 0 0 0 0 0 0 0 0 0 0 0 0 0 0 0 0 0 0 0 0 0 0 0 0 0 0 0 0 1 0 0 0 0 0]
[4053770656774687859782919768302216476386031160825508062856328603180669169565932964645266518816512088987709935127997201985664236794423131630256216343863950117449137964142638803766131884043722487 0 0 0 0 0 0 0 0 0 0 0 0 0 0 0 0 0 0 0 0 0 0 0 0 0 0 0 0 0 0 0 0 0 0 0 0 0 0 0 0 0 0 0 0 0 0 0 0 0 0 0 0 0 0 0 0 0 0 1 0 0 0 0]
[3883059396573233916272073493900120778341193637475643708384077480255520326401024789940272885597559766978098541885390312281759274051267886699094780965293932072936490761292157088598268249960978040 0 0 0 0 0 0 0 0 0 0 0 0 0 0 0 0 0 0 0 0 0 0 0 0 0 0 0 0 0 0 0 0 0 0 0 0 0 0 0 0 0 0 0 0 0 0 0 0 0 0 0 0 0 0 0 0 0 0 0 1 0 0 0]
[1678818858753944747907038434022201120933876548491021036550129416285579616295595379112015954167584093129754273236739031072463480546977512735433931238523348388554549614388776609969314056922100785 0 0 0 0 0 0 0 0 0 0 0 0 0 0 0 0 0 0 0 0 0 0 0 0 0 0 0 0 0 0 0 0 0 0 0 0 0 0 0 0 0 0 0 0 0 0 0 0 0 0 0 0 0 0 0 0 0 0 0 0 1 0 0]
[3665023757804477269247247522532835699535071641790896082196964902979123360143824443737449137024707555773441152554652051012287294448991684495927782409153014817824575587509832459107790839028480303 0 0 0 0 0 0 0 0 0 0 0 0 0 0 0 0 0 0 0 0 0 0 0 0 0 0 0 0 0 0 0 0 0 0 0 0 0 0 0 0 0 0 0 0 0 0 0 0 0 0 0 0 0 0 0 0 0 0 0 0 0 1 0]
[2122040324415301261856053741644588901045754392430338339635375285691826750880692110685341041679277555884142857519313794807027637623186107701844257105436723371522435623278335024270273512870018105 0 0 0 0 0 0 0 0 0 0 0 0 0 0 0 0 0 0 0 0 0 0 0 0 0 0 0 0 0 0 0 0 0 0 0 0 0 0 0 0 0 0 0 0 0 0 0 0 0 0 0 0 0 0 0 0 0 0 0 0 0 0 1]
]
64 128 7
[1 0 0 0 0 0 0 0 0 0 0 0 0 0 0 0 0 0 0 0 0 0 0 0 0 0 0 0 0 0 0 0 0 0 0 0 0 0 0 0 0 0 0 0 0 0 0 0 0 0 0 0 0 0 0 0 0 0 0 0 0 0 0 0 1]
