[[2432735002056758796143649820332613952729404888704880541429585017015101120648306174856008951780608575377933940729795210253139046902239257913217826742890980557079578683001227927363122607463343361 0 0 0 0 0 0 0 0 0 0 0 0 0 0 0 0 0 0 0 0 0 0 0 0 0 0 0 0 0 0 0 0 0 0 0 0 0 0 0 0 0 0 0 0 0 0 0 0 0 0 0 0 0 0 0 0 0 0 0 0 0 0 0]
[69430356750168785316864859045593404779406260896813658184625909504870471979897136397747797196639711940661243352929395724179251538817661251082159087558369705053854773723415536608992031083144563 1 0 0 0 0 0 0 0 0 0 0 0 0 0 0 0 0 0 0 0 0 0 0 0 0 0 0 0 0 0 0 0 0 0 0 0 0 0 0 0 0 0 0 0 0 0 0 0 0 0 0 0 0 0 0 0 0 0 0 0 0 0 0]
[2401854031248627351091933155777654951222214703956860130789191502940965834758352171629667692536458179013731450176814910570736780037739901029135563446526265947105457621280989693513439341720920660 0 1 0 0 0 0 0 0 0 0 0 0 0 0 0 0 0 0 0 0 0 0 0 0 0 0 0 0 0 0 0 0 0 0 0 0 0 0 0 0 0 0 0 0 0 0 0 0 0 0 0 0 0 0 0 0 0 0 0 0 0 0 0]
[1766781386921399393631189728854042278677199774027204109433686594412462530754219749926774203902633754553555800416350503456827111302073957667473436306982174880212945692668011390250027153989343177 0 0 1 0 0 0 0 0 0 0 0 0 0 0 0 0 0 0 0 0 0 0 0 0 0 0 0 0 0 0 0 0 0 0 0 0 0 0 0 0 0 0 0 0 0 0 0 0 0 0 0 0 0 0 0 0 0 0 0 0 0 0 0]
[585564277292155958941094086162345259932871884326330952401993518619343089164180717011703020941056404324725210303114298960664026367231931765263632910156274683313731572534766383595622253617219055 0 0 0 1 0 0 0 0 0 0 0 0 0 0 0 0 0 0 0 0 0 0 0 0 0 0 0 0 0 0 0 0 0 0 0 0 0 0 0 0 0 0 0 0 0 0 0 0 0 0 0 0 0 0 0 0 0 0 0 0 0 0 0]
[52866753168601912136092501670201841667285315101305622473396004997418562870129285398964290961943982921565833551349308774380734121952037293975363532040534533107908798204589916604057256515810037 0 0 0 0 1 0 0 0 0 0 0 0 0 0 0 0 0 0 0 0 0 0 0 0 0 0 0 0 0 0 0 0 0 0 0 0 0 0 0 0 0 0 0 0 0 0 0 0 0 0 0 0 0 0 0 0 0 0 0 0 0 0 0]
[833230171711968894568956322584079303140316623781060608854858747324368574979413808731072875412964117336106674581248031400376776877159548242737727488690430974859526369886291426276323212506833325 0 0 0 0 0 1 0 0 0 0 0 0 0 0 0 0 0 0 0 0 0 0 0 0 0 0 0 0 0 0 0 0 0 0 0 0 0 0 0 0 0 0 0 0 0 0 0 0 0 0 0 0 0 0 0 0 0 0 0 0 0 0 0]
[1945161493244216738692007055982142593518069145810045138559827470905709571700618293961952786108233700519591072418671607698490004230802770159496168166000651455214973695970452864687365994662725331 0 0 0 0 0 0 1 0 0 0 0 0 0 0 0 0 0 0 0 0 0 0 0 0 0 0 0 0 0 0 0 0 0 0 0 0 0 0 0 0 0 0 0 0 0 0 0 0 0 0 0 0 0 0 0 0 0 0 0 0 0 0 0]
[1976359711306468842328515101395375285199252288058736031664008485542991992542947031912758722973398495813677850910538176415783435194752595447492645843312226411450226494727200651941213178959794133 0 0 0 0 0 0 0 1 0 0 0 0 0 0 0 0 0 0 0 0 0 0 0 0 0 0 0 0 0 0 0 0 0 0 0 0 0 0 0 0 0 0 0 0 0 0 0 0 0 0 0 0 0 0 0 0 0 0 0 0 0 0 0]
[659602589770638450665848163811654943221416118534921629868852592705507198116153292593519704734362196257295058228760496865635625473862919719846816287964185572216099946921657809034719482410607748 0 0 0 0 0 0 0 0 1 0 0 0 0 0 0 0 0 0 0 0 0 0 0 0 0 0 0 0 0 0 0 0 0 0 0 0 0 0 0 0 0 0 0 0 0 0 0 0 0 0 0 0 0 0 0 0 0 0 0 0 0 0 0]
[2099297369871427066534673546140189360001815127863239586682232050056066006393567305004249835997960904624609768223196055404080066526529887124193724950570480155049133330657212451962593282696572355 0 0 0 0 0 0 0 0 0 1 0 0 0 0 0 0 0 0 0 0 0 0 0 0 0 0 0 0 0 0 0 0 0 0 0 0 0 0 0 0 0 0 0 0 0 0 0 0 0 0 0 0 0 0 0 0 0 0 0 0 0 0 0]
[2081003825727781231644364697513275116869916486202511523898870010760411708399431413842000116942067886304472013116595430568764061150565373180916098434660341427262420797935402763263244902160823050 0 0 0 0 0 0 0 0 0 0 1 0 0 0 0 0 0 0 0 0 0 0 0 0 0 0 0 0 0 0 0 0 0 0 0 0 0 0 0 0 0 0 0 0 0 0 0 0 0 0 0 0 0 0 0 0 0 0 0 0 0 0 0]
[1759896227735397586302565493879178233966860467893409832445856611487049779139036360598027217411242988720979864835295410180880564447487105353788756867155608098814480630608487770734151376113965117 0 0 0 0 0 0 0 0 0 0 0 1 0 0 0 0 0 0 0 0 0 0 0 0 0 0 0 0 0 0 0 0 0 0 0 0 0 0 0 0 0 0 0 0 0 0 0 0 0 0 0 0 0 0 0 0 0 0 0 0 0 0 0]
[2391415551697633402722729731708053976111995494291777587691995856049021522036820498428764897586561109603983858895958200171779841957836370876517397059405631736464973945786819586740714698718462119 0 0 0 0 0 0 0 0 0 0 0 0 1 0 0 0 0 0 0 0 0 0 0 0 0 0 0 0 0 0 0 0 0 0 0 0 0 0 0 0 0 0 0 0 0 0 0 0 0 0 0 0 0 0 0 0 0 0 0 0 0 0 0]
[2324873430898833373774445925328923076082367113607057504598976910470713339886437970505361996055000183146566444758901358080612546967595903106216333910156843410580812111585780050977380732727625910 0 0 0 0 0 0 0 0 0 0 0 0 0 1 0 0 0 0 0 0 0 0 0 0 0 0 0 0 0 0 0 0 0 0 0 0 0 0 0 0 0 0 0 0 0 0 0 0 0 0 0 0 0 0 0 0 0 0 0 0 0 0 0]
[818059105714495711527454859852504842381407843387809922794861565153836400874771777709584713275905023717270403641795740678680867134118774337644150772881491441990114249073022793649986236322734646 0 0 0 0 0 0 0 0 0 0 0 0 0 0 1 0 0 0 0 0 0 0 0 0 0 0 0 0 0 0 0 0 0 0 0 0 0 0 0 0 0 0 0 0 0 0 0 0 0 0 0 0 0 0 0 0 0 0 0 0 0 0 0]
[1298307515452582908093032690106293976858857812659058498784039835418021599243423485402493011277679669374815418031618706798250703829464949279686443698641772302018811340775338300025829746988309180 0 0 0 0 0 0 0 0 0 0 0 0 0 0 0 1 0 0 0 0 0 0 0 0 0 0 0 0 0 0 0 0 0 0 0 0 0 0 0 0 0 0 0 0 0 0 0 0 0 0 0 0 0 0 0 0 0 0 0 0 0 0 0]
[224475111721659678575557250017742586823179819144217521771370452485280796037793572378759193635451267430682118618333260914655811057294363767736918078927168838307987486849131849256576490436119410 0 0 0 0 0 0 0 0 0 0 0 0 0 0 0 0 1 0 0 0 0 0 0 0 0 0 0 0 0 0 0 0 0 0 0 0 0 0 0 0 0 0 0 0 0 0 0 0 0 0 0 0 0 0 0 0 0 0 0 0 0 0 0]
[2422901793827959815489981234594627118751168159175512523040516697277862620552362273505243263985218240052733808708848730484045945086030986986120120615273915418917039107515542732936947380064900967 0 0 0 0 0 0 0 0 0 0 0 0 0 0 0 0 0 1 0 0 0 0 0 0 0 0 0 0 0 0 0 0 0 0 0 0 0 0 0 0 0 0 0 0 0 0 0 0 0 0 0 0 0 0 0 0 0 0 0 0 0 0 0]
[1790775098644380560239780759337996190157421001895868858458585093162722886694218209454645962927489158069139406925185589686444786423134829600019879737725670074278208200805256245528383186285021812 0 0 0 0 0 0 0 0 0 0 0 0 0 0 0 0 0 0 1 0 0 0 0 0 0 0 0 0 0 0 0 0 0 0 0 0 0 0 0 0 0 0 0 0 0 0 0 0 0 0 0 0 0 0 0 0 0 0 0 0 0 0 0]
[579131095570519843737715064096078098348381536935476202955003563857112869939479400989644891339838209480318942264576233926467947699189459707135202540495549748963758488407125042630479202291758214 0 0 0 0 0 0 0 0 0 0 0 0 0 0 0 0 0 0 0 1 0 0 0 0 0 0 0 0 0 0 0 0 0 0 0 0 0 0 0 0 0 0 0 0 0 0 0 0 0 0 0 0 0 0 0 0 0 0 0 0 0 0 0]
[1174438425808627179909014039860281347774512969365713428306404100242649316375843412516133634741591729425336683173977197219597545426595881638633650242067539464027054850015612105154881104709886787 0 0 0 0 0 0 0 0 0 0 0 0 0 0 0 0 0 0 0 0 1 0 0 0 0 0 0 0 0 0 0 0 0 0 0 0 0 0 0 0 0 0 0 0 0 0 0 0 0 0 0 0 0 0 0 0 0 0 0 0 0 0 0]
[31603249270403094541463551711797266343336391137550800623199268264927625620686278627517729491530204412659709459967925141147737698545252880497193319689848143170424403992297857771628125602537023 0 0 0 0 0 0 0 0 0 0 0 0 0 0 0 0 0 0 0 0 0 1 0 0 0 0 0 0 0 0 0 0 0 0 0 0 0 0 0 0 0 0 0 0 0 0 0 0 0 0 0 0 0 0 0 0 0 0 0 0 0 0 0]
[249220543988756985192024781199010630096358783578243659745494438168667198880568096669692362521753212508980879208310343861753335721198903000166440112695836003767054391972212043068073735895945843 0 0 0 0 0 0 0 0 0 0 0 0 0 0 0 0 0 0 0 0 0 0 1 0 0 0 0 0 0 0 0 0 0 0 0 0 0 0 0 0 0 0 0 0 0 0 0 0 0 0 0 0 0 0 0 0 0 0 0 0 0 0 0]
[2374520784536446887718687141115841901026796535361654177153112424090062399199270969614057970858377710773010859542442065181891923262424289161421101276950617707018635085086785121107213639352197049 0 0 0 0 0 0 0 0 0 0 0 0 0 0 0 0 0 0 0 0 0 0 0 1 0 0 0 0 0 0 0 0 0 0 0 0 0 0 0 0 0 0 0 0 0 0 0 0 0 0 0 0 0 0 0 0 0 0 0 0 0 0 0]
[415547963607510301740301438315198723536744626140492889692237461216311436043028093890550447294564356788341154719223301561976730194310058473920214146737341442817769183222184205499405311420776648 0 0 0 0 0 0 0 0 0 0 0 0 0 0 0 0 0 0 0 0 0 0 0 0 1 0 0 0 0 0 0 0 0 0 0 0 0 0 0 0 0 0 0 0 0 0 0 0 0 0 0 0 0 0 0 0 0 0 0 0 0 0 0]
[370125598970852214781719195293553155489267213737556888638393688369824552391692645942345801533843480806185073503019810355568608511511047979974269255287030563298041666807206937130788349345377044 0 0 0 0 0 0 0 0 0 0 0 0 0 0 0 0 0 0 0 0 0 0 0 0 0 1 0 0 0 0 0 0 0 0 0 0 0 0 0 0 0 0 0 0 0 0 0 0 0 0 0 0 0 0 0 0 0 0 0 0 0 0 0]
[2252056649234076306276997908243296411818961533490199637031957736351546523247188652051486033506607816321487095077723770227709716684566518272611585279127094442977473644689227379978017206039489601 0 0 0 0 0 0 0 0 0 0 0 0 0 0 0 0 0 0 0 0 0 0 0 0 0 0 1 0 0 0 0 0 0 0 0 0 0 0 0 0 0 0 0 0 0 0 0 0 0 0 0 0 0 0 0 0 0 0 0 0 0 0 0]
[152072252231297969783107098166155185947996741257194004193816498870181602546544967452337712018086988024735778123588988994176179668651928445116184755851409953501413820092335307156298365831692743 0 0 0 0 0 0 0 0 0 0 0 0 0 0 0 0 0 0 0 0 0 0 0 0 0 0 0 1 0 0 0 0 0 0 0 0 0 0 0 0 0 0 0 0 0 0 0 0 0 0 0 0 0 0 0 0 0 0 0 0 0 0 0]
[465016911290681805256358749620918722061574893364407791287539091360490313026611152602787497158989696659942477344597557156316234543526504017864778351000711427690852045593937441405737565913194831 0 0 0 0 0 0 0 0 0 0 0 0 0 0 0 0 0 0 0 0 0 0 0 0 0 0 0 0 1 0 0 0 0 0 0 0 0 0 0 0 0 0 0 0 0 0 0 0 0 0 0 0 0 0 0 0 0 0 0 0 0 0 0]
[208168434000773440178392400123622804307869663431644928661014465536276993121787646916114292361645546266088153034415956357052329668440569619803406383964808099453561717116827628754572558963982713 0 0 0 0 0 0 0 0 0 0 0 0 0 0 0 0 0 0 0 0 0 0 0 0 0 0 0 0 0 1 0 0 0 0 0 0 0 0 0 0 0 0 0 0 0 0 0 0 0 0 0 0 0 0 0 0 0 0 0 0 0 0 0]
[2309986896337396043358856220387069711544239332214363416101347139265133305713848814425944080880087618256274804009477926257153072025527793335321280637519229177267891879471796325897252751595135162 0 0 0 0 0 0 0 0 0 0 0 0 0 0 0 0 0 0 0 0 0 0 0 0 0 0 0 0 0 0 1 0 0 0 0 0 0 0 0 0 0 0 0 0 0 0 0 0 0 0 0 0 0 0 0 0 0 0 0 0 0 0 0]
[984538647116366895559228210433922468328511597370166812222470102342569045247305474940235678831270273975614317113959775264109599106905459373687322048105811030270885719115345199002655093198118661 0 0 0 0 0 0 0 0 0 0 0 0 0 0 0 0 0 0 0 0 0 0 0 0 0 0 0 0 0 0 0 1 0 0 0 0 0 0 0 0 0 0 0 0 0 0 0 0 0 0 0 0 0 0 0 0 0 0 0 0 0 0 0]
[2077152906527909790794516741166780247443467281632657046364512694671546912830007087949953315544509490925854565145914202512630214842002636922529214618755375223905051104471701922998659535139343948 0 0 0 0 0 0 0 0 0 0 0 0 0 0 0 0 0 0 0 0 0 0 0 0 0 0 0 0 0 0 0 0 1 0 0 0 0 0 0 0 0 0 0 0 0 0 0 0 0 0 0 0 0 0 0 0 0 0 0 0 0 0 0]
[2216234589494198417737016767564371627429190143024244566506961549114308743048367776471376006485823723458618655886608893739664414837373481370674849477931535964153492322136697702077238944735928823 0 0 0 0 0 0 0 0 0 0 0 0 0 0 0 0 0 0 0 0 0 0 0 0 0 0 0 0 0 0 0 0 0 1 0 0 0 0 0 0 0 0 0 0 0 0 0 0 0 0 0 0 0 0 0 0 0 0 0 0 0 0 0]
[1999001187855047135620507686344612415419808108674916091128244982394694931469822883779737593799919824233395649146775946889418810613369738196360576449285644345182475207677944856602111952271827888 0 0 0 0 0 0 0 0 0 0 0 0 0 0 0 0 0 0 0 0 0 0 0 0 0 0 0 0 0 0 0 0 0 0 1 0 0 0 0 0 0 0 0 0 0 0 0 0 0 0 0 0 0 0 0 0 0 0 0 0 0 0 0]
[1469130270078752036128897444614076859598577870003416720994979708797197986446775905852010355087531455377192322523193387053685673332130611932946367619052622609218769766685515181967008378654458907 0 0 0 0 0 0 0 0 0 0 0 0 0 0 0 0 0 0 0 0 0 0 0 0 0 0 0 0 0 0 0 0 0 0 0 1 0 0 0 0 0 0 0 0 0 0 0 0 0 0 0 0 0 0 0 0 0 0 0 0 0 0 0]
[1807590208792156293830937013709088866971703819175415453087372801207087964476447485795738602311400334902049019268092116085805149045118066921309407445141491596987684793837821586801099379167442617 0 0 0 0 0 0 0 0 0 0 0 0 0 0 0 0 0 0 0 0 0 0 0 0 0 0 0 0 0 0 0 0 0 0 0 0 1 0 0 0 0 0 0 0 0 0 0 0 0 0 0 0 0 0 0 0 0 0 0 0 0 0 0]
[2263722428480063082475306001066750013242667205874689922046615860978399647110910312160132849575363409804889864542211850149208707675607416007878413331010902624229342233408222058939924539400402373 0 0 0 0 0 0 0 0 0 0 0 0 0 0 0 0 0 0 0 0 0 0 0 0 0 0 0 0 0 0 0 0 0 0 0 0 0 1 0 0 0 0 0 0 0 0 0 0 0 0 0 0 0 0 0 0 0 0 0 0 0 0 0]
[1434321635937718321367160519708323328274347510801694738176971957610047750938214437406169084770099723158723747103092233797933341417665560342390765900990025463379942389594258270535442865337120391 0 0 0 0 0 0 0 0 0 0 0 0 0 0 0 0 0 0 0 0 0 0 0 0 0 0 0 0 0 0 0 0 0 0 0 0 0 0 1 0 0 0 0 0 0 0 0 0 0 0 0 0 0 0 0 0 0 0 0 0 0 0 0]
[1857738937901128180094165704097182982028978336453518318540929195614722765955828390136346283609654776172251559957464835910113761526847011387571751323489764981317019311178238024294637593119964626 0 0 0 0 0 0 0 0 0 0 0 0 0 0 0 0 0 0 0 0 0 0 0 0 0 0 0 0 0 0 0 0 0 0 0 0 0 0 0 1 0 0 0 0 0 0 0 0 0 0 0 0 0 0 0 0 0 0 0 0 0 0 0]
[1153254647860729257670260989416414383682135672196711741644541313042498122966010275581067444478593814241661887452563800965622051565508582136186042355297716595812236028148853156425198268689832187 0 0 0 0 0 0 0 0 0 0 0 0 0 0 0 0 0 0 0 0 0 0 0 0 0 0 0 0 0 0 0 0 0 0 0 0 0 0 0 0 1 0 0 0 0 0 0 0 0 0 0 0 0 0 0 0 0 0 0 0 0 0 0]
[1417072248868864853295245268632686305303897201468488378668178404337574709732064951995219469950304456175880976926289791759473029667969293410814761264060505035581662642760563221549366116396552927 0 0 0 0 0 0 0 0 0 0 0 0 0 0 0 0 0 0 0 0 0 0 0 0 0 0 0 0 0 0 0 0 0 0 0 0 0 0 0 0 0 1 0 0 0 0 0 0 0 0 0 0 0 0 0 0 0 0 0 0 0 0 0]
[2095889092472810966902764799264684861354092053300779625340301203590407769511289134223199122049785723802554997218194169405909701565064634905048077085205864903306512689746190067170420981122519205 0 0 0 0 0 0 0 0 0 0 0 0 0 0 0 0 0 0 0 0 0 0 0 0 0 0 0 0 0 0 0 0 0 0 0 0 0 0 0 0 0 0 1 0 0 0 0 0 0 0 0 0 0 0 0 0 0 0 0 0 0 0 0]
[555268354338086615492132720646513289250702980491971316605156768269175069360450849250704042746869850172185495245036755391784279768434837733199667429715094938500231785072757190038610509510636558 0 0 0 0 0 0 0 0 0 0 0 0 0 0 0 0 0 0 0 0 0 0 0 0 0 0 0 0 0 0 0 0 0 0 0 0 0 0 0 0 0 0 0 1 0 0 0 0 0 0 0 0 0 0 0 0 0 0 0 0 0 0 0]
[1496414298069976267398246227413744038612786674747736118823073737523460491058118279031877723895830393417745078446510360095852615550858241632906690673064313885257168922104571049046155102506958456 0 0 0 0 0 0 0 0 0 0 0 0 0 0 0 0 0 0 0 0 0 0 0 0 0 0 0 0 0 0 0 0 0 0 0 0 0 0 0 0 0 0 0 0 1 0 0 0 0 0 0 0 0 0 0 0 0 0 0 0 0 0 0]
[245057524193507702656657343728277998950287430707584498255208494660472307333738308994499273769815881948448499163953662497854045315105843681142516578170072314750317474949842572526084143275405264 0 0 0 0 0 0 0 0 0 0 0 0 0 0 0 0 0 0 0 0 0 0 0 0 0 0 0 0 0 0 0 0 0 0 0 0 0 0 0 0 0 0 0 0 0 1 0 0 0 0 0 0 0 0 0 0 0 0 0 0 0 0 0]
[1596396717496697284737028105737750552162807044488296913955513808347633727672683097860060835312328029767159206092389933805506680427432138941517797565881065860817140108858370247527368970551578296 0 0 0 0 0 0 0 0 0 0 0 0 0 0 0 0 0 0 0 0 0 0 0 0 0 0 0 0 0 0 0 0 0 0 0 0 0 0 0 0 0 0 0 0 0 0 1 0 0 0 0 0 0 0 0 0 0 0 0 0 0 0 0]
[1042640158409292351341283223768142781121147846922994779069315245323301599894312092536466415723147685233802382924831486438430203890476782973220341274735195960056977110641359210966936234752123394 0 0 0 0 0 0 0 0 0 0 0 0 0 0 0 0 0 0 0 0 0 0 0 0 0 0 0 0 0 0 0 0 0 0 0 0 0 0 0 0 0 0 0 0 0 0 0 1 0 0 0 0 0 0 0 0 0 0 0 0 0 0 0]
[416022605226778884536103871166755865898379977903963948715405937571265502981688659564387087990248851921398834495049804849246168319105271300952183082237832182549454454416302165682935015367960960 0 0 0 0 0 0 0 0 0 0 0 0 0 0 0 0 0 0 0 0 0 0 0 0 0 0 0 0 0 0 0 0 0 0 0 0 0 0 0 0 0 0 0 0 0 0 0 0 1 0 0 0 0 0 0 0 0 0 0 0 0 0 0]
[997687622355591064907915472793254351740836410387339686685121302403933708921035782966293806701999870233755743707662180510582123939802515943129001306257937742959016372538583024535402573954834321 0 0 0 0 0 0 0 0 0 0 0 0 0 0 0 0 0 0 0 0 0 0 0 0 0 0 0 0 0 0 0 0 0 0 0 0 0 0 0 0 0 0 0 0 0 0 0 0 0 1 0 0 0 0 0 0 0 0 0 0 0 0 0]
[2192956411824762319753315577653365751395706515678514730547873432348242627837234348563020810950060617268672836937378407984879040167796035786302006677311793866521053395919774669547551487149398749 0 0 0 0 0 0 0 0 0 0 0 0 0 0 0 0 0 0 0 0 0 0 0 0 0 0 0 0 0 0 0 0 0 0 0 0 0 0 0 0 0 0 0 0 0 0 0 0 0 0 1 0 0 0 0 0 0 0 0 0 0 0 0]
[1836825308891565217234134379198498232135826223339051904684381099010270987640991887680938551071932316655474876211316028085462023788384022310089293036529333011998636732538083024144359467302225431 0 0 0 0 0 0 0 0 0 0 0 0 0 0 0 0 0 0 0 0 0 0 0 0 0 0 0 0 0 0 0 0 0 0 0 0 0 0 0 0 0 0 0 0 0 0 0 0 0 0 0 1 0 0 0 0 0 0 0 0 0 0 0]
[1253890686875222319163229405481134325478427220306635645373816632678002097013024340236314147084487242034106158369566131678820772429829577630396992075244291085351859793173622027107264875732310048 0 0 0 0 0 0 0 0 0 0 0 0 0 0 0 0 0 0 0 0 0 0 0 0 0 0 0 0 0 0 0 0 0 0 0 0 0 0 0 0 0 0 0 0 0 0 0 0 0 0 0 0 1 0 0 0 0 0 0 0 0 0 0]
[1974753915337033778377564169177804712765143195826190930868171235752292966979586396912404680331395394683093127569813601638658743935663419173091427798612840377012206089086934884464312946187416810 0 0 0 0 0 0 0 0 0 0 0 0 0 0 0 0 0 0 0 0 0 0 0 0 0 0 0 0 0 0 0 0 0 0 0 0 0 0 0 0 0 0 0 0 0 0 0 0 0 0 0 0 0 1 0 0 0 0 0 0 0 0 0]
[2420366633316543246939518181534240108549183533384388421992939032775345639262082579514778745649344570632299246561722813138527237423489345788494430268032740371827854657754377209620855175395498563 0 0 0 0 0 0 0 0 0 0 0 0 0 0 0 0 0 0 0 0 0 0 0 0 0 0 0 0 0 0 0 0 0 0 0 0 0 0 0 0 0 0 0 0 0 0 0 0 0 0 0 0 0 0 1 0 0 0 0 0 0 0 0]
[9451002311354789874035013242034090869367507777542794821403717944317131623303493639226304769205663450565682873740880190846836498370562096454694362702302119059604099056931610004086710117805954 0 0 0 0 0 0 0 0 0 0 0 0 0 0 0 0 0 0 0 0 0 0 0 0 0 0 0 0 0 0 0 0 0 0 0 0 0 0 0 0 0 0 0 0 0 0 0 0 0 0 0 0 0 0 0 1 0 0 0 0 0 0 0]
[2049221834762872875273816013821946786449436879773822171130719175957548838309697553957581532627577698829934286197260915607513268737250563831375394926132451837280391769505806348511568287764262711 0 0 0 0 0 0 0 0 0 0 0 0 0 0 0 0 0 0 0 0 0 0 0 0 0 0 0 0 0 0 0 0 0 0 0 0 0 0 0 0 0 0 0 0 0 0 0 0 0 0 0 0 0 0 0 0 1 0 0 0 0 0 0]
[1709145926923611790423993411376252942495882430732625775923157832743823081650446305904072096795098356810929218874884713095670628358976494949892764506447760751524486836802995403698096857173689410 0 0 0 0 0 0 0 0 0 0 0 0 0 0 0 0 0 0 0 0 0 0 0 0 0 0 0 0 0 0 0 0 0 0 0 0 0 0 0 0 0 0 0 0 0 0 0 0 0 0 0 0 0 0 0 0 0 1 0 0 0 0 0]
[623231194068678361281184427803377186992905410877980971709318871729958039429876667581872377731465582869612175040184037689698266436398427308346290511907745686325021175854339217066584591334007124 0 0 0 0 0 0 0 0 0 0 0 0 0 0 0 0 0 0 0 0 0 0 0 0 0 0 0 0 0 0 0 0 0 0 0 0 0 0 0 0 0 0 0 0 0 0 0 0 0 0 0 0 0 0 0 0 0 0 1 0 0 0 0]
[2046243428708725005345599481884462151042207838159894489943728157521439749518727750575942267997080464698547952228104071179161935081693019690631454987848717289033412735792641543960570551085400834 0 0 0 0 0 0 0 0 0 0 0 0 0 0 0 0 0 0 0 0 0 0 0 0 0 0 0 0 0 0 0 0 0 0 0 0 0 0 0 0 0 0 0 0 0 0 0 0 0 0 0 0 0 0 0 0 0 0 0 1 0 0 0]
[2157618772073397901705253716155337655209517056875955477143549651807872328307811996016505713182447006288654960174375375953085238968466406296432049725334651005005358998847100003054066794878051742 0 0 0 0 0 0 0 0 0 0 0 0 0 0 0 0 0 0 0 0 0 0 0 0 0 0 0 0 0 0 0 0 0 0 0 0 0 0 0 0 0 0 0 0 0 0 0 0 0 0 0 0 0 0 0 0 0 0 0 0 1 0 0]
[1003732444158873501849445040749410098843315611757282251261649777705180790649772983924788141078265086731828917574717772695089478015674707508418847078540864759377712816869950996775135456578833624 0 0 0 0 0 0 0 0 0 0 0 0 0 0 0 0 0 0 0 0 0 0 0 0 0 0 0 0 0 0 0 0 0 0 0 0 0 0 0 0 0 0 0 0 0 0 0 0 0 0 0 0 0 0 0 0 0 0 0 0 0 1 0]
[1780535612986994761591011444989158979592338650628233234179456759072909010075250624528744700024040500220411517980374893700562580832965525772159767935426095488835485055965223874383006098239916508 0 0 0 0 0 0 0 0 0 0 0 0 0 0 0 0 0 0 0 0 0 0 0 0 0 0 0 0 0 0 0 0 0 0 0 0 0 0 0 0 0 0 0 0 0 0 0 0 0 0 0 0 0 0 0 0 0 0 0 0 0 0 1]
]
64 128 4
[1 0 0 0 0 0 0 0 0 0 0 0 0 0 0 0 0 0 0 0 0 0 0 0 0 0 0 0 0 0 0 0 0 0 0 0 0 0 0 0 0 0 0 0 0 0 0 0 0 0 0 0 0 0 0 0 0 0 0 0 0 0 0 0 1]
