[[3138342655814605263565842392933133655479784130637533712309869293898146239200676420933714580843021371878351990758870195706838902731937180453026308645460711423930295017286106745639480665243583873 0 0 0 0 0 0 0 0 0 0 0 0 0 0 0 0 0 0 0 0 0 0 0 0 0 0 0 0 0 0 0 0 0 0 0 0 0 0 0 0 0 0 0 0 0 0 0 0 0 0 0 0 0 0 0 0 0 0 0 0 0 0 0]
[1760084287806637362209394972268112262350643860164642038554527699805018083587098573729844974192754172836399721084796333462665217846313249706199840079912518071118446295289817750103066755271915010 1 0 0 0 0 0 0 0 0 0 0 0 0 0 0 0 0 0 0 0 0 0 0 0 0 0 0 0 0 0 0 0 0 0 0 0 0 0 0 0 0 0 0 0 0 0 0 0 0 0 0 0 0 0 0 0 0 0 0 0 0 0 0]
[826987299834132145799236552419249264660623039669149167575554441771739588058756908308278725356274223147742588039227774466102620002043450145141647795309465976352019364957895439877761902665206681 0 1 0 0 0 0 0 0 0 0 0 0 0 0 0 0 0 0 0 0 0 0 0 0 0 0 0 0 0 0 0 0 0 0 0 0 0 0 0 0 0 0 0 0 0 0 0 0 0 0 0 0 0 0 0 0 0 0 0 0 0 0 0]
[1012675551246497145108089865520157532083585790885310928189408575500452134666925093766041526703372872979078518479985639136690150670723434983422519119759684613029582925556382343340061426780814198 0 0 1 0 0 0 0 0 0 0 0 0 0 0 0 0 0 0 0 0 0 0 0 0 0 0 0 0 0 0 0 0 0 0 0 0 0 0 0 0 0 0 0 0 0 0 0 0 0 0 0 0 0 0 0 0 0 0 0 0 0 0 0]
[2851959691811646317498277400475371737406422923732854231409825177121816573936218346119363859938012766081520294033350852163351923019856350710479554952923968266773573966993650854368788590941740441 0 0 0 1 0 0 0 0 0 0 0 0 0 0 0 0 0 0 0 0 0 0 0 0 0 0 0 0 0 0 0 0 0 0 0 0 0 0 0 0 0 0 0 0 0 0 0 0 0 0 0 0 0 0 0 0 0 0 0 0 0 0 0]
[518548670205035283968032753269784030995200462761723147174473451082546448212699421970921203575616367118808902178071623600170140386237376444802232630515098746813874080805342568509720697032502396 0 0 0 0 1 0 0 0 0 0 0 0 0 0 0 0 0 0 0 0 0 0 0 0 0 0 0 0 0 0 0 0 0 0 0 0 0 0 0 0 0 0 0 0 0 0 0 0 0 0 0 0 0 0 0 0 0 0 0 0 0 0 0]
[2600409950552364978900063051432377020006425605835431346316663786829931580766670707338666155219143961277181698821053684082953759616841077325381371401582510325468974481975804108822700202883364991 0 0 0 0 0 1 0 0 0 0 0 0 0 0 0 0 0 0 0 0 0 0 0 0 0 0 0 0 0 0 0 0 0 0 0 0 0 0 0 0 0 0 0 0 0 0 0 0 0 0 0 0 0 0 0 0 0 0 0 0 0 0 0]
[984819527572751527591868348867793021395521665489986448785524592220479164480392194448044265752123422873784374230844067179114990682581654105405366505161771944888804981275993492467426122607210364 0 0 0 0 0 0 1 0 0 0 0 0 0 0 0 0 0 0 0 0 0 0 0 0 0 0 0 0 0 0 0 0 0 0 0 0 0 0 0 0 0 0 0 0 0 0 0 0 0 0 0 0 0 0 0 0 0 0 0 0 0 0 0]
[1249136094621195998297063172482574774880780171795503564251376684241858256454722639475692575223745563695072564032240724682319668607043929573104277734414818013256065744634971507509300612897156054 0 0 0 0 0 0 0 1 0 0 0 0 0 0 0 0 0 0 0 0 0 0 0 0 0 0 0 0 0 0 0 0 0 0 0 0 0 0 0 0 0 0 0 0 0 0 0 0 0 0 0 0 0 0 0 0 0 0 0 0 0 0 0]
[2067338411932975887851232801744303189184437309849139237770645962655853462686259646370573093445135969908008648979550548578416804622583016278923766514389237586884633394929956798811832321540357770 0 0 0 0 0 0 0 0 1 0 0 0 0 0 0 0 0 0 0 0 0 0 0 0 0 0 0 0 0 0 0 0 0 0 0 0 0 0 0 0 0 0 0 0 0 0 0 0 0 0 0 0 0 0 0 0 0 0 0 0 0 0 0]
[644524539661385016244691895092293797075098185028633074016086991562050102132488525896860788429384927812890041850599147497477983076857548416461810259490675378247551079239264664895111076257455530 0 0 0 0 0 0 0 0 0 1 0 0 0 0 0 0 0 0 0 0 0 0 0 0 0 0 0 0 0 0 0 0 0 0 0 0 0 0 0 0 0 0 0 0 0 0 0 0 0 0 0 0 0 0 0 0 0 0 0 0 0 0 0]
[2305653631987869284737335252951749116003825749255758579912167889616563864112894547761583505884211340705057716174024127179796352105910996900318444740870784431411740979992160934940257873849302194 0 0 0 0 0 0 0 0 0 0 1 0 0 0 0 0 0 0 0 0 0 0 0 0 0 0 0 0 0 0 0 0 0 0 0 0 0 0 0 0 0 0 0 0 0 0 0 0 0 0 0 0 0 0 0 0 0 0 0 0 0 0 0]
[3089155638057612829280423451227835077973478458730480832026638459132008915010600879211929292885369205576521095867614147992692461221646760951886525853555085183911649474856727709722981134092563241 0 0 0 0 0 0 0 0 0 0 0 1 0 0 0 0 0 0 0 0 0 0 0 0 0 0 0 0 0 0 0 0 0 0 0 0 0 0 0 0 0 0 0 0 0 0 0 0 0 0 0 0 0 0 0 0 0 0 0 0 0 0 0]
[2033209387805862205354919043318613855447066268176167322012044276743333510754918375269304296930169998532643236027794018743803447639328727567690370315809931203790398422841768776575032897818468005 0 0 0 0 0 0 0 0 0 0 0 0 1 0 0 0 0 0 0 0 0 0 0 0 0 0 0 0 0 0 0 0 0 0 0 0 0 0 0 0 0 0 0 0 0 0 0 0 0 0 0 0 0 0 0 0 0 0 0 0 0 0 0]
[2689048650524510629866348635500216623209296892109784427930252824135443150208970357389332735886569024573047656105717115823165018368112033744959716972297083946024473302915348652637271054121705104 0 0 0 0 0 0 0 0 0 0 0 0 0 1 0 0 0 0 0 0 0 0 0 0 0 0 0 0 0 0 0 0 0 0 0 0 0 0 0 0 0 0 0 0 0 0 0 0 0 0 0 0 0 0 0 0 0 0 0 0 0 0 0]
[946929153443828271813261701758624978280498393482695387988715071410117622972610423162690683608659656862294414751411454721467374387107140837510710331107567130331389237464044138222816724280443106 0 0 0 0 0 0 0 0 0 0 0 0 0 0 1 0 0 0 0 0 0 0 0 0 0 0 0 0 0 0 0 0 0 0 0 0 0 0 0 0 0 0 0 0 0 0 0 0 0 0 0 0 0 0 0 0 0 0 0 0 0 0 0]
[1254665883429063983355555642934633304339100900986595171948951598890026105444289076587521749910395685838970902826981902646569164415278530954240217098639542302014923661638252867794342407989297510 0 0 0 0 0 0 0 0 0 0 0 0 0 0 0 1 0 0 0 0 0 0 0 0 0 0 0 0 0 0 0 0 0 0 0 0 0 0 0 0 0 0 0 0 0 0 0 0 0 0 0 0 0 0 0 0 0 0 0 0 0 0 0]
[900572623833393823620619094170672982330942899687582365049513999962364027402774980990090155112514540917751056620194457492703720003724390028944529136111144839455417405438710383691386986322071576 0 0 0 0 0 0 0 0 0 0 0 0 0 0 0 0 1 0 0 0 0 0 0 0 0 0 0 0 0 0 0 0 0 0 0 0 0 0 0 0 0 0 0 0 0 0 0 0 0 0 0 0 0 0 0 0 0 0 0 0 0 0 0]
[3040593429142072657925701836612625116544665312632516158632807053561236988613059170431469058757372486651304752537813761464382769947947826021880795188309852331986304696373571031683883406809546343 0 0 0 0 0 0 0 0 0 0 0 0 0 0 0 0 0 1 0 0 0 0 0 0 0 0 0 0 0 0 0 0 0 0 0 0 0 0 0 0 0 0 0 0 0 0 0 0 0 0 0 0 0 0 0 0 0 0 0 0 0 0 0]
[3115533274721646190888085204059657542954253273431459205480496258548731222236495762160360478502761284222397308502165916939809053355308874489093259941793687530103598777403379392690489852683101237 0 0 0 0 0 0 0 0 0 0 0 0 0 0 0 0 0 0 1 0 0 0 0 0 0 0 0 0 0 0 0 0 0 0 0 0 0 0 0 0 0 0 0 0 0 0 0 0 0 0 0 0 0 0 0 0 0 0 0 0 0 0 0]
[1143503655755839617517774823505309891593382479815610035770386955577225917392670198443830577807072689149575138064098880737170562233990199433272218289940354480416155252149089947834685879927812673 0 0 0 0 0 0 0 0 0 0 0 0 0 0 0 0 0 0 0 1 0 0 0 0 0 0 0 0 0 0 0 0 0 0 0 0 0 0 0 0 0 0 0 0 0 0 0 0 0 0 0 0 0 0 0 0 0 0 0 0 0 0 0]
[2230367849293113857445974954185028528290285146944705819869260744350347969634835336321167337075314654730864220229855623532910704070919414604153325759760393822045170477032843091782718793812393314 0 0 0 0 0 0 0 0 0 0 0 0 0 0 0 0 0 0 0 0 1 0 0 0 0 0 0 0 0 0 0 0 0 0 0 0 0 0 0 0 0 0 0 0 0 0 0 0 0 0 0 0 0 0 0 0 0 0 0 0 0 0 0]
[1547733409826641357874532707153532666086670477056492055268277251305396674740835733226130254429076415561677656375906044270905153208430467438365043297886729016876635771333513532349856645140404670 0 0 0 0 0 0 0 0 0 0 0 0 0 0 0 0 0 0 0 0 0 1 0 0 0 0 0 0 0 0 0 0 0 0 0 0 0 0 0 0 0 0 0 0 0 0 0 0 0 0 0 0 0 0 0 0 0 0 0 0 0 0 0]
[444429084383891929141133015664866942203500674084289572302925957899361346992665457533916773255628990121750638076221035975629135064799904740302852094558272393716550213211239806159289978387901663 0 0 0 0 0 0 0 0 0 0 0 0 0 0 0 0 0 0 0 0 0 0 1 0 0 0 0 0 0 0 0 0 0 0 0 0 0 0 0 0 0 0 0 0 0 0 0 0 0 0 0 0 0 0 0 0 0 0 0 0 0 0 0]
[2706663307487627698314403822047467009690488918986407532648119317010718778588157753991750161479618350246577366276168520004210810260833205336571021642611386358224081171080392169007101253704691825 0 0 0 0 0 0 0 0 0 0 0 0 0 0 0 0 0 0 0 0 0 0 0 1 0 0 0 0 0 0 0 0 0 0 0 0 0 0 0 0 0 0 0 0 0 0 0 0 0 0 0 0 0 0 0 0 0 0 0 0 0 0 0]
[2458831968881240533926064173316912035196896433309441242709842639147832510384426679410521827776450670457629397429474565622171170666686564083457235160477563497339312885485480614462974058798375622 0 0 0 0 0 0 0 0 0 0 0 0 0 0 0 0 0 0 0 0 0 0 0 0 1 0 0 0 0 0 0 0 0 0 0 0 0 0 0 0 0 0 0 0 0 0 0 0 0 0 0 0 0 0 0 0 0 0 0 0 0 0 0]
[2208391918174750530303828156993748710444583271658408080750733862961680772732776154985607240464087756508827451363987044382686485036056704471039084974904243646551041185717416925776251827130894163 0 0 0 0 0 0 0 0 0 0 0 0 0 0 0 0 0 0 0 0 0 0 0 0 0 1 0 0 0 0 0 0 0 0 0 0 0 0 0 0 0 0 0 0 0 0 0 0 0 0 0 0 0 0 0 0 0 0 0 0 0 0 0]
[859702377455672407296940364359005125579345928395622326936194128882699434185893449124008751398185323032116908582668356411936456538700213497332335179413450327492672250659361323820727887051578947 0 0 0 0 0 0 0 0 0 0 0 0 0 0 0 0 0 0 0 0 0 0 0 0 0 0 1 0 0 0 0 0 0 0 0 0 0 0 0 0 0 0 0 0 0 0 0 0 0 0 0 0 0 0 0 0 0 0 0 0 0 0 0]
[16817927150169662740231068767717154645276417908060981164382077974162200039226749931590074302904967480089229301016884387315925991043572287436036047286625228364149877124216680062557822043714319 0 0 0 0 0 0 0 0 0 0 0 0 0 0 0 0 0 0 0 0 0 0 0 0 0 0 0 1 0 0 0 0 0 0 0 0 0 0 0 0 0 0 0 0 0 0 0 0 0 0 0 0 0 0 0 0 0 0 0 0 0 0 0]
[3110978279399985058577520663652479597244794060015914862904336076254785406419644978358525911121819641614563367029504464992239256451608632427282161224462159727656832854762610667648809483282973091 0 0 0 0 0 0 0 0 0 0 0 0 0 0 0 0 0 0 0 0 0 0 0 0 0 0 0 0 1 0 0 0 0 0 0 0 0 0 0 0 0 0 0 0 0 0 0 0 0 0 0 0 0 0 0 0 0 0 0 0 0 0 0]
[2608771285566776521588326110428583813106117215136604234282075605102584498403376610646268799406990443480838504155127647953821906323155266975014821679997426325152292518758570835655665020458325399 0 0 0 0 0 0 0 0 0 0 0 0 0 0 0 0 0 0 0 0 0 0 0 0 0 0 0 0 0 1 0 0 0 0 0 0 0 0 0 0 0 0 0 0 0 0 0 0 0 0 0 0 0 0 0 0 0 0 0 0 0 0 0]
[1132555649860079286903271181834696838843475691713236194742190174933253251940351389376005114654760300835770447799942536379825717996875043205145970883182719698554580398700115881852164841848397578 0 0 0 0 0 0 0 0 0 0 0 0 0 0 0 0 0 0 0 0 0 0 0 0 0 0 0 0 0 0 1 0 0 0 0 0 0 0 0 0 0 0 0 0 0 0 0 0 0 0 0 0 0 0 0 0 0 0 0 0 0 0 0]
[2763291940431383438851478729718410689794740766657145379575615961666350166311889965210659345797217414619439033327194415517655780979296931898173595285229001490360179710614521786870310222984647772 0 0 0 0 0 0 0 0 0 0 0 0 0 0 0 0 0 0 0 0 0 0 0 0 0 0 0 0 0 0 0 1 0 0 0 0 0 0 0 0 0 0 0 0 0 0 0 0 0 0 0 0 0 0 0 0 0 0 0 0 0 0 0]
[2147994303016500745651478026026975125382395607282693144916697462879268636900121849256110437733030976657962037981710927853580422807924741723837695248287362246802238022356789919257892928966776364 0 0 0 0 0 0 0 0 0 0 0 0 0 0 0 0 0 0 0 0 0 0 0 0 0 0 0 0 0 0 0 0 1 0 0 0 0 0 0 0 0 0 0 0 0 0 0 0 0 0 0 0 0 0 0 0 0 0 0 0 0 0 0]
[1937595890081831286569816652711417008352994253166129695810245547494137084350450753364138401722706701020313623069907330676558070074384550633532779596199594992743099482536583371771958903978863081 0 0 0 0 0 0 0 0 0 0 0 0 0 0 0 0 0 0 0 0 0 0 0 0 0 0 0 0 0 0 0 0 0 1 0 0 0 0 0 0 0 0 0 0 0 0 0 0 0 0 0 0 0 0 0 0 0 0 0 0 0 0 0]
[2625964165445844037013334286253407040893033374623988780074312599343618964470285625916405871796614770937875457687071248576051562500214856369032686048373663063574396462134527924553109340705491415 0 0 0 0 0 0 0 0 0 0 0 0 0 0 0 0 0 0 0 0 0 0 0 0 0 0 0 0 0 0 0 0 0 0 1 0 0 0 0 0 0 0 0 0 0 0 0 0 0 0 0 0 0 0 0 0 0 0 0 0 0 0 0]
[3013671930162173789290271097142905955442451460749680896917082677865178406453943759454810834972255788193029505260870529601170488934479116026526282739843708441322132466819993816609089316081582203 0 0 0 0 0 0 0 0 0 0 0 0 0 0 0 0 0 0 0 0 0 0 0 0 0 0 0 0 0 0 0 0 0 0 0 1 0 0 0 0 0 0 0 0 0 0 0 0 0 0 0 0 0 0 0 0 0 0 0 0 0 0 0]
[112638510763151010561205391515073369187737435390939157046289213615782470014976872545598065568798971971687312838332156215250087866188267270730591205485032360077340830609579886354157699652013566 0 0 0 0 0 0 0 0 0 0 0 0 0 0 0 0 0 0 0 0 0 0 0 0 0 0 0 0 0 0 0 0 0 0 0 0 1 0 0 0 0 0 0 0 0 0 0 0 0 0 0 0 0 0 0 0 0 0 0 0 0 0 0]
[229974975785077565750248347369069925798892436260950272336842831533503402274193609642276985831725898056752396000990218882381565821351005593768829770745473040174410092727161776296888822983091667 0 0 0 0 0 0 0 0 0 0 0 0 0 0 0 0 0 0 0 0 0 0 0 0 0 0 0 0 0 0 0 0 0 0 0 0 0 1 0 0 0 0 0 0 0 0 0 0 0 0 0 0 0 0 0 0 0 0 0 0 0 0 0]
[505351947744521891138290369537190628719155501675849943912202625696160804572370882746273328444926340542738666366525683329053913548766506375072600946662347474821280358659056764791938199725338485 0 0 0 0 0 0 0 0 0 0 0 0 0 0 0 0 0 0 0 0 0 0 0 0 0 0 0 0 0 0 0 0 0 0 0 0 0 0 1 0 0 0 0 0 0 0 0 0 0 0 0 0 0 0 0 0 0 0 0 0 0 0 0]
[977047541079585078929649801626105174269016236542342873458874083768255965960243927286797021383178638508127048031978453830886222668742184855747391571892332867790321648426223995558818364839153653 0 0 0 0 0 0 0 0 0 0 0 0 0 0 0 0 0 0 0 0 0 0 0 0 0 0 0 0 0 0 0 0 0 0 0 0 0 0 0 1 0 0 0 0 0 0 0 0 0 0 0 0 0 0 0 0 0 0 0 0 0 0 0]
[2149238797546493681682553084555269908239636264060041355196516391400523462628506401645476402630200492865090486151402264438002565439697860951137600867540427415465957428531378793431938436519501909 0 0 0 0 0 0 0 0 0 0 0 0 0 0 0 0 0 0 0 0 0 0 0 0 0 0 0 0 0 0 0 0 0 0 0 0 0 0 0 0 1 0 0 0 0 0 0 0 0 0 0 0 0 0 0 0 0 0 0 0 0 0 0]
[170637719389920577156806171318402016402242114323962846193858504219948510892614671996807668329152775394844830160087626171332838705068623619904912479246773780666979896519324808744991584940694314 0 0 0 0 0 0 0 0 0 0 0 0 0 0 0 0 0 0 0 0 0 0 0 0 0 0 0 0 0 0 0 0 0 0 0 0 0 0 0 0 0 1 0 0 0 0 0 0 0 0 0 0 0 0 0 0 0 0 0 0 0 0 0]
[697443920027845998454523982723088640411130678415724121271904262916355701062995203320198843068680646443913808457996831676347914320753872334031653200708480525752028744562400379658466781261008081 0 0 0 0 0 0 0 0 0 0 0 0 0 0 0 0 0 0 0 0 0 0 0 0 0 0 0 0 0 0 0 0 0 0 0 0 0 0 0 0 0 0 1 0 0 0 0 0 0 0 0 0 0 0 0 0 0 0 0 0 0 0 0]
[2486166737936556446590853774846959273406352599624569437829127417598139272872427270871588708778410819693620494535692393607144132168762337550784965839803739812164517508670907027661377968530864347 0 0 0 0 0 0 0 0 0 0 0 0 0 0 0 0 0 0 0 0 0 0 0 0 0 0 0 0 0 0 0 0 0 0 0 0 0 0 0 0 0 0 0 1 0 0 0 0 0 0 0 0 0 0 0 0 0 0 0 0 0 0 0]
[2557603643786859748765808216746003037170505534918671463727556502771108713141663852025729769768913111906648074003775146201123791833229319970664835957863553719128299584510355241345611694196771923 0 0 0 0 0 0 0 0 0 0 0 0 0 0 0 0 0 0 0 0 0 0 0 0 0 0 0 0 0 0 0 0 0 0 0 0 0 0 0 0 0 0 0 0 1 0 0 0 0 0 0 0 0 0 0 0 0 0 0 0 0 0 0]
[583410776467579639628258732384694233913829181146355824002377785552676313980590433957329752540466292444684775619524445576412882958348792936054839299307509215398412026579821156298009103280311025 0 0 0 0 0 0 0 0 0 0 0 0 0 0 0 0 0 0 0 0 0 0 0 0 0 0 0 0 0 0 0 0 0 0 0 0 0 0 0 0 0 0 0 0 0 1 0 0 0 0 0 0 0 0 0 0 0 0 0 0 0 0 0]
[2708750864808021476734861891796693073352025687969328724775020281307388735194082286482602731901227827296089457604058264417868963461102385814646614263747115628511445401866550523542827020794254474 0 0 0 0 0 0 0 0 0 0 0 0 0 0 0 0 0 0 0 0 0 0 0 0 0 0 0 0 0 0 0 0 0 0 0 0 0 0 0 0 0 0 0 0 0 0 1 0 0 0 0 0 0 0 0 0 0 0 0 0 0 0 0]
[1121390680520388457009183243463799111308838367155670872407542807583208402849824125473042309560106591052517808942541514697844367206845528365023046108493379718509969577942651471681456508914706765 0 0 0 0 0 0 0 0 0 0 0 0 0 0 0 0 0 0 0 0 0 0 0 0 0 0 0 0 0 0 0 0 0 0 0 0 0 0 0 0 0 0 0 0 0 0 0 1 0 0 0 0 0 0 0 0 0 0 0 0 0 0 0]
[534876306986397697408361846540168229609569073024887241705123686370110135609345483523525568851334716713973530274067445040991400925607850354225589639955921876528430107232045047442257338804503461 0 0 0 0 0 0 0 0 0 0 0 0 0 0 0 0 0 0 0 0 0 0 0 0 0 0 0 0 0 0 0 0 0 0 0 0 0 0 0 0 0 0 0 0 0 0 0 0 1 0 0 0 0 0 0 0 0 0 0 0 0 0 0]
[2065530850103770764796590374891399602621466068155275582209247013971472149903016125006402042517793738580705038842185290824942815828964774157404883422395194717989830274530777452362166877092598300 0 0 0 0 0 0 0 0 0 0 0 0 0 0 0 0 0 0 0 0 0 0 0 0 0 0 0 0 0 0 0 0 0 0 0 0 0 0 0 0 0 0 0 0 0 0 0 0 0 1 0 0 0 0 0 0 0 0 0 0 0 0 0]
[250130564453127061768181008119802700602946154245736260248136648970504951420167570831564819085760122178528426942987887149872129209968411891325098456359731575581571584592232037719159070608903764 0 0 0 0 0 0 0 0 0 0 0 0 0 0 0 0 0 0 0 0 0 0 0 0 0 0 0 0 0 0 0 0 0 0 0 0 0 0 0 0 0 0 0 0 0 0 0 0 0 0 1 0 0 0 0 0 0 0 0 0 0 0 0]
[3073282405263355706336370698292722943577826823782017126566980078980999136540261109410970160705175255215315723400887992990336276944926316834465222784286786725947093130271967456611955832382132885 0 0 0 0 0 0 0 0 0 0 0 0 0 0 0 0 0 0 0 0 0 0 0 0 0 0 0 0 0 0 0 0 0 0 0 0 0 0 0 0 0 0 0 0 0 0 0 0 0 0 0 1 0 0 0 0 0 0 0 0 0 0 0]
[1864784026598492361238294908910723713808529998295167911310144453827139404517964867614976704698851095821127282485106841831697443805639655120351647630553821277893805119056237750823753881540049486 0 0 0 0 0 0 0 0 0 0 0 0 0 0 0 0 0 0 0 0 0 0 0 0 0 0 0 0 0 0 0 0 0 0 0 0 0 0 0 0 0 0 0 0 0 0 0 0 0 0 0 0 1 0 0 0 0 0 0 0 0 0 0]
[1365387286482593856087020462345720532256567418582204150947882480545317807899357002534119713872047078099857442050020380010678856930313172071715430752523365505638789229735761221712968678811146529 0 0 0 0 0 0 0 0 0 0 0 0 0 0 0 0 0 0 0 0 0 0 0 0 0 0 0 0 0 0 0 0 0 0 0 0 0 0 0 0 0 0 0 0 0 0 0 0 0 0 0 0 0 1 0 0 0 0 0 0 0 0 0]
[937819017720355344882512374665744352065386189587357275148110463969359521078213553110936071918976629085383202861899771228164784081493676355209314606673275390097930968809465259518146335948460686 0 0 0 0 0 0 0 0 0 0 0 0 0 0 0 0 0 0 0 0 0 0 0 0 0 0 0 0 0 0 0 0 0 0 0 0 0 0 0 0 0 0 0 0 0 0 0 0 0 0 0 0 0 0 1 0 0 0 0 0 0 0 0]
[278575152437875214951515629456036997870321374996355136182110832196769441258592507193916076415298897337360869016455325117143264226828643971910639674141197712533561643842166225145303623709959607 0 0 0 0 0 0 0 0 0 0 0 0 0 0 0 0 0 0 0 0 0 0 0 0 0 0 0 0 0 0 0 0 0 0 0 0 0 0 0 0 0 0 0 0 0 0 0 0 0 0 0 0 0 0 0 1 0 0 0 0 0 0 0]
[2725427860932894444619213093103805923432015989418648184766938622741748009178703547234993469348518388688117660977301646574226786230279778318042549803966037888129541405571270427248086896805519087 0 0 0 0 0 0 0 0 0 0 0 0 0 0 0 0 0 0 0 0 0 0 0 0 0 0 0 0 0 0 0 0 0 0 0 0 0 0 0 0 0 0 0 0 0 0 0 0 0 0 0 0 0 0 0 0 1 0 0 0 0 0 0]
[1070958248662131067464621126783000457371275981355927042146240583738982873345618013841063254535235887567284845228446734684159495015805977135603955664319520394954108582101962595386080976747902591 0 0 0 0 0 0 0 0 0 0 0 0 0 0 0 0 0 0 0 0 0 0 0 0 0 0 0 0 0 0 0 0 0 0 0 0 0 0 0 0 0 0 0 0 0 0 0 0 0 0 0 0 0 0 0 0 0 1 0 0 0 0 0]
[1535359564509509804090034013200573669434154732142393459946871776468936933606839442477474143128615340012356606828290003921830404841288714712763209752196720707766620774106724072742457620196347693 0 0 0 0 0 0 0 0 0 0 0 0 0 0 0 0 0 0 0 0 0 0 0 0 0 0 0 0 0 0 0 0 0 0 0 0 0 0 0 0 0 0 0 0 0 0 0 0 0 0 0 0 0 0 0 0 0 0 1 0 0 0 0]
[2587973637882183264166064380261985777742206520958037570655013674089425516201636461489917242338323614345176084174194168244308512897279015226953218780054094706777907318522612160597737061156661364 0 0 0 0 0 0 0 0 0 0 0 0 0 0 0 0 0 0 0 0 0 0 0 0 0 0 0 0 0 0 0 0 0 0 0 0 0 0 0 0 0 0 0 0 0 0 0 0 0 0 0 0 0 0 0 0 0 0 0 1 0 0 0]
[91975159515374829519083457858002425581565500484327022315763453802632225753624133357621050797502555125747971607706389694923355809721905012834210692893219464159750384284869084291342882803223968 0 0 0 0 0 0 0 0 0 0 0 0 0 0 0 0 0 0 0 0 0 0 0 0 0 0 0 0 0 0 0 0 0 0 0 0 0 0 0 0 0 0 0 0 0 0 0 0 0 0 0 0 0 0 0 0 0 0 0 0 1 0 0]
[1212919433542086731450678267728990798798750343460321635770955159580858162845432659241909098202439433269228159612286882546817173102390464804896978449337308051160874997967926920227171415590975322 0 0 0 0 0 0 0 0 0 0 0 0 0 0 0 0 0 0 0 0 0 0 0 0 0 0 0 0 0 0 0 0 0 0 0 0 0 0 0 0 0 0 0 0 0 0 0 0 0 0 0 0 0 0 0 0 0 0 0 0 0 1 0]
[883917279825025386481530499813400563301417691392606916973267752389935372678249498077515311994445858352340951427598345899656249684580235484527239494546480272938299244659935237480005688704924969 0 0 0 0 0 0 0 0 0 0 0 0 0 0 0 0 0 0 0 0 0 0 0 0 0 0 0 0 0 0 0 0 0 0 0 0 0 0 0 0 0 0 0 0 0 0 0 0 0 0 0 0 0 0 0 0 0 0 0 0 0 0 1]
]
64 128 6
[1 0 0 0 0 0 0 0 0 0 0 0 0 0 0 0 0 0 0 0 0 0 0 0 0 0 0 0 0 0 0 0 0 0 0 0 0 0 0 0 0 0 0 0 0 0 0 0 0 0 0 0 0 0 0 0 0 0 0 0 0 0 0 0 1]
