[[3624881103225914947884958396419553466321634443784668000794692438769196009734191058776628249045792631671666593860914877650598874833856301298242106063900283105164874921443256905940567995906437249 0 0 0 0 0 0 0 0 0 0 0 0 0 0 0 0 0 0 0 0 0 0 0 0 0 0 0 0 0 0 0 0 0 0 0 0 0 0 0 0 0 0 0 0 0 0 0 0 0 0 0 0 0 0 0 0 0 0 0 0 0 0 0]
[2825662537317406595339305596863292044279778945849084190678146290679427936357130251106747348768039121460135047454110711732925186905983542454391700169733794686466257831040874996251001170460537388 1 0 0 0 0 0 0 0 0 0 0 0 0 0 0 0 0 0 0 0 0 0 0 0 0 0 0 0 0 0 0 0 0 0 0 0 0 0 0 0 0 0 0 0 0 0 0 0 0 0 0 0 0 0 0 0 0 0 0 0 0 0 0]
[785509440185792953790053339900613474512437743809456057668033678919134891103941674269872535902271216264368963467105091852532676616086726043047710404526177413960138413391188903885641646721812097 0 1 0 0 0 0 0 0 0 0 0 0 0 0 0 0 0 0 0 0 0 0 0 0 0 0 0 0 0 0 0 0 0 0 0 0 0 0 0 0 0 0 0 0 0 0 0 0 0 0 0 0 0 0 0 0 0 0 0 0 0 0 0]
[2813833566667041256444503331245871597058515884403985714861177747313574263958309048381154351388078108793902017877597651241206122775190785509365042197153768340048208770052875307286639895614555564 0 0 1 0 0 0 0 0 0 0 0 0 0 0 0 0 0 0 0 0 0 0 0 0 0 0 0 0 0 0 0 0 0 0 0 0 0 0 0 0 0 0 0 0 0 0 0 0 0 0 0 0 0 0 0 0 0 0 0 0 0 0 0]
[1445531036739600699649411864231612124311517899610689249953474610017142256174401469278421805106530079371898776353384603323913241739929365445330058306227787698218660408833871550765828303667669927 0 0 0 1 0 0 0 0 0 0 0 0 0 0 0 0 0 0 0 0 0 0 0 0 0 0 0 0 0 0 0 0 0 0 0 0 0 0 0 0 0 0 0 0 0 0 0 0 0 0 0 0 0 0 0 0 0 0 0 0 0 0 0]
[824492605312499115930874377996942009525692583765818508537419448348988401731990555805346796797286038413984016019045247120961703647921890215984444394214412465940341570697735519522832180514488689 0 0 0 0 1 0 0 0 0 0 0 0 0 0 0 0 0 0 0 0 0 0 0 0 0 0 0 0 0 0 0 0 0 0 0 0 0 0 0 0 0 0 0 0 0 0 0 0 0 0 0 0 0 0 0 0 0 0 0 0 0 0 0]
[1693935184987412776984139329391306813993105321463401343261704750383343060536963742556300208809696432746274757490939417876396398700679974951903010967094626151973675726066883556171212279172911430 0 0 0 0 0 1 0 0 0 0 0 0 0 0 0 0 0 0 0 0 0 0 0 0 0 0 0 0 0 0 0 0 0 0 0 0 0 0 0 0 0 0 0 0 0 0 0 0 0 0 0 0 0 0 0 0 0 0 0 0 0 0 0]
[2816316834747430347206221963823687666634925855093318288001204988808680729527463160173248911686153967134478547023338051817871577544386095540060094224367468145081818608360115002089060081248255676 0 0 0 0 0 0 1 0 0 0 0 0 0 0 0 0 0 0 0 0 0 0 0 0 0 0 0 0 0 0 0 0 0 0 0 0 0 0 0 0 0 0 0 0 0 0 0 0 0 0 0 0 0 0 0 0 0 0 0 0 0 0 0]
[3221643855086094357401947896169591671106659777546064253292976441475011103931393582084253136125229670561237866874258948218409970010927437822537295167958877872417980273457691944526977489178145336 0 0 0 0 0 0 0 1 0 0 0 0 0 0 0 0 0 0 0 0 0 0 0 0 0 0 0 0 0 0 0 0 0 0 0 0 0 0 0 0 0 0 0 0 0 0 0 0 0 0 0 0 0 0 0 0 0 0 0 0 0 0 0]
[42956111283366621882326402115101848932732963186211645719734836130064945696017229896232626715632984813103797901475528879495450703297392830825174724027708059642138394705308271405560993219158345 0 0 0 0 0 0 0 0 1 0 0 0 0 0 0 0 0 0 0 0 0 0 0 0 0 0 0 0 0 0 0 0 0 0 0 0 0 0 0 0 0 0 0 0 0 0 0 0 0 0 0 0 0 0 0 0 0 0 0 0 0 0 0]
[1883499141379045711943452769912921332724000880735795625570252845372503577063380223777342756523317419211471003794840580184988230200518807864572878594517465975148020319380434663153599357145704881 0 0 0 0 0 0 0 0 0 1 0 0 0 0 0 0 0 0 0 0 0 0 0 0 0 0 0 0 0 0 0 0 0 0 0 0 0 0 0 0 0 0 0 0 0 0 0 0 0 0 0 0 0 0 0 0 0 0 0 0 0 0 0]
[2612991196097860917525479238200201344338528664533617626742177809348428273502970401103454755434880756871532269573548238685284618899939524784710498891931861761810572409336681559719004971384963049 0 0 0 0 0 0 0 0 0 0 1 0 0 0 0 0 0 0 0 0 0 0 0 0 0 0 0 0 0 0 0 0 0 0 0 0 0 0 0 0 0 0 0 0 0 0 0 0 0 0 0 0 0 0 0 0 0 0 0 0 0 0 0]
[259572166059821551107358574294634497483537641399304615403005138648265294075605156644742621505839400845750845387011430469601830969808234208360944252191082903403350934553189527493008436805470016 0 0 0 0 0 0 0 0 0 0 0 1 0 0 0 0 0 0 0 0 0 0 0 0 0 0 0 0 0 0 0 0 0 0 0 0 0 0 0 0 0 0 0 0 0 0 0 0 0 0 0 0 0 0 0 0 0 0 0 0 0 0 0]
[1655721919770971096442457173031294934706069939260608582562967119070121190817764326749509293335006095087741791617140194520086902659942318711511568860911827475377273049165709717750761128562898011 0 0 0 0 0 0 0 0 0 0 0 0 1 0 0 0 0 0 0 0 0 0 0 0 0 0 0 0 0 0 0 0 0 0 0 0 0 0 0 0 0 0 0 0 0 0 0 0 0 0 0 0 0 0 0 0 0 0 0 0 0 0 0]
[1015942833803399744532907205158703587193821171264810300660729301768239618339755967561347379315225422221037544099920939001394677376355652855048335130352941357068112689424266346346140376617156920 0 0 0 0 0 0 0 0 0 0 0 0 0 1 0 0 0 0 0 0 0 0 0 0 0 0 0 0 0 0 0 0 0 0 0 0 0 0 0 0 0 0 0 0 0 0 0 0 0 0 0 0 0 0 0 0 0 0 0 0 0 0 0]
[2925006418665327714927495076270055295340414380947223374329916258508074882651081815156108073278896031629303658032819041054937290393810054628634441236033438367010058486402577620004492196997352132 0 0 0 0 0 0 0 0 0 0 0 0 0 0 1 0 0 0 0 0 0 0 0 0 0 0 0 0 0 0 0 0 0 0 0 0 0 0 0 0 0 0 0 0 0 0 0 0 0 0 0 0 0 0 0 0 0 0 0 0 0 0 0]
[393203196408743571749706609323824187406396680382190971123136679923622258389407221505471328425961713679557719297875044983966567670345139736734892379405419247525490017112956705156084798987578073 0 0 0 0 0 0 0 0 0 0 0 0 0 0 0 1 0 0 0 0 0 0 0 0 0 0 0 0 0 0 0 0 0 0 0 0 0 0 0 0 0 0 0 0 0 0 0 0 0 0 0 0 0 0 0 0 0 0 0 0 0 0 0]
[1231967313833188494561411885689591418861725788221524940478470228278020403931931940767308244654255423609954334746280017825285521664852962258862283942348420034688718227912091173691631628318029871 0 0 0 0 0 0 0 0 0 0 0 0 0 0 0 0 1 0 0 0 0 0 0 0 0 0 0 0 0 0 0 0 0 0 0 0 0 0 0 0 0 0 0 0 0 0 0 0 0 0 0 0 0 0 0 0 0 0 0 0 0 0 0]
[189482006524106888354049615858868895043217953990514133599492239894961419586820395699505042666243805593970389120499485051346207161548112979808984524467715300324679996399950623462544624338530351 0 0 0 0 0 0 0 0 0 0 0 0 0 0 0 0 0 1 0 0 0 0 0 0 0 0 0 0 0 0 0 0 0 0 0 0 0 0 0 0 0 0 0 0 0 0 0 0 0 0 0 0 0 0 0 0 0 0 0 0 0 0 0]
[2399287826018187041475288396303141226933455936649702375361872870639633357836681495128926785459920112831240947789487818989617606730423668990033806385788149038998870469367405363038516534429104272 0 0 0 0 0 0 0 0 0 0 0 0 0 0 0 0 0 0 1 0 0 0 0 0 0 0 0 0 0 0 0 0 0 0 0 0 0 0 0 0 0 0 0 0 0 0 0 0 0 0 0 0 0 0 0 0 0 0 0 0 0 0 0]
[235105854351491347926573367763931357749110049634445521070855357689106917053608615063224551172497300419779190122761964639340257624782611339949372117790693261852156459563145541681560062774768998 0 0 0 0 0 0 0 0 0 0 0 0 0 0 0 0 0 0 0 1 0 0 0 0 0 0 0 0 0 0 0 0 0 0 0 0 0 0 0 0 0 0 0 0 0 0 0 0 0 0 0 0 0 0 0 0 0 0 0 0 0 0 0]
[2040907350398793121144787867327190914276313046456076546333711134227756356746759014503516328164774345226246204884178875122833629868481955289298243094349079124863461532157657946437871578487015131 0 0 0 0 0 0 0 0 0 0 0 0 0 0 0 0 0 0 0 0 1 0 0 0 0 0 0 0 0 0 0 0 0 0 0 0 0 0 0 0 0 0 0 0 0 0 0 0 0 0 0 0 0 0 0 0 0 0 0 0 0 0 0]
[389535275164550191657008043727593043692637519047717798611485411264056780434137134677970149491419596746828439264023529374480459721847296325453234133655357297042317852530342553507631426743689428 0 0 0 0 0 0 0 0 0 0 0 0 0 0 0 0 0 0 0 0 0 1 0 0 0 0 0 0 0 0 0 0 0 0 0 0 0 0 0 0 0 0 0 0 0 0 0 0 0 0 0 0 0 0 0 0 0 0 0 0 0 0 0]
[3355470740445944059624187582195210651591104281456395184482060907218673728268553202485588310175074337375789600417242811077163391651045035446991161429650760041281127146417859944272420303079909639 0 0 0 0 0 0 0 0 0 0 0 0 0 0 0 0 0 0 0 0 0 0 1 0 0 0 0 0 0 0 0 0 0 0 0 0 0 0 0 0 0 0 0 0 0 0 0 0 0 0 0 0 0 0 0 0 0 0 0 0 0 0 0]
[1461904835554881954394130642597554588817804303061644818055986310427243241082258161099056108345336422037668961659044183792089735244409704909960825839854980855468195907541719302983607631395077786 0 0 0 0 0 0 0 0 0 0 0 0 0 0 0 0 0 0 0 0 0 0 0 1 0 0 0 0 0 0 0 0 0 0 0 0 0 0 0 0 0 0 0 0 0 0 0 0 0 0 0 0 0 0 0 0 0 0 0 0 0 0 0]
[1885562222184476498486676107959894350081387954255111076170132051526603092510839399410526919177984474874950932670750311130233001071305079947237485425139816168420703382860581860268723190588025014 0 0 0 0 0 0 0 0 0 0 0 0 0 0 0 0 0 0 0 0 0 0 0 0 1 0 0 0 0 0 0 0 0 0 0 0 0 0 0 0 0 0 0 0 0 0 0 0 0 0 0 0 0 0 0 0 0 0 0 0 0 0 0]
[1293549785468389740894706350448372067107401321743378335017830259825076904496347886450866852979471448709661389033736160597726839314128833482356791529687656542390605310174082145716686792876532243 0 0 0 0 0 0 0 0 0 0 0 0 0 0 0 0 0 0 0 0 0 0 0 0 0 1 0 0 0 0 0 0 0 0 0 0 0 0 0 0 0 0 0 0 0 0 0 0 0 0 0 0 0 0 0 0 0 0 0 0 0 0 0]
[3149528999784432968925030772706178194672901883665921384350124758058700542358492268189754148970476519945157352487706892292945726831633490725636209779454515850099260291293459411881441963107743017 0 0 0 0 0 0 0 0 0 0 0 0 0 0 0 0 0 0 0 0 0 0 0 0 0 0 1 0 0 0 0 0 0 0 0 0 0 0 0 0 0 0 0 0 0 0 0 0 0 0 0 0 0 0 0 0 0 0 0 0 0 0 0]
[2096312877081139069298653779648448979417011443123448789360802484199002528319185361748474517450424821109544395414759644907178636901323727784523359198952499899712086156118760680181144103842536672 0 0 0 0 0 0 0 0 0 0 0 0 0 0 0 0 0 0 0 0 0 0 0 0 0 0 0 1 0 0 0 0 0 0 0 0 0 0 0 0 0 0 0 0 0 0 0 0 0 0 0 0 0 0 0 0 0 0 0 0 0 0 0]
[2406040700692876142638717834577110190571397688599060537590030174994098553437176418996660594366406292556362770240461191006080030318057633853968709925898965595924803942355501525033363407510458501 0 0 0 0 0 0 0 0 0 0 0 0 0 0 0 0 0 0 0 0 0 0 0 0 0 0 0 0 1 0 0 0 0 0 0 0 0 0 0 0 0 0 0 0 0 0 0 0 0 0 0 0 0 0 0 0 0 0 0 0 0 0 0]
[2195833861726222390894788101591786709494423703512531264925908553205297726726308242111353802975490231592804204302055383624043080710626280674729004058262063170365106843995430722425531736196415031 0 0 0 0 0 0 0 0 0 0 0 0 0 0 0 0 0 0 0 0 0 0 0 0 0 0 0 0 0 1 0 0 0 0 0 0 0 0 0 0 0 0 0 0 0 0 0 0 0 0 0 0 0 0 0 0 0 0 0 0 0 0 0]
[3104894886546436909758663068075769689284409404083316605018882853801861991209058053072861393625345563888904440555651826392145502510328232265138403295499999609927757147876010151739563276485480467 0 0 0 0 0 0 0 0 0 0 0 0 0 0 0 0 0 0 0 0 0 0 0 0 0 0 0 0 0 0 1 0 0 0 0 0 0 0 0 0 0 0 0 0 0 0 0 0 0 0 0 0 0 0 0 0 0 0 0 0 0 0 0]
[2032630552630457062127199496241721528350739770060030469429677875040415123154735934058339793712272109233339222781470926340132063161244900582433392006195688609624383418423961612060271467312013232 0 0 0 0 0 0 0 0 0 0 0 0 0 0 0 0 0 0 0 0 0 0 0 0 0 0 0 0 0 0 0 1 0 0 0 0 0 0 0 0 0 0 0 0 0 0 0 0 0 0 0 0 0 0 0 0 0 0 0 0 0 0 0]
[3138562345285145446470318714595532905339062922891051091684590540146996902256284275845205990121314594646244459958202022161609129014166524879004597563413511703275886004216693274517725134611968688 0 0 0 0 0 0 0 0 0 0 0 0 0 0 0 0 0 0 0 0 0 0 0 0 0 0 0 0 0 0 0 0 1 0 0 0 0 0 0 0 0 0 0 0 0 0 0 0 0 0 0 0 0 0 0 0 0 0 0 0 0 0 0]
[59308555551096026739317815872681100395026998225455210613334092356533452202870566706557373499477163280601810572330036655725786907850827857660470365481825364012336217162645770027832905734678453 0 0 0 0 0 0 0 0 0 0 0 0 0 0 0 0 0 0 0 0 0 0 0 0 0 0 0 0 0 0 0 0 0 1 0 0 0 0 0 0 0 0 0 0 0 0 0 0 0 0 0 0 0 0 0 0 0 0 0 0 0 0 0]
[3198971720815267836233496407521409214074175029175546784822655055530405153914213256711187202100314672809778109500628508400596233677452526432515836548162330562585937364764197131493964381091672297 0 0 0 0 0 0 0 0 0 0 0 0 0 0 0 0 0 0 0 0 0 0 0 0 0 0 0 0 0 0 0 0 0 0 1 0 0 0 0 0 0 0 0 0 0 0 0 0 0 0 0 0 0 0 0 0 0 0 0 0 0 0 0]
[2169981328794656378836945164468847391119011177199805842658560732053409051895650165555135362838437321736166259528886005718672149999154147114513816122402140210018397892807383492513270966297862548 0 0 0 0 0 0 0 0 0 0 0 0 0 0 0 0 0 0 0 0 0 0 0 0 0 0 0 0 0 0 0 0 0 0 0 1 0 0 0 0 0 0 0 0 0 0 0 0 0 0 0 0 0 0 0 0 0 0 0 0 0 0 0]
[1427567953705352646651933994422451801651156103552641423770050800102754340836878717249259055414670098729021051680435958126815562639367377660079509586545407449604435707973132970936489571761604599 0 0 0 0 0 0 0 0 0 0 0 0 0 0 0 0 0 0 0 0 0 0 0 0 0 0 0 0 0 0 0 0 0 0 0 0 1 0 0 0 0 0 0 0 0 0 0 0 0 0 0 0 0 0 0 0 0 0 0 0 0 0 0]
[2421186621027926935470530614006937293240439563653238106766675692274765174823506451944660752801122661742363202278685664372364328604882615884311530684583696816143378903782584299969411798243417285 0 0 0 0 0 0 0 0 0 0 0 0 0 0 0 0 0 0 0 0 0 0 0 0 0 0 0 0 0 0 0 0 0 0 0 0 0 1 0 0 0 0 0 0 0 0 0 0 0 0 0 0 0 0 0 0 0 0 0 0 0 0 0]
[3372821294561854329546501962459060255293523779502841495892316336023269227010557199810450879132671426417571692929469909554826311526174691920537154585557921768440320835403601136031322353773983512 0 0 0 0 0 0 0 0 0 0 0 0 0 0 0 0 0 0 0 0 0 0 0 0 0 0 0 0 0 0 0 0 0 0 0 0 0 0 1 0 0 0 0 0 0 0 0 0 0 0 0 0 0 0 0 0 0 0 0 0 0 0 0]
[1701164459042483923909615136727167740118208681566579933264443307691021148082800835144403278940222987117882517833553453154252731742987056261393217629999678234857370353674084760188412456244229615 0 0 0 0 0 0 0 0 0 0 0 0 0 0 0 0 0 0 0 0 0 0 0 0 0 0 0 0 0 0 0 0 0 0 0 0 0 0 0 1 0 0 0 0 0 0 0 0 0 0 0 0 0 0 0 0 0 0 0 0 0 0 0]
[325811284223212238938563892890841116999308401693077587593115433892999698210378474487256945144399187272055236107738871353409814018957660941411001871443711735543147728732400672041497402724104817 0 0 0 0 0 0 0 0 0 0 0 0 0 0 0 0 0 0 0 0 0 0 0 0 0 0 0 0 0 0 0 0 0 0 0 0 0 0 0 0 1 0 0 0 0 0 0 0 0 0 0 0 0 0 0 0 0 0 0 0 0 0 0]
[3002765110818141470770836135791809627912211491103341221908946665819489763232753154325937818262072117204698293826600795397810783649357021036268025389763587192207726271129421418449482890057183161 0 0 0 0 0 0 0 0 0 0 0 0 0 0 0 0 0 0 0 0 0 0 0 0 0 0 0 0 0 0 0 0 0 0 0 0 0 0 0 0 0 1 0 0 0 0 0 0 0 0 0 0 0 0 0 0 0 0 0 0 0 0 0]
[1238591951294898872795700701662198095243137025344275755987217190824522318115599024019790437398291772100838233657761051477463934322482104187821499537427267112669035302141789238437060229735231 0 0 0 0 0 0 0 0 0 0 0 0 0 0 0 0 0 0 0 0 0 0 0 0 0 0 0 0 0 0 0 0 0 0 0 0 0 0 0 0 0 0 1 0 0 0 0 0 0 0 0 0 0 0 0 0 0 0 0 0 0 0 0]
[1800588616756864488008274196515242386170303781754536077443893388920276532797041592705087703974724762437051479181394335328968447681867692462176548376311536111170698221835925578784483306249036151 0 0 0 0 0 0 0 0 0 0 0 0 0 0 0 0 0 0 0 0 0 0 0 0 0 0 0 0 0 0 0 0 0 0 0 0 0 0 0 0 0 0 0 1 0 0 0 0 0 0 0 0 0 0 0 0 0 0 0 0 0 0 0]
[964540071136454657752951169810057388888180125811768737171711182623333468560708163361895203022955242088888947961951337716819284013677763691787335431736229246007085740153802689770342284785192185 0 0 0 0 0 0 0 0 0 0 0 0 0 0 0 0 0 0 0 0 0 0 0 0 0 0 0 0 0 0 0 0 0 0 0 0 0 0 0 0 0 0 0 0 1 0 0 0 0 0 0 0 0 0 0 0 0 0 0 0 0 0 0]
[3575662359775328278782873831444362734951707957055371254471922177791547397653774949473534809194323369826721751434155700867390610414996188518595075719239978760704017334956271067814447944426315813 0 0 0 0 0 0 0 0 0 0 0 0 0 0 0 0 0 0 0 0 0 0 0 0 0 0 0 0 0 0 0 0 0 0 0 0 0 0 0 0 0 0 0 0 0 1 0 0 0 0 0 0 0 0 0 0 0 0 0 0 0 0 0]
[2831187745665513898353106425056033385541109039057996394734018317923807585540540430271719559205106501441746578398520314745166148906840406690610623709094361463894697454887168674784229663532482704 0 0 0 0 0 0 0 0 0 0 0 0 0 0 0 0 0 0 0 0 0 0 0 0 0 0 0 0 0 0 0 0 0 0 0 0 0 0 0 0 0 0 0 0 0 0 1 0 0 0 0 0 0 0 0 0 0 0 0 0 0 0 0]
[3167382541210387173273706086533439848504327798043168532563390297096255229032038027663737222565875151360049359234352372562903755602626327095814687022676683051867542924234495909657594296098402112 0 0 0 0 0 0 0 0 0 0 0 0 0 0 0 0 0 0 0 0 0 0 0 0 0 0 0 0 0 0 0 0 0 0 0 0 0 0 0 0 0 0 0 0 0 0 0 1 0 0 0 0 0 0 0 0 0 0 0 0 0 0 0]
[2890594227763566278989316596432790278033976174298661721901140541109068503189995416595843917182109551501822935290594425920809117841753285544203745444463672222490497677180589596888493134056216292 0 0 0 0 0 0 0 0 0 0 0 0 0 0 0 0 0 0 0 0 0 0 0 0 0 0 0 0 0 0 0 0 0 0 0 0 0 0 0 0 0 0 0 0 0 0 0 0 1 0 0 0 0 0 0 0 0 0 0 0 0 0 0]
[518907061133781475944552224664724554958785835455500122985846267457679452020937350752187471039281170446160833210618232117880548872679747187347428127892438602975243968857983795203592809247152718 0 0 0 0 0 0 0 0 0 0 0 0 0 0 0 0 0 0 0 0 0 0 0 0 0 0 0 0 0 0 0 0 0 0 0 0 0 0 0 0 0 0 0 0 0 0 0 0 0 1 0 0 0 0 0 0 0 0 0 0 0 0 0]
[3599109885284779059112882328914063857080294843075888997284305550048559570668435265378599337574336841941749194962472400647863314735438116602251582838264659189345245195371803641989479621284175054 0 0 0 0 0 0 0 0 0 0 0 0 0 0 0 0 0 0 0 0 0 0 0 0 0 0 0 0 0 0 0 0 0 0 0 0 0 0 0 0 0 0 0 0 0 0 0 0 0 0 1 0 0 0 0 0 0 0 0 0 0 0 0]
[1769848508696619531040201501343301903270846941121105506085708078960059239892100531561286481032372091559082081966186916701438049113060622915570549484194597031863053203199686219575436704877334213 0 0 0 0 0 0 0 0 0 0 0 0 0 0 0 0 0 0 0 0 0 0 0 0 0 0 0 0 0 0 0 0 0 0 0 0 0 0 0 0 0 0 0 0 0 0 0 0 0 0 0 1 0 0 0 0 0 0 0 0 0 0 0]
[2655018127273389622254640745470632457022293738951221822076072482245721974603380163121808742358384098041316708222727330855130600893705138751662581963332304924805770110731634089372634328090911621 0 0 0 0 0 0 0 0 0 0 0 0 0 0 0 0 0 0 0 0 0 0 0 0 0 0 0 0 0 0 0 0 0 0 0 0 0 0 0 0 0 0 0 0 0 0 0 0 0 0 0 0 1 0 0 0 0 0 0 0 0 0 0]
[3295900855293352353657459396709339696485372137163097847571394948292138184250560247480724297242394244073586229838083521114401961079720305480233413443480642533914276159323609171311337341834901247 0 0 0 0 0 0 0 0 0 0 0 0 0 0 0 0 0 0 0 0 0 0 0 0 0 0 0 0 0 0 0 0 0 0 0 0 0 0 0 0 0 0 0 0 0 0 0 0 0 0 0 0 0 1 0 0 0 0 0 0 0 0 0]
[1449731535073702191478024844185823499521984292011212618032409078817705738479194371481832727734782077849818746484299890456880312853829112787809174262447422176234548075381641630361794315642069142 0 0 0 0 0 0 0 0 0 0 0 0 0 0 0 0 0 0 0 0 0 0 0 0 0 0 0 0 0 0 0 0 0 0 0 0 0 0 0 0 0 0 0 0 0 0 0 0 0 0 0 0 0 0 1 0 0 0 0 0 0 0 0]
[2909906549511758452636827331869435110397247464678569766703892488259976678473907057017952009608055644580051814869512516647462558190511969306848643857713434081886690712663568233228467844078155078 0 0 0 0 0 0 0 0 0 0 0 0 0 0 0 0 0 0 0 0 0 0 0 0 0 0 0 0 0 0 0 0 0 0 0 0 0 0 0 0 0 0 0 0 0 0 0 0 0 0 0 0 0 0 0 1 0 0 0 0 0 0 0]
[3340448359648982321504167596861807514753800963202352022118522542461036027603565519897614830749124866698867195820511206519028239413085865091734564857347100266788931731210613081832260699039650974 0 0 0 0 0 0 0 0 0 0 0 0 0 0 0 0 0 0 0 0 0 0 0 0 0 0 0 0 0 0 0 0 0 0 0 0 0 0 0 0 0 0 0 0 0 0 0 0 0 0 0 0 0 0 0 0 1 0 0 0 0 0 0]
[543613010048927513857646712680067146992499163447917663503645807931578361427735263758966592630155350858212555895058142638945739636712592435348975495566628224059811220844629730962813327733950110 0 0 0 0 0 0 0 0 0 0 0 0 0 0 0 0 0 0 0 0 0 0 0 0 0 0 0 0 0 0 0 0 0 0 0 0 0 0 0 0 0 0 0 0 0 0 0 0 0 0 0 0 0 0 0 0 0 1 0 0 0 0 0]
[2291085023637703065508481972416581535098167331641107813280982595142727685969130124853802313284861242806225268851352190476469914313207192281865967412126936909791470392762875196036939158950702194 0 0 0 0 0 0 0 0 0 0 0 0 0 0 0 0 0 0 0 0 0 0 0 0 0 0 0 0 0 0 0 0 0 0 0 0 0 0 0 0 0 0 0 0 0 0 0 0 0 0 0 0 0 0 0 0 0 0 1 0 0 0 0]
[893608458565130046216376362254730063943457796446287899012577218738702743772464963014250408270107284745424408863783532150304503902269089794587275386601014305569161368167879025079164046390708780 0 0 0 0 0 0 0 0 0 0 0 0 0 0 0 0 0 0 0 0 0 0 0 0 0 0 0 0 0 0 0 0 0 0 0 0 0 0 0 0 0 0 0 0 0 0 0 0 0 0 0 0 0 0 0 0 0 0 0 1 0 0 0]
[669983177576223112369551838136410976541167624870577613722753423586425789644196375606568803683214562074864897028787805046437626441335219512207259379461767412456034988230774208069631409346626723 0 0 0 0 0 0 0 0 0 0 0 0 0 0 0 0 0 0 0 0 0 0 0 0 0 0 0 0 0 0 0 0 0 0 0 0 0 0 0 0 0 0 0 0 0 0 0 0 0 0 0 0 0 0 0 0 0 0 0 0 1 0 0]
[2611104067285310880437999184880947872406995459145967733843029311134043576122077272692424267237893202781377266584913891493642858173147938527198255527724970943553898572911152859427075729526350130 0 0 0 0 0 0 0 0 0 0 0 0 0 0 0 0 0 0 0 0 0 0 0 0 0 0 0 0 0 0 0 0 0 0 0 0 0 0 0 0 0 0 0 0 0 0 0 0 0 0 0 0 0 0 0 0 0 0 0 0 0 1 0]
[3461261585463951298391329465813591298475331927646771825724028013420533045844737676596625128463038849594189897412276735177630436201671932515556671346676996422265704352313740579733025552303344421 0 0 0 0 0 0 0 0 0 0 0 0 0 0 0 0 0 0 0 0 0 0 0 0 0 0 0 0 0 0 0 0 0 0 0 0 0 0 0 0 0 0 0 0 0 0 0 0 0 0 0 0 0 0 0 0 0 0 0 0 0 0 1]
]
64 128 3
[1 0 0 0 0 0 0 0 0 0 0 0 0 0 0 0 0 0 0 0 0 0 0 0 0 0 0 0 0 0 0 0 0 0 0 0 0 0 0 0 0 0 0 0 0 0 0 0 0 0 0 0 0 0 0 0 0 0 0 0 0 0 0 0 1]
