[[3267778238346280721672994219995365718179813578424910357473430638712192992242644578144616641182386494360542659948189781374630624275747687192387769711641118857527265797638369094103294511996714369 0 0 0 0 0 0 0 0 0 0 0 0 0 0 0 0 0 0 0 0 0 0 0 0 0 0 0 0 0 0 0 0 0 0 0 0 0 0 0 0 0 0 0 0 0 0 0 0 0 0 0 0 0 0 0 0 0 0 0 0 0 0 0]
[1359579240790864217481405234355600622320595289997144166870665876308872739825378077992394338607604239086179157241383436378438290773609838101693883936437534799152685441567631904897321272304848893 1 0 0 0 0 0 0 0 0 0 0 0 0 0 0 0 0 0 0 0 0 0 0 0 0 0 0 0 0 0 0 0 0 0 0 0 0 0 0 0 0 0 0 0 0 0 0 0 0 0 0 0 0 0 0 0 0 0 0 0 0 0 0]
[2120769531075612923587545868018096748869655194369174162583064940685579222078860355083759786894957048305017724062104907665545944674776957178913353221867088755533282168439516871120535842823664817 0 1 0 0 0 0 0 0 0 0 0 0 0 0 0 0 0 0 0 0 0 0 0 0 0 0 0 0 0 0 0 0 0 0 0 0 0 0 0 0 0 0 0 0 0 0 0 0 0 0 0 0 0 0 0 0 0 0 0 0 0 0 0]
[893839764299162202495943608894450672033817770404165174815222016959055059822581345544094133621242583576182876347412102072420377981841705457668369092884192828036158362237756936775047593652373169 0 0 1 0 0 0 0 0 0 0 0 0 0 0 0 0 0 0 0 0 0 0 0 0 0 0 0 0 0 0 0 0 0 0 0 0 0 0 0 0 0 0 0 0 0 0 0 0 0 0 0 0 0 0 0 0 0 0 0 0 0 0 0]
[3084753267877587370398867597710571288869814524408187937650229695215097916377549697643362270474021204048813772735973738546040405208669379096671040154029569176580654719114042512707670187379258148 0 0 0 1 0 0 0 0 0 0 0 0 0 0 0 0 0 0 0 0 0 0 0 0 0 0 0 0 0 0 0 0 0 0 0 0 0 0 0 0 0 0 0 0 0 0 0 0 0 0 0 0 0 0 0 0 0 0 0 0 0 0 0]
[1219885191391680619738949897469179191674718692596443341822132987068462921804690701783989820665118900142577257224893570267564387280211303399529635307728209478366751568476726063237789322093021871 0 0 0 0 1 0 0 0 0 0 0 0 0 0 0 0 0 0 0 0 0 0 0 0 0 0 0 0 0 0 0 0 0 0 0 0 0 0 0 0 0 0 0 0 0 0 0 0 0 0 0 0 0 0 0 0 0 0 0 0 0 0 0]
[1249855539793982186061755372999318848450942846378622064410284260733836588721885304756388949340303765559876656376186767697149727724779937018984314204022705207208783816940122805439825895653093534 0 0 0 0 0 1 0 0 0 0 0 0 0 0 0 0 0 0 0 0 0 0 0 0 0 0 0 0 0 0 0 0 0 0 0 0 0 0 0 0 0 0 0 0 0 0 0 0 0 0 0 0 0 0 0 0 0 0 0 0 0 0 0]
[1457098458060025934499130346398565834947032445214449784527537553672889650374738651170976760266531269054287653264327019551209422109128382643396919432005205842826841793748635575441327094740890227 0 0 0 0 0 0 1 0 0 0 0 0 0 0 0 0 0 0 0 0 0 0 0 0 0 0 0 0 0 0 0 0 0 0 0 0 0 0 0 0 0 0 0 0 0 0 0 0 0 0 0 0 0 0 0 0 0 0 0 0 0 0 0]
[592387754858597469972248727910348285030199818398853016190946575531832524231080746152894657394991501794519101116818579906172334329148663395021817172028853642307444120607354248866223077992973074 0 0 0 0 0 0 0 1 0 0 0 0 0 0 0 0 0 0 0 0 0 0 0 0 0 0 0 0 0 0 0 0 0 0 0 0 0 0 0 0 0 0 0 0 0 0 0 0 0 0 0 0 0 0 0 0 0 0 0 0 0 0 0]
[3150148106759579791831984372822297896319753787872001217826635018245737225081644067578823889710239309898016392855957348595895684927081042595858929977057576400715883863971754285456151651639429942 0 0 0 0 0 0 0 0 1 0 0 0 0 0 0 0 0 0 0 0 0 0 0 0 0 0 0 0 0 0 0 0 0 0 0 0 0 0 0 0 0 0 0 0 0 0 0 0 0 0 0 0 0 0 0 0 0 0 0 0 0 0 0]
[1688353941257204169135852047809369498356541356133250543546718785175726321931436537694908244469411983359147937475052060440689430556287366064770966686915977651598592896029872090710381067970989197 0 0 0 0 0 0 0 0 0 1 0 0 0 0 0 0 0 0 0 0 0 0 0 0 0 0 0 0 0 0 0 0 0 0 0 0 0 0 0 0 0 0 0 0 0 0 0 0 0 0 0 0 0 0 0 0 0 0 0 0 0 0 0]
[1630958093012409593336380071751379492546855054756140113067193429712199786318321853185196701725790046382303265409882743817362058034440070039858132771056960696234510885815245385910246116396375989 0 0 0 0 0 0 0 0 0 0 1 0 0 0 0 0 0 0 0 0 0 0 0 0 0 0 0 0 0 0 0 0 0 0 0 0 0 0 0 0 0 0 0 0 0 0 0 0 0 0 0 0 0 0 0 0 0 0 0 0 0 0 0]
[95880272624502174953326139199160614925879621888449829021394726818587990591469454658576589478322585507088553829914546391963845146355096893534385926961168088300063882819595389270864631124400143 0 0 0 0 0 0 0 0 0 0 0 1 0 0 0 0 0 0 0 0 0 0 0 0 0 0 0 0 0 0 0 0 0 0 0 0 0 0 0 0 0 0 0 0 0 0 0 0 0 0 0 0 0 0 0 0 0 0 0 0 0 0 0]
[1414099410634584081441130862697181790375654424599774190640459430744456414824998455594292133900241595841347286880627321978875171552320912624440875665706679220457796170338053010898154166981464490 0 0 0 0 0 0 0 0 0 0 0 0 1 0 0 0 0 0 0 0 0 0 0 0 0 0 0 0 0 0 0 0 0 0 0 0 0 0 0 0 0 0 0 0 0 0 0 0 0 0 0 0 0 0 0 0 0 0 0 0 0 0 0]
[436883036511301872424682767620923339993885105852637325552919076364812556369218841043713764862031275537643959053493225411875365860144934085898387991211238416498550750187475656123447247881158250 0 0 0 0 0 0 0 0 0 0 0 0 0 1 0 0 0 0 0 0 0 0 0 0 0 0 0 0 0 0 0 0 0 0 0 0 0 0 0 0 0 0 0 0 0 0 0 0 0 0 0 0 0 0 0 0 0 0 0 0 0 0 0]
[420899651827011507873274901343437489360965911114658656702421187990886676986762981651202012165774865327929537854106842583906263307967432622533408530892427902738536058854463543061836511507539649 0 0 0 0 0 0 0 0 0 0 0 0 0 0 1 0 0 0 0 0 0 0 0 0 0 0 0 0 0 0 0 0 0 0 0 0 0 0 0 0 0 0 0 0 0 0 0 0 0 0 0 0 0 0 0 0 0 0 0 0 0 0 0]
[985223543607490352900326717812411101674139623832517684291918529568321045941882075475486850969684200986808070122952178452228721284123489713303484223806308552055304771145590171080215356964081160 0 0 0 0 0 0 0 0 0 0 0 0 0 0 0 1 0 0 0 0 0 0 0 0 0 0 0 0 0 0 0 0 0 0 0 0 0 0 0 0 0 0 0 0 0 0 0 0 0 0 0 0 0 0 0 0 0 0 0 0 0 0 0]
[2157836949949437300466556388446869137055173972549772674257340750006392901320869493077149666764060186394088434861550689586701049451802189219249105469532620516464339314057440089247271935584749554 0 0 0 0 0 0 0 0 0 0 0 0 0 0 0 0 1 0 0 0 0 0 0 0 0 0 0 0 0 0 0 0 0 0 0 0 0 0 0 0 0 0 0 0 0 0 0 0 0 0 0 0 0 0 0 0 0 0 0 0 0 0 0]
[3265811422746094849955930992997521036634505598540438267709218186231244694044488696487040213121323773134087552740766718807825868778466424782917462970203343471930017412833398827930536954760173506 0 0 0 0 0 0 0 0 0 0 0 0 0 0 0 0 0 1 0 0 0 0 0 0 0 0 0 0 0 0 0 0 0 0 0 0 0 0 0 0 0 0 0 0 0 0 0 0 0 0 0 0 0 0 0 0 0 0 0 0 0 0 0]
[1801275971736495604390780923065610361672469325485681701861750353499151957695562271103806742932966015472237701725980212282029460330684158453125658066824092500043866007967581305884562727432231718 0 0 0 0 0 0 0 0 0 0 0 0 0 0 0 0 0 0 1 0 0 0 0 0 0 0 0 0 0 0 0 0 0 0 0 0 0 0 0 0 0 0 0 0 0 0 0 0 0 0 0 0 0 0 0 0 0 0 0 0 0 0 0]
[481047700061906805792062544083947059782397273191609768668488150879618985347544524074987159842920497411920987362946104474951489258607721849671308642867917413169775706143666871424540157757918631 0 0 0 0 0 0 0 0 0 0 0 0 0 0 0 0 0 0 0 1 0 0 0 0 0 0 0 0 0 0 0 0 0 0 0 0 0 0 0 0 0 0 0 0 0 0 0 0 0 0 0 0 0 0 0 0 0 0 0 0 0 0 0]
[2375159464572934647538075341706707021245862415156086356549082497502801038557565353869504750514593481959174172185762702802157571311384272512083819327415486828334617599482061706775368411850939973 0 0 0 0 0 0 0 0 0 0 0 0 0 0 0 0 0 0 0 0 1 0 0 0 0 0 0 0 0 0 0 0 0 0 0 0 0 0 0 0 0 0 0 0 0 0 0 0 0 0 0 0 0 0 0 0 0 0 0 0 0 0 0]
[154988049503707556792258902742857136430132050059388167088023369728992554251558937083158721079323936182385560463084741849224754991398282206094409626740627081241909755971143624831069843128768633 0 0 0 0 0 0 0 0 0 0 0 0 0 0 0 0 0 0 0 0 0 1 0 0 0 0 0 0 0 0 0 0 0 0 0 0 0 0 0 0 0 0 0 0 0 0 0 0 0 0 0 0 0 0 0 0 0 0 0 0 0 0 0]
[298996303322580866337635093937060072049995400661744257360745440163958660899286925400093822825501550837283073483490888168564331696652524527969383955970492275667346129075071521067456786649303762 0 0 0 0 0 0 0 0 0 0 0 0 0 0 0 0 0 0 0 0 0 0 1 0 0 0 0 0 0 0 0 0 0 0 0 0 0 0 0 0 0 0 0 0 0 0 0 0 0 0 0 0 0 0 0 0 0 0 0 0 0 0 0]
[454694212769037358841209438730774752886923039123045329234796263216941764858656326460682047618356712494009623621403815977905893461175309747159291955281901946047026438653884496596093231617566839 0 0 0 0 0 0 0 0 0 0 0 0 0 0 0 0 0 0 0 0 0 0 0 1 0 0 0 0 0 0 0 0 0 0 0 0 0 0 0 0 0 0 0 0 0 0 0 0 0 0 0 0 0 0 0 0 0 0 0 0 0 0 0]
[2484426389471467845518697923031986915228284966010186725382328916140059127783572683711702445440513475314156548237072219041843291131703113481643869857549077319975468512840998014938953657350519783 0 0 0 0 0 0 0 0 0 0 0 0 0 0 0 0 0 0 0 0 0 0 0 0 1 0 0 0 0 0 0 0 0 0 0 0 0 0 0 0 0 0 0 0 0 0 0 0 0 0 0 0 0 0 0 0 0 0 0 0 0 0 0]
[2488972213933471551011875936703386220842577130752358706639683775446516862619815148956357882118864654762189877126862501345704545180119428107003872077753231329783961050526426493065790890357906567 0 0 0 0 0 0 0 0 0 0 0 0 0 0 0 0 0 0 0 0 0 0 0 0 0 1 0 0 0 0 0 0 0 0 0 0 0 0 0 0 0 0 0 0 0 0 0 0 0 0 0 0 0 0 0 0 0 0 0 0 0 0 0]
[1603337405048566298211389633622135346423405102659334697645419364854562180900876921219477113139326075159741981016085808046005400788431515954038205883214301216866612375761209359833080534559608400 0 0 0 0 0 0 0 0 0 0 0 0 0 0 0 0 0 0 0 0 0 0 0 0 0 0 1 0 0 0 0 0 0 0 0 0 0 0 0 0 0 0 0 0 0 0 0 0 0 0 0 0 0 0 0 0 0 0 0 0 0 0 0]
[228624779215609130365173091288372543795538040539238167327393437787497726557938913362036396821749939177895839811431994283353516379915807012083126951144124154215979106329004520151216096484229712 0 0 0 0 0 0 0 0 0 0 0 0 0 0 0 0 0 0 0 0 0 0 0 0 0 0 0 1 0 0 0 0 0 0 0 0 0 0 0 0 0 0 0 0 0 0 0 0 0 0 0 0 0 0 0 0 0 0 0 0 0 0 0]
[2689328408869045474566847801282043136227657816585187618641011404726486902673784440409467364925969750377604827858942733328234778522339714931546300538901550468422618524435741141203946709481814366 0 0 0 0 0 0 0 0 0 0 0 0 0 0 0 0 0 0 0 0 0 0 0 0 0 0 0 0 1 0 0 0 0 0 0 0 0 0 0 0 0 0 0 0 0 0 0 0 0 0 0 0 0 0 0 0 0 0 0 0 0 0 0]
[2537382486617201899211209002604907916471172442025731247668273597623070396327745419674266590686153403301753595937140387746848311019264974565794810826539504861923738512118925672452947128385204877 0 0 0 0 0 0 0 0 0 0 0 0 0 0 0 0 0 0 0 0 0 0 0 0 0 0 0 0 0 1 0 0 0 0 0 0 0 0 0 0 0 0 0 0 0 0 0 0 0 0 0 0 0 0 0 0 0 0 0 0 0 0 0]
[336593480995858038408227649476404101016834156269070088552157402038030203365608793936165174887959203068277527142982421418883146864839420005871371935238006235792902061559174828544230459149874650 0 0 0 0 0 0 0 0 0 0 0 0 0 0 0 0 0 0 0 0 0 0 0 0 0 0 0 0 0 0 1 0 0 0 0 0 0 0 0 0 0 0 0 0 0 0 0 0 0 0 0 0 0 0 0 0 0 0 0 0 0 0 0]
[663479515336387527843741515338407669494745937020720788597765904618414972430866802705324575934839730369760741845490216598467655748337732953631350026015805566261649220887830449112011130950326433 0 0 0 0 0 0 0 0 0 0 0 0 0 0 0 0 0 0 0 0 0 0 0 0 0 0 0 0 0 0 0 1 0 0 0 0 0 0 0 0 0 0 0 0 0 0 0 0 0 0 0 0 0 0 0 0 0 0 0 0 0 0 0]
[3229732012011023243963300685378335658291229388345529241508816160104257139368630707947734303897558198545282576229709331290403118568494860767624709975571127451114074682043597141711713144921461541 0 0 0 0 0 0 0 0 0 0 0 0 0 0 0 0 0 0 0 0 0 0 0 0 0 0 0 0 0 0 0 0 1 0 0 0 0 0 0 0 0 0 0 0 0 0 0 0 0 0 0 0 0 0 0 0 0 0 0 0 0 0 0]
[1903897034514106507522815893325479077130670865078005021647782029378889631316707709125726362802581486439416462318389395983123772239280731165911050751908306097959741572495390564662044999340555751 0 0 0 0 0 0 0 0 0 0 0 0 0 0 0 0 0 0 0 0 0 0 0 0 0 0 0 0 0 0 0 0 0 1 0 0 0 0 0 0 0 0 0 0 0 0 0 0 0 0 0 0 0 0 0 0 0 0 0 0 0 0 0]
[1758867378205701097137892590995752258333810016829565898512946743651344980616458630939112762685353500829710060141927581451294813474547228104296336137808542241438521593762901723529255989872040812 0 0 0 0 0 0 0 0 0 0 0 0 0 0 0 0 0 0 0 0 0 0 0 0 0 0 0 0 0 0 0 0 0 0 1 0 0 0 0 0 0 0 0 0 0 0 0 0 0 0 0 0 0 0 0 0 0 0 0 0 0 0 0]
[3203230729059886968221131497961709228026112639750226345048331466466930542557418831998265299902914375583755397526425003100761234489533668697651977747123220346172860326977565314885782150530598548 0 0 0 0 0 0 0 0 0 0 0 0 0 0 0 0 0 0 0 0 0 0 0 0 0 0 0 0 0 0 0 0 0 0 0 1 0 0 0 0 0 0 0 0 0 0 0 0 0 0 0 0 0 0 0 0 0 0 0 0 0 0 0]
[2754322934725273079550958159771732015409892597783395412806831158472168333875917122644350254859839606823488034171070003902652327449049350978254292412374405795366419251400685097808984870595730611 0 0 0 0 0 0 0 0 0 0 0 0 0 0 0 0 0 0 0 0 0 0 0 0 0 0 0 0 0 0 0 0 0 0 0 0 1 0 0 0 0 0 0 0 0 0 0 0 0 0 0 0 0 0 0 0 0 0 0 0 0 0 0]
[2260361711897021811806644425586433585679562320791455534471006435321158575550144261436811005869652622565398849602300887839481491816824784558155112993291573090199316392711909578643638684991112960 0 0 0 0 0 0 0 0 0 0 0 0 0 0 0 0 0 0 0 0 0 0 0 0 0 0 0 0 0 0 0 0 0 0 0 0 0 1 0 0 0 0 0 0 0 0 0 0 0 0 0 0 0 0 0 0 0 0 0 0 0 0 0]
[722111916193021849796396796917098835470162792588773459221967866788216920988434670367745210340041872832574328033249570298140935764943721365804251895877823832286403295460881270505670444825222620 0 0 0 0 0 0 0 0 0 0 0 0 0 0 0 0 0 0 0 0 0 0 0 0 0 0 0 0 0 0 0 0 0 0 0 0 0 0 1 0 0 0 0 0 0 0 0 0 0 0 0 0 0 0 0 0 0 0 0 0 0 0 0]
[1787831924983660428170183767420915520266368600834876491107445564920861196753022340442572807662464375862718741768039791602766237745687242046002902108553962548881028807271684122064679153251446629 0 0 0 0 0 0 0 0 0 0 0 0 0 0 0 0 0 0 0 0 0 0 0 0 0 0 0 0 0 0 0 0 0 0 0 0 0 0 0 1 0 0 0 0 0 0 0 0 0 0 0 0 0 0 0 0 0 0 0 0 0 0 0]
[1388040919645992439881029271676602461485222172660993703340922996997070429543488937031231646903472058558876208215564195737734133520656773800543194751535959606945849259486142747011396435513623133 0 0 0 0 0 0 0 0 0 0 0 0 0 0 0 0 0 0 0 0 0 0 0 0 0 0 0 0 0 0 0 0 0 0 0 0 0 0 0 0 1 0 0 0 0 0 0 0 0 0 0 0 0 0 0 0 0 0 0 0 0 0 0]
[641663546063219582128041781258856833342758346312593084712733612593373927341431876032524889655197126240321567557860476018144486958235801556886620448981335180414207757195988506912824276151870859 0 0 0 0 0 0 0 0 0 0 0 0 0 0 0 0 0 0 0 0 0 0 0 0 0 0 0 0 0 0 0 0 0 0 0 0 0 0 0 0 0 1 0 0 0 0 0 0 0 0 0 0 0 0 0 0 0 0 0 0 0 0 0]
[605768233024481476955778580436619264696968051859024076391883584385314520794573897917749372271100408483465444927345123502175378681380577675238942283043522870471033726844180790856743520922057439 0 0 0 0 0 0 0 0 0 0 0 0 0 0 0 0 0 0 0 0 0 0 0 0 0 0 0 0 0 0 0 0 0 0 0 0 0 0 0 0 0 0 1 0 0 0 0 0 0 0 0 0 0 0 0 0 0 0 0 0 0 0 0]
[2616150216349030602749205043263961365810801285748711676667057729775588432853271456460560271935395363837694044424937221026838858974557464140409227190002168967597558470754975338851831747955597487 0 0 0 0 0 0 0 0 0 0 0 0 0 0 0 0 0 0 0 0 0 0 0 0 0 0 0 0 0 0 0 0 0 0 0 0 0 0 0 0 0 0 0 1 0 0 0 0 0 0 0 0 0 0 0 0 0 0 0 0 0 0 0]
[816650764513660681285526925892470548435483146970955390921300662951100843019636815145484019227470812550899518922747417481998116328971491727924978200342606567599705930568082670035673882284169565 0 0 0 0 0 0 0 0 0 0 0 0 0 0 0 0 0 0 0 0 0 0 0 0 0 0 0 0 0 0 0 0 0 0 0 0 0 0 0 0 0 0 0 0 1 0 0 0 0 0 0 0 0 0 0 0 0 0 0 0 0 0 0]
[3225543809274231064190218545841102548368131999691876740203153515797805565166182986139589558528392284895284223748025898407620439990583667126817021444996547772615374868655427684092490608707582799 0 0 0 0 0 0 0 0 0 0 0 0 0 0 0 0 0 0 0 0 0 0 0 0 0 0 0 0 0 0 0 0 0 0 0 0 0 0 0 0 0 0 0 0 0 1 0 0 0 0 0 0 0 0 0 0 0 0 0 0 0 0 0]
[424681286296670921655399026835154636484948012401059309199346029807902446500643203971822195930321087464502798186185384280578169942157307753049645297654094616715385297142500669501110000843380650 0 0 0 0 0 0 0 0 0 0 0 0 0 0 0 0 0 0 0 0 0 0 0 0 0 0 0 0 0 0 0 0 0 0 0 0 0 0 0 0 0 0 0 0 0 0 1 0 0 0 0 0 0 0 0 0 0 0 0 0 0 0 0]
[2468510477685181920693143472662420995769031354183323146541321806914534859574744864807227395393725849079405032286633434641367847267878954034719917548707415079491397850094401940774514900936584280 0 0 0 0 0 0 0 0 0 0 0 0 0 0 0 0 0 0 0 0 0 0 0 0 0 0 0 0 0 0 0 0 0 0 0 0 0 0 0 0 0 0 0 0 0 0 0 1 0 0 0 0 0 0 0 0 0 0 0 0 0 0 0]
[527236718800423044997808588494883885178864834509055974968377858388558086910147563181308779824455270387984083527802753822765530730319364039887106392374134698571148917471206621998127295084180436 0 0 0 0 0 0 0 0 0 0 0 0 0 0 0 0 0 0 0 0 0 0 0 0 0 0 0 0 0 0 0 0 0 0 0 0 0 0 0 0 0 0 0 0 0 0 0 0 1 0 0 0 0 0 0 0 0 0 0 0 0 0 0]
[2700073696329769864024208379754386681099522543064369407382336858159926751366484849073707795501463157099739779167118642713299407877487673373809448555114406293250763606173943473139329008552711974 0 0 0 0 0 0 0 0 0 0 0 0 0 0 0 0 0 0 0 0 0 0 0 0 0 0 0 0 0 0 0 0 0 0 0 0 0 0 0 0 0 0 0 0 0 0 0 0 0 1 0 0 0 0 0 0 0 0 0 0 0 0 0]
[1022797730650683834062705966539958943303386458091237870309353851183049964412093888693267125744947721870890347915255682154835661423991538032877144208082241596115273728238626203784942441392907959 0 0 0 0 0 0 0 0 0 0 0 0 0 0 0 0 0 0 0 0 0 0 0 0 0 0 0 0 0 0 0 0 0 0 0 0 0 0 0 0 0 0 0 0 0 0 0 0 0 0 1 0 0 0 0 0 0 0 0 0 0 0 0]
[1799811954449145426780986401207115902745065813135044847663600544338693422150203246278314572207319424151646563026815607650321214109826418309388422318377794171235388539750695765322763584397973233 0 0 0 0 0 0 0 0 0 0 0 0 0 0 0 0 0 0 0 0 0 0 0 0 0 0 0 0 0 0 0 0 0 0 0 0 0 0 0 0 0 0 0 0 0 0 0 0 0 0 0 1 0 0 0 0 0 0 0 0 0 0 0]
[1584243505381974284470852673616707241959135352623462557084468904979580457886874018912537724393766992856500502061027499170870444661262655669414632017366441674059357444319945561007346093424646647 0 0 0 0 0 0 0 0 0 0 0 0 0 0 0 0 0 0 0 0 0 0 0 0 0 0 0 0 0 0 0 0 0 0 0 0 0 0 0 0 0 0 0 0 0 0 0 0 0 0 0 0 1 0 0 0 0 0 0 0 0 0 0]
[1156523907862139904877070062779600843327884858625198429603394311686520328651275205183994437935617394975332156295658873835590596691511586629711910945935196382283537503735599765970457456045564828 0 0 0 0 0 0 0 0 0 0 0 0 0 0 0 0 0 0 0 0 0 0 0 0 0 0 0 0 0 0 0 0 0 0 0 0 0 0 0 0 0 0 0 0 0 0 0 0 0 0 0 0 0 1 0 0 0 0 0 0 0 0 0]
[2320350432169428066111831851117732662053968295148041355417494544099836707044879413410829996803932464973343079824843960091280790795476687180579140500877000271538798573503463735883051277960008627 0 0 0 0 0 0 0 0 0 0 0 0 0 0 0 0 0 0 0 0 0 0 0 0 0 0 0 0 0 0 0 0 0 0 0 0 0 0 0 0 0 0 0 0 0 0 0 0 0 0 0 0 0 0 1 0 0 0 0 0 0 0 0]
[2497258263276444541682992569845066906613778210529110268422576488615997481394594043888743903438786845710040696112598986389343094895734128675724516923871504632083723806286385756801803634069828423 0 0 0 0 0 0 0 0 0 0 0 0 0 0 0 0 0 0 0 0 0 0 0 0 0 0 0 0 0 0 0 0 0 0 0 0 0 0 0 0 0 0 0 0 0 0 0 0 0 0 0 0 0 0 0 1 0 0 0 0 0 0 0]
[448745410311651950561177069403542511305885297254031284496906838011410111014692493027014183387246881745210859508458226766281149677348780788251464829618231629362855059617054754584102258537641573 0 0 0 0 0 0 0 0 0 0 0 0 0 0 0 0 0 0 0 0 0 0 0 0 0 0 0 0 0 0 0 0 0 0 0 0 0 0 0 0 0 0 0 0 0 0 0 0 0 0 0 0 0 0 0 0 1 0 0 0 0 0 0]
[1692160710161866329665586331172676371065208240619819557568302205668401610278847126214260204518054175796338646297149516124175473664014319126413032325414676432163416903620496739806851375413858430 0 0 0 0 0 0 0 0 0 0 0 0 0 0 0 0 0 0 0 0 0 0 0 0 0 0 0 0 0 0 0 0 0 0 0 0 0 0 0 0 0 0 0 0 0 0 0 0 0 0 0 0 0 0 0 0 0 1 0 0 0 0 0]
[1125971994830032702973016974808249438491682871047167964398738470936351766414371240617282188084069169694072404534021195179352514198933583401516282497082004300783896043545730643289928819997404027 0 0 0 0 0 0 0 0 0 0 0 0 0 0 0 0 0 0 0 0 0 0 0 0 0 0 0 0 0 0 0 0 0 0 0 0 0 0 0 0 0 0 0 0 0 0 0 0 0 0 0 0 0 0 0 0 0 0 1 0 0 0 0]
[1808457383381653520370307352176636879952500848605995472908815889524509720049452424378934679055911144905748744776082306295482208004081072286852793745008018096506095854109313030111039875877255849 0 0 0 0 0 0 0 0 0 0 0 0 0 0 0 0 0 0 0 0 0 0 0 0 0 0 0 0 0 0 0 0 0 0 0 0 0 0 0 0 0 0 0 0 0 0 0 0 0 0 0 0 0 0 0 0 0 0 0 1 0 0 0]
[428463789936540807460702171650639862803603785559411549610224041075619729178858016137699683591695683840384329631055472996745536035084533198667199420394400317580424657275219911541746531914754000 0 0 0 0 0 0 0 0 0 0 0 0 0 0 0 0 0 0 0 0 0 0 0 0 0 0 0 0 0 0 0 0 0 0 0 0 0 0 0 0 0 0 0 0 0 0 0 0 0 0 0 0 0 0 0 0 0 0 0 0 1 0 0]
[349444013333481773824170628707920460632022385282038315965112712725842968351639860595383181955159176401893803177524505063109683309850115555636770249425082240121605382647490088886840460549593977 0 0 0 0 0 0 0 0 0 0 0 0 0 0 0 0 0 0 0 0 0 0 0 0 0 0 0 0 0 0 0 0 0 0 0 0 0 0 0 0 0 0 0 0 0 0 0 0 0 0 0 0 0 0 0 0 0 0 0 0 0 1 0]
[116780953843787808975512438629035761290278041523129264938609960260879557329269168799584682276910228943290353033311890984742090128929829460255604339460484420560884108758682276403116859671636984 0 0 0 0 0 0 0 0 0 0 0 0 0 0 0 0 0 0 0 0 0 0 0 0 0 0 0 0 0 0 0 0 0 0 0 0 0 0 0 0 0 0 0 0 0 0 0 0 0 0 0 0 0 0 0 0 0 0 0 0 0 0 1]
]
64 128 0
[1 0 0 0 0 0 0 0 0 0 0 0 0 0 0 0 0 0 0 0 0 0 0 0 0 0 0 0 0 0 0 0 0 0 0 0 0 0 0 0 0 0 0 0 0 0 0 0 0 0 0 0 0 0 0 0 0 0 0 0 0 0 0 0 1]
