[[2579607748995566868821709855230976201876510594560127419164771360576087447112016632884234822870320018986588936618154156012477563342521070143371660220933320507056875050849578021001044647878201473 0 0 0 0 0 0 0 0 0 0 0 0 0 0 0 0 0 0 0 0 0 0 0 0 0 0 0 0 0 0 0 0 0 0 0 0 0 0 0 0 0 0 0 0 0 0 0 0 0 0 0 0 0 0 0 0 0 0 0 0 0 0 0]
[311682195651592937319153463962063058834700575132279198143248212998827690657987203666387355731724606449099171521955520686525305844234713689506433082520010247606915069022288635778803202171111322 1 0 0 0 0 0 0 0 0 0 0 0 0 0 0 0 0 0 0 0 0 0 0 0 0 0 0 0 0 0 0 0 0 0 0 0 0 0 0 0 0 0 0 0 0 0 0 0 0 0 0 0 0 0 0 0 0 0 0 0 0 0 0]
[2066970246084530244652843706584208223494793145939642306148606489213823550352266043520951399164499537462939391275712997702435091912512393397841287079551896550476593149686892525444285660277608660 0 1 0 0 0 0 0 0 0 0 0 0 0 0 0 0 0 0 0 0 0 0 0 0 0 0 0 0 0 0 0 0 0 0 0 0 0 0 0 0 0 0 0 0 0 0 0 0 0 0 0 0 0 0 0 0 0 0 0 0 0 0 0]
[1081626652618907529355341360176369160848527501752302631080669861292739177465722942844369551395602765786412920590851185790150239412593591004226186201915593531160223076374336853944096148233414110 0 0 1 0 0 0 0 0 0 0 0 0 0 0 0 0 0 0 0 0 0 0 0 0 0 0 0 0 0 0 0 0 0 0 0 0 0 0 0 0 0 0 0 0 0 0 0 0 0 0 0 0 0 0 0 0 0 0 0 0 0 0 0]
[1445005215908879164263812137271165161594693457028145343226944508975617819610697338834598802106047804257787911914838631687881652565568125468810080459933443864619478444271515454112192289557105662 0 0 0 1 0 0 0 0 0 0 0 0 0 0 0 0 0 0 0 0 0 0 0 0 0 0 0 0 0 0 0 0 0 0 0 0 0 0 0 0 0 0 0 0 0 0 0 0 0 0 0 0 0 0 0 0 0 0 0 0 0 0 0]
[2021753694185315113945735895214083560901638674107074316036297857679716957983846573839046553503385755017650490667001162767531952638912555770476832820007316073914168160415635727846818289976110814 0 0 0 0 1 0 0 0 0 0 0 0 0 0 0 0 0 0 0 0 0 0 0 0 0 0 0 0 0 0 0 0 0 0 0 0 0 0 0 0 0 0 0 0 0 0 0 0 0 0 0 0 0 0 0 0 0 0 0 0 0 0 0]
[1874902975402390765108616043374956464152496006691020755393317026514545171861937395116894487053306261120549371274285686483100169235975697047366108628973063587536450581654945303113320243737532656 0 0 0 0 0 1 0 0 0 0 0 0 0 0 0 0 0 0 0 0 0 0 0 0 0 0 0 0 0 0 0 0 0 0 0 0 0 0 0 0 0 0 0 0 0 0 0 0 0 0 0 0 0 0 0 0 0 0 0 0 0 0 0]
[2364227058708438678074123431536189621769218791447364393084037619575435377010021056284004506808354350440019714047050907466134489764507036941459228995690126029117829846131109406544638063568099874 0 0 0 0 0 0 1 0 0 0 0 0 0 0 0 0 0 0 0 0 0 0 0 0 0 0 0 0 0 0 0 0 0 0 0 0 0 0 0 0 0 0 0 0 0 0 0 0 0 0 0 0 0 0 0 0 0 0 0 0 0 0 0]
[2221671333820659209145383661400985101616997535607390672313900546484952037202852819132126318933464661702756808149037527422960980261617155705480311413581394345466831639348893020010474082922882535 0 0 0 0 0 0 0 1 0 0 0 0 0 0 0 0 0 0 0 0 0 0 0 0 0 0 0 0 0 0 0 0 0 0 0 0 0 0 0 0 0 0 0 0 0 0 0 0 0 0 0 0 0 0 0 0 0 0 0 0 0 0 0]
[2563334457142829196117391210297836480705824738063604425766789816024040416186281811472486179724090992580355529902560671265362468042921226027185662765245598190077018059112213485783472969897560860 0 0 0 0 0 0 0 0 1 0 0 0 0 0 0 0 0 0 0 0 0 0 0 0 0 0 0 0 0 0 0 0 0 0 0 0 0 0 0 0 0 0 0 0 0 0 0 0 0 0 0 0 0 0 0 0 0 0 0 0 0 0 0]
[51489761225770183713178220241841112911173706215877176251259380727741142641492917429487738370908281242068858427333118640726157847785468913540570349007587890753510908782904639273360047959685131 0 0 0 0 0 0 0 0 0 1 0 0 0 0 0 0 0 0 0 0 0 0 0 0 0 0 0 0 0 0 0 0 0 0 0 0 0 0 0 0 0 0 0 0 0 0 0 0 0 0 0 0 0 0 0 0 0 0 0 0 0 0 0]
[2195333283706893328805685420734066359054805154519195073506935361259944686117929717680110065727708796537333234736306517724202674243313729107204416690300719117027284183202302536457960971407897636 0 0 0 0 0 0 0 0 0 0 1 0 0 0 0 0 0 0 0 0 0 0 0 0 0 0 0 0 0 0 0 0 0 0 0 0 0 0 0 0 0 0 0 0 0 0 0 0 0 0 0 0 0 0 0 0 0 0 0 0 0 0 0]
[1749836401956635278271811422633534786669805023499091793070662150105351791844737805139443666038593340050202497946717811944406786629552403061844385209936602880272669803835549662369185751087861084 0 0 0 0 0 0 0 0 0 0 0 1 0 0 0 0 0 0 0 0 0 0 0 0 0 0 0 0 0 0 0 0 0 0 0 0 0 0 0 0 0 0 0 0 0 0 0 0 0 0 0 0 0 0 0 0 0 0 0 0 0 0 0]
[2046389781284797827712052172960920189647886945747246221885869220214929550421464458073111166192767432120824947396714490273414896068558587758161162512965414557257907788399155593066185045761327895 0 0 0 0 0 0 0 0 0 0 0 0 1 0 0 0 0 0 0 0 0 0 0 0 0 0 0 0 0 0 0 0 0 0 0 0 0 0 0 0 0 0 0 0 0 0 0 0 0 0 0 0 0 0 0 0 0 0 0 0 0 0 0]
[1234656622951046918155088138608864254109514221583123790843129731451272871004614003464931056760031535095713264121073519675121482142225251171352794749804832301568932183015885905240782759160794495 0 0 0 0 0 0 0 0 0 0 0 0 0 1 0 0 0 0 0 0 0 0 0 0 0 0 0 0 0 0 0 0 0 0 0 0 0 0 0 0 0 0 0 0 0 0 0 0 0 0 0 0 0 0 0 0 0 0 0 0 0 0 0]
[816009957863405334817706039561547718848436311600862721111582354465015966129003953332439825852556944924772257401895681509701838690159338102364189880921222655827702702392601646491158859390364084 0 0 0 0 0 0 0 0 0 0 0 0 0 0 1 0 0 0 0 0 0 0 0 0 0 0 0 0 0 0 0 0 0 0 0 0 0 0 0 0 0 0 0 0 0 0 0 0 0 0 0 0 0 0 0 0 0 0 0 0 0 0 0]
[363166802905176934283573128841709373045260514087406843856717448200427433150557342648043846133436170578553690630308837565646670056640009093228124547901553392985281240793129039850264369913933662 0 0 0 0 0 0 0 0 0 0 0 0 0 0 0 1 0 0 0 0 0 0 0 0 0 0 0 0 0 0 0 0 0 0 0 0 0 0 0 0 0 0 0 0 0 0 0 0 0 0 0 0 0 0 0 0 0 0 0 0 0 0 0]
[16251617982777146502718069989967124812473229731262564162269983396988768530355053219658643685313667423301263574665504089958114207360651444813837202938007328721161668526296483313796780330191612 0 0 0 0 0 0 0 0 0 0 0 0 0 0 0 0 1 0 0 0 0 0 0 0 0 0 0 0 0 0 0 0 0 0 0 0 0 0 0 0 0 0 0 0 0 0 0 0 0 0 0 0 0 0 0 0 0 0 0 0 0 0 0]
[2403171623896840071515737696769757043983184471398104095355128891190162534563939178755356765898512692682673211130641149779543466919013596898828274896164709922113065101875511912500755465308399428 0 0 0 0 0 0 0 0 0 0 0 0 0 0 0 0 0 1 0 0 0 0 0 0 0 0 0 0 0 0 0 0 0 0 0 0 0 0 0 0 0 0 0 0 0 0 0 0 0 0 0 0 0 0 0 0 0 0 0 0 0 0 0]
[1800695538681550563884343288028949774199754291903812905013009830578330525366981406067323692601776226085336741459136073963233474906340864856506992476802361771617044050203628708087095351689574652 0 0 0 0 0 0 0 0 0 0 0 0 0 0 0 0 0 0 1 0 0 0 0 0 0 0 0 0 0 0 0 0 0 0 0 0 0 0 0 0 0 0 0 0 0 0 0 0 0 0 0 0 0 0 0 0 0 0 0 0 0 0 0]
[949877010772651769827214094558104045624074738270828375813940120593157293494195491921104514301554226973538006000686124346821779653963329893047262126651112835047236672366338255750179458101071340 0 0 0 0 0 0 0 0 0 0 0 0 0 0 0 0 0 0 0 1 0 0 0 0 0 0 0 0 0 0 0 0 0 0 0 0 0 0 0 0 0 0 0 0 0 0 0 0 0 0 0 0 0 0 0 0 0 0 0 0 0 0 0]
[1650630038485774584536948400998314716053370721432155434114185662854690213282207995140671170925392675918943711982942231174348938769343725166765725755767648789895413876275726664159527438974250747 0 0 0 0 0 0 0 0 0 0 0 0 0 0 0 0 0 0 0 0 1 0 0 0 0 0 0 0 0 0 0 0 0 0 0 0 0 0 0 0 0 0 0 0 0 0 0 0 0 0 0 0 0 0 0 0 0 0 0 0 0 0 0]
[1618580823610073920446575829386953657427546664483910700102202819364955347826202077983889557597815382545823468793953561671630644166207446656291574088118941920614106226552083308381697241834107187 0 0 0 0 0 0 0 0 0 0 0 0 0 0 0 0 0 0 0 0 0 1 0 0 0 0 0 0 0 0 0 0 0 0 0 0 0 0 0 0 0 0 0 0 0 0 0 0 0 0 0 0 0 0 0 0 0 0 0 0 0 0 0]
[217502724215061949967787191989162488671682737462546235358253154111663008315820825256704137220111533177561150388536014994259143382735637898026223799579967227912943067718544772060130471186227001 0 0 0 0 0 0 0 0 0 0 0 0 0 0 0 0 0 0 0 0 0 0 1 0 0 0 0 0 0 0 0 0 0 0 0 0 0 0 0 0 0 0 0 0 0 0 0 0 0 0 0 0 0 0 0 0 0 0 0 0 0 0 0]
[2159752920701002698342068654961147976588815826297876828234658507048293391837199130233863647070045621038758094678840921489018587812497695231653683507697186010731034467663434317194489560285795805 0 0 0 0 0 0 0 0 0 0 0 0 0 0 0 0 0 0 0 0 0 0 0 1 0 0 0 0 0 0 0 0 0 0 0 0 0 0 0 0 0 0 0 0 0 0 0 0 0 0 0 0 0 0 0 0 0 0 0 0 0 0 0]
[912727996995797460179770620007756011945040427097838450378926617236077655393141210831466517015937529310341117363245573454366304149206847706875151102818831114918712462831171611323501891877663780 0 0 0 0 0 0 0 0 0 0 0 0 0 0 0 0 0 0 0 0 0 0 0 0 1 0 0 0 0 0 0 0 0 0 0 0 0 0 0 0 0 0 0 0 0 0 0 0 0 0 0 0 0 0 0 0 0 0 0 0 0 0 0]
[2382629060250343349881936867138319321683867668812982949523402989063711631896559035820886081127950014727930082640993355802815958160418974098717626959830286569291695753916961618803288338632564856 0 0 0 0 0 0 0 0 0 0 0 0 0 0 0 0 0 0 0 0 0 0 0 0 0 1 0 0 0 0 0 0 0 0 0 0 0 0 0 0 0 0 0 0 0 0 0 0 0 0 0 0 0 0 0 0 0 0 0 0 0 0 0]
[2568045395609167187304262419005735463203201256506138519799987615717710165121317397027973945900626208811573359865036745537214080053957611775364916191933867650674820787441605843712947379014790501 0 0 0 0 0 0 0 0 0 0 0 0 0 0 0 0 0 0 0 0 0 0 0 0 0 0 1 0 0 0 0 0 0 0 0 0 0 0 0 0 0 0 0 0 0 0 0 0 0 0 0 0 0 0 0 0 0 0 0 0 0 0 0]
[1510165475623110868650679868066056270825637131708718118481605167302017301419733793816634566647327773860170480136539445372997767628514889749515410243087050812387334208979151876735929968926508375 0 0 0 0 0 0 0 0 0 0 0 0 0 0 0 0 0 0 0 0 0 0 0 0 0 0 0 1 0 0 0 0 0 0 0 0 0 0 0 0 0 0 0 0 0 0 0 0 0 0 0 0 0 0 0 0 0 0 0 0 0 0 0]
[383096653017522118036794143544215560212911982850955733271286459281024074907847135922429054296838475724891713676915722429874534648598937511120516218177923412741981635084078980332667339898459240 0 0 0 0 0 0 0 0 0 0 0 0 0 0 0 0 0 0 0 0 0 0 0 0 0 0 0 0 1 0 0 0 0 0 0 0 0 0 0 0 0 0 0 0 0 0 0 0 0 0 0 0 0 0 0 0 0 0 0 0 0 0 0]
[1035311790921849937066409448123105872511228526251681141267062518963826688866317547768462938362983818129673482103783310234071680309193214522625796038466045607177289008228946671429062885949808231 0 0 0 0 0 0 0 0 0 0 0 0 0 0 0 0 0 0 0 0 0 0 0 0 0 0 0 0 0 1 0 0 0 0 0 0 0 0 0 0 0 0 0 0 0 0 0 0 0 0 0 0 0 0 0 0 0 0 0 0 0 0 0]
[1744907088269518619855385536480221617581493077670276203339035988473051809736072877775611962846983129713989162454363175408542346941162782335669596314783657169362898596038297418774159113474904884 0 0 0 0 0 0 0 0 0 0 0 0 0 0 0 0 0 0 0 0 0 0 0 0 0 0 0 0 0 0 1 0 0 0 0 0 0 0 0 0 0 0 0 0 0 0 0 0 0 0 0 0 0 0 0 0 0 0 0 0 0 0 0]
[912690764178931462048564952552262363176987204115443699551734382405198592510989106677037636926893685543474794957102611396535535017183854212027684135211345549218779427141739670336838855974219520 0 0 0 0 0 0 0 0 0 0 0 0 0 0 0 0 0 0 0 0 0 0 0 0 0 0 0 0 0 0 0 1 0 0 0 0 0 0 0 0 0 0 0 0 0 0 0 0 0 0 0 0 0 0 0 0 0 0 0 0 0 0 0]
[751466384680309425125884232682153219778153611159944799922982940699545466575012883874862409466727665098239584425335463579563791437553971507172909946817654258315266769702759318374715011998483128 0 0 0 0 0 0 0 0 0 0 0 0 0 0 0 0 0 0 0 0 0 0 0 0 0 0 0 0 0 0 0 0 1 0 0 0 0 0 0 0 0 0 0 0 0 0 0 0 0 0 0 0 0 0 0 0 0 0 0 0 0 0 0]
[102970491630276504961325681331545469663657226179576531179375241974681197356064687141317175010201385038573247208509724688169710754828158692256537957439021046451134014767669918966863299706651113 0 0 0 0 0 0 0 0 0 0 0 0 0 0 0 0 0 0 0 0 0 0 0 0 0 0 0 0 0 0 0 0 0 1 0 0 0 0 0 0 0 0 0 0 0 0 0 0 0 0 0 0 0 0 0 0 0 0 0 0 0 0 0]
[2271456904885504481143460065822055926861657743066215478769189536350992920150269524603474996278745112508715305175671109490455872544676851965339718967187162573686286292640154833203503746841953762 0 0 0 0 0 0 0 0 0 0 0 0 0 0 0 0 0 0 0 0 0 0 0 0 0 0 0 0 0 0 0 0 0 0 1 0 0 0 0 0 0 0 0 0 0 0 0 0 0 0 0 0 0 0 0 0 0 0 0 0 0 0 0]
[623906435307058673018508645467653379331721053549572806328333292031957258749180816767666978782894640751171647011640009375996673477692814443512053415509655005905123943503399684560299824197786031 0 0 0 0 0 0 0 0 0 0 0 0 0 0 0 0 0 0 0 0 0 0 0 0 0 0 0 0 0 0 0 0 0 0 0 1 0 0 0 0 0 0 0 0 0 0 0 0 0 0 0 0 0 0 0 0 0 0 0 0 0 0 0]
[186591539759145449832114684322859172389082652241054740545686493228449634710084010005869139533965031301533184038477250308069381867780416376950820845282015589440268869808409242789789779308121046 0 0 0 0 0 0 0 0 0 0 0 0 0 0 0 0 0 0 0 0 0 0 0 0 0 0 0 0 0 0 0 0 0 0 0 0 1 0 0 0 0 0 0 0 0 0 0 0 0 0 0 0 0 0 0 0 0 0 0 0 0 0 0]
[2426455116261870706295064490911110670878900315596756898993850610499171143073875066953875764133438325039450734296413074445690712632211858643171887634871352325775235392651266355662543586535845836 0 0 0 0 0 0 0 0 0 0 0 0 0 0 0 0 0 0 0 0 0 0 0 0 0 0 0 0 0 0 0 0 0 0 0 0 0 1 0 0 0 0 0 0 0 0 0 0 0 0 0 0 0 0 0 0 0 0 0 0 0 0 0]
[2116654955826938003752805795251185742394864721795136703607677433736935523156706806857877943363796027698280211706854957633613894269364427633696323901790530975393013830358898417395140843881209504 0 0 0 0 0 0 0 0 0 0 0 0 0 0 0 0 0 0 0 0 0 0 0 0 0 0 0 0 0 0 0 0 0 0 0 0 0 0 1 0 0 0 0 0 0 0 0 0 0 0 0 0 0 0 0 0 0 0 0 0 0 0 0]
[1320901471547724680161765484114297734448763095967012867927893524204933749052973490177306277418655585502534491044988834781027556839747749677131547588667319509716778459733850124286926494072501538 0 0 0 0 0 0 0 0 0 0 0 0 0 0 0 0 0 0 0 0 0 0 0 0 0 0 0 0 0 0 0 0 0 0 0 0 0 0 0 1 0 0 0 0 0 0 0 0 0 0 0 0 0 0 0 0 0 0 0 0 0 0 0]
[1477427592709174820990156309436729580087467906235682998138897364391961157179247658452426557489856485756318144890679323774272215669028800585476916009102564735971613522684802973577965610828412291 0 0 0 0 0 0 0 0 0 0 0 0 0 0 0 0 0 0 0 0 0 0 0 0 0 0 0 0 0 0 0 0 0 0 0 0 0 0 0 0 1 0 0 0 0 0 0 0 0 0 0 0 0 0 0 0 0 0 0 0 0 0 0]
[566410651809671496814532730709513924016092885650394274044009499209611163444128397154120136095116980493809919531756021204813114672357288332992302211360947520480799928315694387985101646574188977 0 0 0 0 0 0 0 0 0 0 0 0 0 0 0 0 0 0 0 0 0 0 0 0 0 0 0 0 0 0 0 0 0 0 0 0 0 0 0 0 0 1 0 0 0 0 0 0 0 0 0 0 0 0 0 0 0 0 0 0 0 0 0]
[2515184342192704156040631991978857737490281803340296648314779634293409592620191477421771322293612853075249653185747706300670089979365364776265646400220545270791273940748666712323471093706943872 0 0 0 0 0 0 0 0 0 0 0 0 0 0 0 0 0 0 0 0 0 0 0 0 0 0 0 0 0 0 0 0 0 0 0 0 0 0 0 0 0 0 1 0 0 0 0 0 0 0 0 0 0 0 0 0 0 0 0 0 0 0 0]
[271009122609808398423648489474174144331717159154243528016508152534917033076706912576055664523417031468246059399245816717339178924387936659144391536776047435679772951719394694453615593671426402 0 0 0 0 0 0 0 0 0 0 0 0 0 0 0 0 0 0 0 0 0 0 0 0 0 0 0 0 0 0 0 0 0 0 0 0 0 0 0 0 0 0 0 1 0 0 0 0 0 0 0 0 0 0 0 0 0 0 0 0 0 0 0]
[2070504439767515068902107129031026133690711150302910483200215955190859614515586049414608956580851755538713987797155042765694754160981749863932878617208266219114896298373284918530391182420806275 0 0 0 0 0 0 0 0 0 0 0 0 0 0 0 0 0 0 0 0 0 0 0 0 0 0 0 0 0 0 0 0 0 0 0 0 0 0 0 0 0 0 0 0 1 0 0 0 0 0 0 0 0 0 0 0 0 0 0 0 0 0 0]
[2538399109594737690954931469128371858992846152737118278786940909665418772051409199550197299924183119199617554132105749119281962733604476175059301121713691321688904886832982144281495255477433753 0 0 0 0 0 0 0 0 0 0 0 0 0 0 0 0 0 0 0 0 0 0 0 0 0 0 0 0 0 0 0 0 0 0 0 0 0 0 0 0 0 0 0 0 0 1 0 0 0 0 0 0 0 0 0 0 0 0 0 0 0 0 0]
[1789160353967500968759720089947613926732297255763416605881784984986079885796410196326375825184511117410200504900582249062480050519440781022976542866950694068132823293586327651146225930093178780 0 0 0 0 0 0 0 0 0 0 0 0 0 0 0 0 0 0 0 0 0 0 0 0 0 0 0 0 0 0 0 0 0 0 0 0 0 0 0 0 0 0 0 0 0 0 1 0 0 0 0 0 0 0 0 0 0 0 0 0 0 0 0]
[2021310194975305949847490390317225010436702764464929877487939985031009052528580720245220682228558822409795424234584831398188206985425876330472239796345200574481278110314924406204420344764963639 0 0 0 0 0 0 0 0 0 0 0 0 0 0 0 0 0 0 0 0 0 0 0 0 0 0 0 0 0 0 0 0 0 0 0 0 0 0 0 0 0 0 0 0 0 0 0 1 0 0 0 0 0 0 0 0 0 0 0 0 0 0 0]
[1731422825246498794056812225366839648783124138684365919401278821584504161942830201643527405992450095310836521684005084592279125550049570956357645799179342820139887427716449907657160820946176259 0 0 0 0 0 0 0 0 0 0 0 0 0 0 0 0 0 0 0 0 0 0 0 0 0 0 0 0 0 0 0 0 0 0 0 0 0 0 0 0 0 0 0 0 0 0 0 0 1 0 0 0 0 0 0 0 0 0 0 0 0 0 0]
[2107188367895184167234445169190194728967437865992400604226347016012077030936506025404642727902890839890112006177564359383978743439873103534811166957104511660116250510995690429463022612431946119 0 0 0 0 0 0 0 0 0 0 0 0 0 0 0 0 0 0 0 0 0 0 0 0 0 0 0 0 0 0 0 0 0 0 0 0 0 0 0 0 0 0 0 0 0 0 0 0 0 1 0 0 0 0 0 0 0 0 0 0 0 0 0]
[1848106000231268597680538292449864235430002810579079275089043697811775802307732650242800102263825470670441547578207303416813292309045890531366754843780482836020352093036168284351118248294383216 0 0 0 0 0 0 0 0 0 0 0 0 0 0 0 0 0 0 0 0 0 0 0 0 0 0 0 0 0 0 0 0 0 0 0 0 0 0 0 0 0 0 0 0 0 0 0 0 0 0 1 0 0 0 0 0 0 0 0 0 0 0 0]
[13152568871670002118062043807334410753825996425505161723489988050506445285641937374630640538778427761288758846487212609268522839472737376112912542503840157774086602270709248711223017904098579 0 0 0 0 0 0 0 0 0 0 0 0 0 0 0 0 0 0 0 0 0 0 0 0 0 0 0 0 0 0 0 0 0 0 0 0 0 0 0 0 0 0 0 0 0 0 0 0 0 0 0 1 0 0 0 0 0 0 0 0 0 0 0]
[1351537553507579938539990860887990922441597884254259223070111993855122562382000288289793822661029050965444062035666796923714893352747784297235413456300930324296000593171372444289400401420871146 0 0 0 0 0 0 0 0 0 0 0 0 0 0 0 0 0 0 0 0 0 0 0 0 0 0 0 0 0 0 0 0 0 0 0 0 0 0 0 0 0 0 0 0 0 0 0 0 0 0 0 0 1 0 0 0 0 0 0 0 0 0 0]
[809216548506531784292533370203558813750582180461373964447964310528787171322897139367141346226016170437542391420957224222625525683861881275775056468137708745890668236200602916718585855406476121 0 0 0 0 0 0 0 0 0 0 0 0 0 0 0 0 0 0 0 0 0 0 0 0 0 0 0 0 0 0 0 0 0 0 0 0 0 0 0 0 0 0 0 0 0 0 0 0 0 0 0 0 0 1 0 0 0 0 0 0 0 0 0]
[1223319150228622996572548072125557323187004747619182820653176640666858630001964547379426155437322541597822922472756175694673649825664115962999186746621313183456327693248002241918352197368262147 0 0 0 0 0 0 0 0 0 0 0 0 0 0 0 0 0 0 0 0 0 0 0 0 0 0 0 0 0 0 0 0 0 0 0 0 0 0 0 0 0 0 0 0 0 0 0 0 0 0 0 0 0 0 1 0 0 0 0 0 0 0 0]
[2455023897310252406082937540467405437791033401976138514561011868966674044584457999908595817390779975109561935510484834849402711913391111524613174382632809348569244599959032176103945279996987395 0 0 0 0 0 0 0 0 0 0 0 0 0 0 0 0 0 0 0 0 0 0 0 0 0 0 0 0 0 0 0 0 0 0 0 0 0 0 0 0 0 0 0 0 0 0 0 0 0 0 0 0 0 0 0 1 0 0 0 0 0 0 0]
[779000911990798560618395965648952354303346102800492999270326129481354072999558049357559069340771817653784771515781957622591935592073369287975516729542277279655283838083797641673758547400166118 0 0 0 0 0 0 0 0 0 0 0 0 0 0 0 0 0 0 0 0 0 0 0 0 0 0 0 0 0 0 0 0 0 0 0 0 0 0 0 0 0 0 0 0 0 0 0 0 0 0 0 0 0 0 0 0 1 0 0 0 0 0 0]
[498462355770103648332075221756182388502620602163600780897057840053513893510194230271566484553335685520161627941656434687843073333856699771695498510386595601010242756508708285871965459805809984 0 0 0 0 0 0 0 0 0 0 0 0 0 0 0 0 0 0 0 0 0 0 0 0 0 0 0 0 0 0 0 0 0 0 0 0 0 0 0 0 0 0 0 0 0 0 0 0 0 0 0 0 0 0 0 0 0 1 0 0 0 0 0]
[1790824231513833282999814819430943579001433682253499071370668461704666188785945791165820889068279811819723116640373259260330402996336056790404654407518983887072864618317580084182337264443512715 0 0 0 0 0 0 0 0 0 0 0 0 0 0 0 0 0 0 0 0 0 0 0 0 0 0 0 0 0 0 0 0 0 0 0 0 0 0 0 0 0 0 0 0 0 0 0 0 0 0 0 0 0 0 0 0 0 0 1 0 0 0 0]
[1567753391505786611355291468815760323007378262269513534550206999098012676427683077141580084105254149539528618970987872810890272448835601741331119094337714600464809055743681432382016665820386907 0 0 0 0 0 0 0 0 0 0 0 0 0 0 0 0 0 0 0 0 0 0 0 0 0 0 0 0 0 0 0 0 0 0 0 0 0 0 0 0 0 0 0 0 0 0 0 0 0 0 0 0 0 0 0 0 0 0 0 1 0 0 0]
[1489131062138370191163487563331145601669796888196890687684237315731034903167991442198561159861902453137398766231713866810642657052225653594674112676549050923926814148897429422286687882911985683 0 0 0 0 0 0 0 0 0 0 0 0 0 0 0 0 0 0 0 0 0 0 0 0 0 0 0 0 0 0 0 0 0 0 0 0 0 0 0 0 0 0 0 0 0 0 0 0 0 0 0 0 0 0 0 0 0 0 0 0 1 0 0]
[2147807043538873337694840080115021231260617898664000449158650568655017270284727846939290047445436283367413877653736035445145754331290726935788163719231854168856658063573653609129025267180066475 0 0 0 0 0 0 0 0 0 0 0 0 0 0 0 0 0 0 0 0 0 0 0 0 0 0 0 0 0 0 0 0 0 0 0 0 0 0 0 0 0 0 0 0 0 0 0 0 0 0 0 0 0 0 0 0 0 0 0 0 0 1 0]
[714607584265909745710602239890066889416362198396502234738776401840604637620794012852116266271530990236834040147683756089087837234267901861982340265916964554177242161022816233217770792008693176 0 0 0 0 0 0 0 0 0 0 0 0 0 0 0 0 0 0 0 0 0 0 0 0 0 0 0 0 0 0 0 0 0 0 0 0 0 0 0 0 0 0 0 0 0 0 0 0 0 0 0 0 0 0 0 0 0 0 0 0 0 0 1]
]
64 128 1
[1 0 0 0 0 0 0 0 0 0 0 0 0 0 0 0 0 0 0 0 0 0 0 0 0 0 0 0 0 0 0 0 0 0 0 0 0 0 0 0 0 0 0 0 0 0 0 0 0 0 0 0 0 0 0 0 0 0 0 0 0 0 0 0 1]
