[[4293809016374639282162574529618337412778101106587237791265816869163676288847074155935398669636335405314550333183821196363684358947466974213731681161173777896964983738052806127513341932693288577 0 0 0 0 0 0 0 0 0 0 0 0 0 0 0 0 0 0 0 0 0 0 0 0 0 0 0 0 0 0 0 0 0 0 0 0 0 0 0 0 0 0 0 0 0 0 0 0 0 0 0 0 0 0 0 0 0 0 0 0 0 0 0]
[3530362390018779929416909292775016034924270929749932954167796903137738216752178928861686270565090710033297798640906836097406583739034685324038730274832036879541417203035721487651142656857398006 1 0 0 0 0 0 0 0 0 0 0 0 0 0 0 0 0 0 0 0 0 0 0 0 0 0 0 0 0 0 0 0 0 0 0 0 0 0 0 0 0 0 0 0 0 0 0 0 0 0 0 0 0 0 0 0 0 0 0 0 0 0 0]
[104090527076837138433521812320525697621334449163468540013975599222190901690052099930281315374710731992026102895564105296598991455711432246936465993951478081128417684144020869671187121955900660 0 1 0 0 0 0 0 0 0 0 0 0 0 0 0 0 0 0 0 0 0 0 0 0 0 0 0 0 0 0 0 0 0 0 0 0 0 0 0 0 0 0 0 0 0 0 0 0 0 0 0 0 0 0 0 0 0 0 0 0 0 0 0]
[2339736722468308915387304333002388490218097182854960157052888794739858934975247381145441001710609892490213809842584359259316597328450598340303722991216752831269186806255349815029011250248038047 0 0 1 0 0 0 0 0 0 0 0 0 0 0 0 0 0 0 0 0 0 0 0 0 0 0 0 0 0 0 0 0 0 0 0 0 0 0 0 0 0 0 0 0 0 0 0 0 0 0 0 0 0 0 0 0 0 0 0 0 0 0 0]
[779035783110070296474212910537435100949016732714909904231921330835172155882946444599828340529339092394342667026229575113615098496266783099025875721302038266586796624076509213813841620839976077 0 0 0 1 0 0 0 0 0 0 0 0 0 0 0 0 0 0 0 0 0 0 0 0 0 0 0 0 0 0 0 0 0 0 0 0 0 0 0 0 0 0 0 0 0 0 0 0 0 0 0 0 0 0 0 0 0 0 0 0 0 0 0]
[2799729082919881942120969445569563681766747790016213874298062933124821995241464347599112317973092791360666402214306023812796747523346970320209120727671740685323685643210934183524082228175697262 0 0 0 0 1 0 0 0 0 0 0 0 0 0 0 0 0 0 0 0 0 0 0 0 0 0 0 0 0 0 0 0 0 0 0 0 0 0 0 0 0 0 0 0 0 0 0 0 0 0 0 0 0 0 0 0 0 0 0 0 0 0 0]
[1279678727981398153275795434505139988483297706915890555538497718833269793603691517207369791918300727838159912455199877711201251077891399501674456770280884198235397850273741813312505519472503272 0 0 0 0 0 1 0 0 0 0 0 0 0 0 0 0 0 0 0 0 0 0 0 0 0 0 0 0 0 0 0 0 0 0 0 0 0 0 0 0 0 0 0 0 0 0 0 0 0 0 0 0 0 0 0 0 0 0 0 0 0 0 0]
[2645718363986105342605856697402134357813974740651443384908854860956186543928613979154643010591157905529108334976703867648620006132797543898386567221125977183840680344063197326220117325019742955 0 0 0 0 0 0 1 0 0 0 0 0 0 0 0 0 0 0 0 0 0 0 0 0 0 0 0 0 0 0 0 0 0 0 0 0 0 0 0 0 0 0 0 0 0 0 0 0 0 0 0 0 0 0 0 0 0 0 0 0 0 0 0]
[1359401648795763313755343572078197103398463312498143190531334657349496227627130485481551353761197512407573350466903633875002814958766917322951109985968141279353733224990918756348248979613684723 0 0 0 0 0 0 0 1 0 0 0 0 0 0 0 0 0 0 0 0 0 0 0 0 0 0 0 0 0 0 0 0 0 0 0 0 0 0 0 0 0 0 0 0 0 0 0 0 0 0 0 0 0 0 0 0 0 0 0 0 0 0 0]
[4280004576490236318507080626578990246180967368511991159708571781176355970412171012463555465807116011997545282638980946087808146946216048727695758443078549790518990033059753302770006457169692026 0 0 0 0 0 0 0 0 1 0 0 0 0 0 0 0 0 0 0 0 0 0 0 0 0 0 0 0 0 0 0 0 0 0 0 0 0 0 0 0 0 0 0 0 0 0 0 0 0 0 0 0 0 0 0 0 0 0 0 0 0 0 0]
[2024448957118180469648643870348219797883866714211171174708225861594437714965572548800980084010833929451684023296314932183679611904881212086571063877880115473562810299435637871102701007416554880 0 0 0 0 0 0 0 0 0 1 0 0 0 0 0 0 0 0 0 0 0 0 0 0 0 0 0 0 0 0 0 0 0 0 0 0 0 0 0 0 0 0 0 0 0 0 0 0 0 0 0 0 0 0 0 0 0 0 0 0 0 0 0]
[1384813189543519487589760384831365856450460695929206762837761836372291634402693659406593698799791349599336680971877144145740199000767389460883784410175932867725635851833458566729030546402726721 0 0 0 0 0 0 0 0 0 0 1 0 0 0 0 0 0 0 0 0 0 0 0 0 0 0 0 0 0 0 0 0 0 0 0 0 0 0 0 0 0 0 0 0 0 0 0 0 0 0 0 0 0 0 0 0 0 0 0 0 0 0 0]
[2772889317180848621115736296151597742526232593715437964994649579787743227039116062645745174396514672199101757619637275762019946172960666808502850303878977865000367020383326949327113752650796487 0 0 0 0 0 0 0 0 0 0 0 1 0 0 0 0 0 0 0 0 0 0 0 0 0 0 0 0 0 0 0 0 0 0 0 0 0 0 0 0 0 0 0 0 0 0 0 0 0 0 0 0 0 0 0 0 0 0 0 0 0 0 0]
[440066355345488848350676809289855920244056361097368687154871017258227773068857513491306788772551145426475277440306094332795062638158843345730752882611995882970021848497437188227140308751814112 0 0 0 0 0 0 0 0 0 0 0 0 1 0 0 0 0 0 0 0 0 0 0 0 0 0 0 0 0 0 0 0 0 0 0 0 0 0 0 0 0 0 0 0 0 0 0 0 0 0 0 0 0 0 0 0 0 0 0 0 0 0 0]
[76112738573386053959299595997742857703960423622251212146056646570830010793159179265148602904647302725498527757756771418777685884564422024916439161165413669096076088257547757654100597355641149 0 0 0 0 0 0 0 0 0 0 0 0 0 1 0 0 0 0 0 0 0 0 0 0 0 0 0 0 0 0 0 0 0 0 0 0 0 0 0 0 0 0 0 0 0 0 0 0 0 0 0 0 0 0 0 0 0 0 0 0 0 0 0]
[1988639177642828845956625933487514517832201733277506575218478441859132348729264061401661299291200218390140785558123199027329152054505707113065596392363796313603350631912861601858862840764001560 0 0 0 0 0 0 0 0 0 0 0 0 0 0 1 0 0 0 0 0 0 0 0 0 0 0 0 0 0 0 0 0 0 0 0 0 0 0 0 0 0 0 0 0 0 0 0 0 0 0 0 0 0 0 0 0 0 0 0 0 0 0 0]
[2974308559463663180188300594059961725441877341602119179752586306647784019021739438597474700194018678660149466035707650970965126968382420918583321184209154496386422943396671607705941787496725620 0 0 0 0 0 0 0 0 0 0 0 0 0 0 0 1 0 0 0 0 0 0 0 0 0 0 0 0 0 0 0 0 0 0 0 0 0 0 0 0 0 0 0 0 0 0 0 0 0 0 0 0 0 0 0 0 0 0 0 0 0 0 0]
[2244372102834815032219606171652705231919952596774633809322094447050954270734866956290472066820955554954357087072867157866125553208454349558738665000583437931989385244271441112704010047407862841 0 0 0 0 0 0 0 0 0 0 0 0 0 0 0 0 1 0 0 0 0 0 0 0 0 0 0 0 0 0 0 0 0 0 0 0 0 0 0 0 0 0 0 0 0 0 0 0 0 0 0 0 0 0 0 0 0 0 0 0 0 0 0]
[1330680644369462146387421211418620815594667464132426886159959983690497071065114984462506338555955448061450982433011561763868499321523375865577419673829092562438709891855199995073314606394672308 0 0 0 0 0 0 0 0 0 0 0 0 0 0 0 0 0 1 0 0 0 0 0 0 0 0 0 0 0 0 0 0 0 0 0 0 0 0 0 0 0 0 0 0 0 0 0 0 0 0 0 0 0 0 0 0 0 0 0 0 0 0 0]
[1397124974664367994615246292138857046354504964877413307804378596427553046253532121510187296487313187018196798562063594925099901282614980239530831236001263381247883646761733074202718379618029133 0 0 0 0 0 0 0 0 0 0 0 0 0 0 0 0 0 0 1 0 0 0 0 0 0 0 0 0 0 0 0 0 0 0 0 0 0 0 0 0 0 0 0 0 0 0 0 0 0 0 0 0 0 0 0 0 0 0 0 0 0 0 0]
[3168893016799555960269067497806559034288284534424752721716895979890331774659499479574921575200018500215333665684317064189752051257123326797949658606806914187380352665225292231873388949906522617 0 0 0 0 0 0 0 0 0 0 0 0 0 0 0 0 0 0 0 1 0 0 0 0 0 0 0 0 0 0 0 0 0 0 0 0 0 0 0 0 0 0 0 0 0 0 0 0 0 0 0 0 0 0 0 0 0 0 0 0 0 0 0]
[1525709730655219085001194843495054182059027383659237491408858351016409440494485909441136861460792707215523412276607075844837216895766914429023858612062098395199470291865181034820518896858720027 0 0 0 0 0 0 0 0 0 0 0 0 0 0 0 0 0 0 0 0 1 0 0 0 0 0 0 0 0 0 0 0 0 0 0 0 0 0 0 0 0 0 0 0 0 0 0 0 0 0 0 0 0 0 0 0 0 0 0 0 0 0 0]
[2712604483366917205989783301199549181135055860999024912113819572819200150214188506753595245530263898042032823121298245120955265504758920133080959017875137089372305016011996225156496959763965733 0 0 0 0 0 0 0 0 0 0 0 0 0 0 0 0 0 0 0 0 0 1 0 0 0 0 0 0 0 0 0 0 0 0 0 0 0 0 0 0 0 0 0 0 0 0 0 0 0 0 0 0 0 0 0 0 0 0 0 0 0 0 0]
[3712320485501019159360063666890011747414027156502524638011460956949909670252948193752846759324680950153420833482543439867418453701820086059944295937686428964465815844491094495494123998247112767 0 0 0 0 0 0 0 0 0 0 0 0 0 0 0 0 0 0 0 0 0 0 1 0 0 0 0 0 0 0 0 0 0 0 0 0 0 0 0 0 0 0 0 0 0 0 0 0 0 0 0 0 0 0 0 0 0 0 0 0 0 0 0]
[887010506951587486570637077292752555903715522700486623200995289101658504671781752543972172543357026328540410994558476050117311203512203318257612293947210039937563734108032508567775759542691576 0 0 0 0 0 0 0 0 0 0 0 0 0 0 0 0 0 0 0 0 0 0 0 1 0 0 0 0 0 0 0 0 0 0 0 0 0 0 0 0 0 0 0 0 0 0 0 0 0 0 0 0 0 0 0 0 0 0 0 0 0 0 0]
[2013082494670524350315863626449381028414407284552588375183962393930496084706085088927919140071234786017827018736191812565009456557190183913279233493403417183556388322393514192791270414524175232 0 0 0 0 0 0 0 0 0 0 0 0 0 0 0 0 0 0 0 0 0 0 0 0 1 0 0 0 0 0 0 0 0 0 0 0 0 0 0 0 0 0 0 0 0 0 0 0 0 0 0 0 0 0 0 0 0 0 0 0 0 0 0]
[3953170387094955067887046446420838617841551848683890797480218666683495226630824258396785779709388139154286689028286935217626837733542532215233407332693036948046147698228751743925869978302350003 0 0 0 0 0 0 0 0 0 0 0 0 0 0 0 0 0 0 0 0 0 0 0 0 0 1 0 0 0 0 0 0 0 0 0 0 0 0 0 0 0 0 0 0 0 0 0 0 0 0 0 0 0 0 0 0 0 0 0 0 0 0 0]
[2425367688420119676322022729371473348579013214046002950219717599778509580587583728191767404195116425434924968094169261198953927634667150366183867462810691516641978478603513896465887069506229769 0 0 0 0 0 0 0 0 0 0 0 0 0 0 0 0 0 0 0 0 0 0 0 0 0 0 1 0 0 0 0 0 0 0 0 0 0 0 0 0 0 0 0 0 0 0 0 0 0 0 0 0 0 0 0 0 0 0 0 0 0 0 0]
[2927835589075854903359848832286553476158613846552205887156761808690807600272196192436172348337246627333740876622190648638582258972952515458639039837429563655795460416104856795526843410139553995 0 0 0 0 0 0 0 0 0 0 0 0 0 0 0 0 0 0 0 0 0 0 0 0 0 0 0 1 0 0 0 0 0 0 0 0 0 0 0 0 0 0 0 0 0 0 0 0 0 0 0 0 0 0 0 0 0 0 0 0 0 0 0]
[3448811045354171777065201253285406238306470975176870107011396934595921223273627813544860311661697255558844984899250169451679535178575447273542098730418451103501460568702556244340028525526531511 0 0 0 0 0 0 0 0 0 0 0 0 0 0 0 0 0 0 0 0 0 0 0 0 0 0 0 0 1 0 0 0 0 0 0 0 0 0 0 0 0 0 0 0 0 0 0 0 0 0 0 0 0 0 0 0 0 0 0 0 0 0 0]
[1050935137109624245908191700926953300974102310423484279003814203332272525426413522146439729038673748445197215246438897157721634657894722901221834970227614086584964777370414936872574580885212740 0 0 0 0 0 0 0 0 0 0 0 0 0 0 0 0 0 0 0 0 0 0 0 0 0 0 0 0 0 1 0 0 0 0 0 0 0 0 0 0 0 0 0 0 0 0 0 0 0 0 0 0 0 0 0 0 0 0 0 0 0 0 0]
[1872712582558618872928268911302214081648521602213000737443525845307211284380621168476140717910369487455780542657281514592785489004238797954006876881576683842074869382304086354709219178285930749 0 0 0 0 0 0 0 0 0 0 0 0 0 0 0 0 0 0 0 0 0 0 0 0 0 0 0 0 0 0 1 0 0 0 0 0 0 0 0 0 0 0 0 0 0 0 0 0 0 0 0 0 0 0 0 0 0 0 0 0 0 0 0]
[2908988535997713319744091706977190293936367310717419270663404918980609147431472828897813469314059818666483165736224987953705843029553825828251740780887652588277305728107121100351144747983819205 0 0 0 0 0 0 0 0 0 0 0 0 0 0 0 0 0 0 0 0 0 0 0 0 0 0 0 0 0 0 0 1 0 0 0 0 0 0 0 0 0 0 0 0 0 0 0 0 0 0 0 0 0 0 0 0 0 0 0 0 0 0 0]
[2444830811367461814084110710533804401524200397486531441002236040244295359834542450425301213860574571069417341954656324949881885251257529455034607645992773436372755069818610114847235331088583800 0 0 0 0 0 0 0 0 0 0 0 0 0 0 0 0 0 0 0 0 0 0 0 0 0 0 0 0 0 0 0 0 1 0 0 0 0 0 0 0 0 0 0 0 0 0 0 0 0 0 0 0 0 0 0 0 0 0 0 0 0 0 0]
[2422345439468659371068045346087816734464389698527188101396036981540972466908827282565135692137699331683032377040740031459119694346578236082724233741938421892521526540829965882637807062904622902 0 0 0 0 0 0 0 0 0 0 0 0 0 0 0 0 0 0 0 0 0 0 0 0 0 0 0 0 0 0 0 0 0 1 0 0 0 0 0 0 0 0 0 0 0 0 0 0 0 0 0 0 0 0 0 0 0 0 0 0 0 0 0]
[1395890788892915261676039088255313479825966448248391337279460288647479374778517191739071564389459245826519811102992502379645170095592023414550087834812761238401834752296769691136225299807429039 0 0 0 0 0 0 0 0 0 0 0 0 0 0 0 0 0 0 0 0 0 0 0 0 0 0 0 0 0 0 0 0 0 0 1 0 0 0 0 0 0 0 0 0 0 0 0 0 0 0 0 0 0 0 0 0 0 0 0 0 0 0 0]
[2366255499134197707117213951352257764363108838507485770533378548056486682778879804801392919571503362722318820845225769827649917729483857048750142307763660856602284884535016456384435741317036366 0 0 0 0 0 0 0 0 0 0 0 0 0 0 0 0 0 0 0 0 0 0 0 0 0 0 0 0 0 0 0 0 0 0 0 1 0 0 0 0 0 0 0 0 0 0 0 0 0 0 0 0 0 0 0 0 0 0 0 0 0 0 0]
[431932950449062239536291143833829059311965385200398619032009286173671088176162323017013632659891854031045862692734346963836788575363044594006764095771518857120315650011342091918405504327723362 0 0 0 0 0 0 0 0 0 0 0 0 0 0 0 0 0 0 0 0 0 0 0 0 0 0 0 0 0 0 0 0 0 0 0 0 1 0 0 0 0 0 0 0 0 0 0 0 0 0 0 0 0 0 0 0 0 0 0 0 0 0 0]
[1251968600573363293055079604486304232004691798746639747895838081733878108029206105105514424944103732309180265836580028798612213074137268614489021341626933120062076981127055666266160686975228395 0 0 0 0 0 0 0 0 0 0 0 0 0 0 0 0 0 0 0 0 0 0 0 0 0 0 0 0 0 0 0 0 0 0 0 0 0 1 0 0 0 0 0 0 0 0 0 0 0 0 0 0 0 0 0 0 0 0 0 0 0 0 0]
[3354521971490289132469408635427201887039375142499452461395298462077772603003430561372335498965339362001723370095370768913521258285031004764654565843180707818795761346262499047633124105770948627 0 0 0 0 0 0 0 0 0 0 0 0 0 0 0 0 0 0 0 0 0 0 0 0 0 0 0 0 0 0 0 0 0 0 0 0 0 0 1 0 0 0 0 0 0 0 0 0 0 0 0 0 0 0 0 0 0 0 0 0 0 0 0]
[67692440994645389239120374356608749564381712571029673665514324012716397108916882403865587069771370390003457163654540148814571631477575438441122783587902762207113928491787037128384902423025794 0 0 0 0 0 0 0 0 0 0 0 0 0 0 0 0 0 0 0 0 0 0 0 0 0 0 0 0 0 0 0 0 0 0 0 0 0 0 0 1 0 0 0 0 0 0 0 0 0 0 0 0 0 0 0 0 0 0 0 0 0 0 0]
[1770640519709526355738732275050795523352717698895595173466878786085830699471476320829154805295780827299654339537992949892327882384612722261490232502744903635029034831200740676865513988403251298 0 0 0 0 0 0 0 0 0 0 0 0 0 0 0 0 0 0 0 0 0 0 0 0 0 0 0 0 0 0 0 0 0 0 0 0 0 0 0 0 1 0 0 0 0 0 0 0 0 0 0 0 0 0 0 0 0 0 0 0 0 0 0]
[4056368140086807469663901797650702885498504966075633202549229656745523249881631959459115890524030988631221611724235114899192758718002384423772422548502221953668287055365194001928040295339444346 0 0 0 0 0 0 0 0 0 0 0 0 0 0 0 0 0 0 0 0 0 0 0 0 0 0 0 0 0 0 0 0 0 0 0 0 0 0 0 0 0 1 0 0 0 0 0 0 0 0 0 0 0 0 0 0 0 0 0 0 0 0 0]
[405570032603103305415990737398962305247048601971697288827710779434715985514092448084830593311063253579846147796632468808831698500502364009390004940051620614671172230114837420947722583545893067 0 0 0 0 0 0 0 0 0 0 0 0 0 0 0 0 0 0 0 0 0 0 0 0 0 0 0 0 0 0 0 0 0 0 0 0 0 0 0 0 0 0 1 0 0 0 0 0 0 0 0 0 0 0 0 0 0 0 0 0 0 0 0]
[3571027392237251695488332215809658327318545397455689172883890461137785395526376131595096773161361882176431471000569911776767842441630074019411191494813205778531165385333863953131712750340680358 0 0 0 0 0 0 0 0 0 0 0 0 0 0 0 0 0 0 0 0 0 0 0 0 0 0 0 0 0 0 0 0 0 0 0 0 0 0 0 0 0 0 0 1 0 0 0 0 0 0 0 0 0 0 0 0 0 0 0 0 0 0 0]
[1533358850390268051610253987550561285375046888389030935193574004098843931877900983406294948132762287400717908549521552301002843284294117006755999988378790550501791069613668187834146200872905419 0 0 0 0 0 0 0 0 0 0 0 0 0 0 0 0 0 0 0 0 0 0 0 0 0 0 0 0 0 0 0 0 0 0 0 0 0 0 0 0 0 0 0 0 1 0 0 0 0 0 0 0 0 0 0 0 0 0 0 0 0 0 0]
[701217010644262705940801253560083454694751788205405175412807610941102724074310427722439656987155582559930327665756011893324772225023954914405831199034593467748662156821436523047612260337651539 0 0 0 0 0 0 0 0 0 0 0 0 0 0 0 0 0 0 0 0 0 0 0 0 0 0 0 0 0 0 0 0 0 0 0 0 0 0 0 0 0 0 0 0 0 1 0 0 0 0 0 0 0 0 0 0 0 0 0 0 0 0 0]
[944086730169417874795674512012702476764341675906008643421747117182215355812094346009274906288710679908638763872831059446468507159928539710377773295010010361704602935789702925313763969826803900 0 0 0 0 0 0 0 0 0 0 0 0 0 0 0 0 0 0 0 0 0 0 0 0 0 0 0 0 0 0 0 0 0 0 0 0 0 0 0 0 0 0 0 0 0 0 1 0 0 0 0 0 0 0 0 0 0 0 0 0 0 0 0]
[182384308270504306390814099929686401514389937895469345546053984501332467118319240500391806824610249541777585981722523620122831200637401532243035662985910174387199430502120822601327587628314435 0 0 0 0 0 0 0 0 0 0 0 0 0 0 0 0 0 0 0 0 0 0 0 0 0 0 0 0 0 0 0 0 0 0 0 0 0 0 0 0 0 0 0 0 0 0 0 1 0 0 0 0 0 0 0 0 0 0 0 0 0 0 0]
[2602047015873711974337500087415433219407308619529295903402831800611712647315388716243288461510582401914620479919851662520461249563109611502661225876801352281191411361912835201418504324901041416 0 0 0 0 0 0 0 0 0 0 0 0 0 0 0 0 0 0 0 0 0 0 0 0 0 0 0 0 0 0 0 0 0 0 0 0 0 0 0 0 0 0 0 0 0 0 0 0 1 0 0 0 0 0 0 0 0 0 0 0 0 0 0]
[1220411734095080181007665197110890208114139161219186023473172052521377631115302490891302708797116306657082847369355774418360987649591207566314829785894464361879827024036695650172532151195066280 0 0 0 0 0 0 0 0 0 0 0 0 0 0 0 0 0 0 0 0 0 0 0 0 0 0 0 0 0 0 0 0 0 0 0 0 0 0 0 0 0 0 0 0 0 0 0 0 0 1 0 0 0 0 0 0 0 0 0 0 0 0 0]
[3760364677100475908880076316590241949871535591042409594985087395076709304931360288955937811654160816277122291202065967674266065905663349957178714929637621586757184634278364481611589115435072334 0 0 0 0 0 0 0 0 0 0 0 0 0 0 0 0 0 0 0 0 0 0 0 0 0 0 0 0 0 0 0 0 0 0 0 0 0 0 0 0 0 0 0 0 0 0 0 0 0 0 1 0 0 0 0 0 0 0 0 0 0 0 0]
[3933097219917584136781078479193786662897470673143587699103821076156555750541334055562935069361640053327547999477616469210692655429981735645620022406847399915374442043731027868787018575934488426 0 0 0 0 0 0 0 0 0 0 0 0 0 0 0 0 0 0 0 0 0 0 0 0 0 0 0 0 0 0 0 0 0 0 0 0 0 0 0 0 0 0 0 0 0 0 0 0 0 0 0 1 0 0 0 0 0 0 0 0 0 0 0]
[3292487509810164616389163966884943996202025173876679800084712147762978054892602198852053169289482986753972241126659411255799370296582793400441745853695837149617129711170130797170428216076278290 0 0 0 0 0 0 0 0 0 0 0 0 0 0 0 0 0 0 0 0 0 0 0 0 0 0 0 0 0 0 0 0 0 0 0 0 0 0 0 0 0 0 0 0 0 0 0 0 0 0 0 0 1 0 0 0 0 0 0 0 0 0 0]
[433626909644145055640968987171684458785407478152028771633503090778564061987816664505502731976747700865451406319863279049907435425762946072885026136346206750378019447197724731791593137557617262 0 0 0 0 0 0 0 0 0 0 0 0 0 0 0 0 0 0 0 0 0 0 0 0 0 0 0 0 0 0 0 0 0 0 0 0 0 0 0 0 0 0 0 0 0 0 0 0 0 0 0 0 0 1 0 0 0 0 0 0 0 0 0]
[2359417236692373276698418695493030655630865740554742138316599232989136450813691592602533451679626218876070637601100274774520107191534682052474817623632162367919324621697193447037269751829187131 0 0 0 0 0 0 0 0 0 0 0 0 0 0 0 0 0 0 0 0 0 0 0 0 0 0 0 0 0 0 0 0 0 0 0 0 0 0 0 0 0 0 0 0 0 0 0 0 0 0 0 0 0 0 1 0 0 0 0 0 0 0 0]
[4166373264647479898805319573132514194181035923758859203913298734803980194803851326142356110608321740124793309136419793204819759785566378088999373988611354110159718468247041413203053740830183558 0 0 0 0 0 0 0 0 0 0 0 0 0 0 0 0 0 0 0 0 0 0 0 0 0 0 0 0 0 0 0 0 0 0 0 0 0 0 0 0 0 0 0 0 0 0 0 0 0 0 0 0 0 0 0 1 0 0 0 0 0 0 0]
[3961591472777643560027732636558047098891326788552240098281734467937938349332752207394290627587186404142497467565020404958893385212126596170445806263531690457752203805223383915855906052805983121 0 0 0 0 0 0 0 0 0 0 0 0 0 0 0 0 0 0 0 0 0 0 0 0 0 0 0 0 0 0 0 0 0 0 0 0 0 0 0 0 0 0 0 0 0 0 0 0 0 0 0 0 0 0 0 0 1 0 0 0 0 0 0]
[3527487913396289780462437811328978740086112394725101380863067445033165676388383041808767859294065657188557520114982217084344176477682723061260466870013485752264530739722810871361164809069048995 0 0 0 0 0 0 0 0 0 0 0 0 0 0 0 0 0 0 0 0 0 0 0 0 0 0 0 0 0 0 0 0 0 0 0 0 0 0 0 0 0 0 0 0 0 0 0 0 0 0 0 0 0 0 0 0 0 1 0 0 0 0 0]
[2197885421335828387710651509710220227951436673088327875392086340776170137928674872925203295992500683642530016139575348544032383156314224452256920224225480087706618365320476783293376359582405049 0 0 0 0 0 0 0 0 0 0 0 0 0 0 0 0 0 0 0 0 0 0 0 0 0 0 0 0 0 0 0 0 0 0 0 0 0 0 0 0 0 0 0 0 0 0 0 0 0 0 0 0 0 0 0 0 0 0 1 0 0 0 0]
[2193202820050739199178886632844546101943290821051583207562940811513260995660133712664192206187422703223092446271604407118440980269149415664950649153308331897081763213533485117707907708664887476 0 0 0 0 0 0 0 0 0 0 0 0 0 0 0 0 0 0 0 0 0 0 0 0 0 0 0 0 0 0 0 0 0 0 0 0 0 0 0 0 0 0 0 0 0 0 0 0 0 0 0 0 0 0 0 0 0 0 0 1 0 0 0]
[1974718533420123287585537641513550102725963617172583408502611095225526202281399437161334285357646840049012750908478530180525228570973847211144703936320392671986690374044544062462812977544188407 0 0 0 0 0 0 0 0 0 0 0 0 0 0 0 0 0 0 0 0 0 0 0 0 0 0 0 0 0 0 0 0 0 0 0 0 0 0 0 0 0 0 0 0 0 0 0 0 0 0 0 0 0 0 0 0 0 0 0 0 1 0 0]
[1839502111906899438785568105261646299865714756170895129979989787608478260262674917583634874003005120951881085760706685326444497777931706098496050463960951521695459512317288201262136318378300369 0 0 0 0 0 0 0 0 0 0 0 0 0 0 0 0 0 0 0 0 0 0 0 0 0 0 0 0 0 0 0 0 0 0 0 0 0 0 0 0 0 0 0 0 0 0 0 0 0 0 0 0 0 0 0 0 0 0 0 0 0 1 0]
[82649632339752948453557489140596430429973812856261593107908166159865774978448153471637047426089499286201038143465071970195694474491581499751445715899151045561903147461418043995302461764517435 0 0 0 0 0 0 0 0 0 0 0 0 0 0 0 0 0 0 0 0 0 0 0 0 0 0 0 0 0 0 0 0 0 0 0 0 0 0 0 0 0 0 0 0 0 0 0 0 0 0 0 0 0 0 0 0 0 0 0 0 0 0 1]
]
64 128 2
[1 0 0 0 0 0 0 0 0 0 0 0 0 0 0 0 0 0 0 0 0 0 0 0 0 0 0 0 0 0 0 0 0 0 0 0 0 0 0 0 0 0 0 0 0 0 0 0 0 0 0 0 0 0 0 0 0 0 0 0 0 0 0 0 1]
