[[3344185334647579463433462790714051174640950751111675847855499768648810734544239362101275813451068717498341054560130234992889650450397235561648439968065460550587226290692459946306250082532339457 0 0 0 0 0 0 0 0 0 0 0 0 0 0 0 0 0 0 0 0 0 0 0 0 0 0 0 0 0 0 0 0 0 0 0 0 0 0 0 0 0 0 0 0 0 0 0 0 0 0 0 0 0 0 0 0 0 0 0 0 0 0 0]
[1985252861227894576870288619614972213533291397250004949816527134073046200553325803663358200696430064507980759912818626362400577675861627661470416711523507536315832798157644677414309759127083372 1 0 0 0 0 0 0 0 0 0 0 0 0 0 0 0 0 0 0 0 0 0 0 0 0 0 0 0 0 0 0 0 0 0 0 0 0 0 0 0 0 0 0 0 0 0 0 0 0 0 0 0 0 0 0 0 0 0 0 0 0 0 0]
[2591640780489946661127475276521971691352354505106042245080269953774469310612868667811549043190715843100725558271757483237467156918915541522683846510990263372138221259483409411953061856955398285 0 1 0 0 0 0 0 0 0 0 0 0 0 0 0 0 0 0 0 0 0 0 0 0 0 0 0 0 0 0 0 0 0 0 0 0 0 0 0 0 0 0 0 0 0 0 0 0 0 0 0 0 0 0 0 0 0 0 0 0 0 0 0]
[3053675935278870806393443837726756187682932847482080915791859704389040736260858113839901141823201731810643362812839126742587893076925908432801840900047358334263728326407493696679275378893412118 0 0 1 0 0 0 0 0 0 0 0 0 0 0 0 0 0 0 0 0 0 0 0 0 0 0 0 0 0 0 0 0 0 0 0 0 0 0 0 0 0 0 0 0 0 0 0 0 0 0 0 0 0 0 0 0 0 0 0 0 0 0 0]
[791302936657373430909698786084023157284271411035268413294445370785770078330930572216956542610656039108640975346807756286038834749607090972660705797018319068310310563503457521214699032920106257 0 0 0 1 0 0 0 0 0 0 0 0 0 0 0 0 0 0 0 0 0 0 0 0 0 0 0 0 0 0 0 0 0 0 0 0 0 0 0 0 0 0 0 0 0 0 0 0 0 0 0 0 0 0 0 0 0 0 0 0 0 0 0]
[3219371417806011977069956816201559424417643079236294822960603345911389683660205367955163726083368972108867962721445441555001028797879028719718129559338037995927751266919070101890539626237347586 0 0 0 0 1 0 0 0 0 0 0 0 0 0 0 0 0 0 0 0 0 0 0 0 0 0 0 0 0 0 0 0 0 0 0 0 0 0 0 0 0 0 0 0 0 0 0 0 0 0 0 0 0 0 0 0 0 0 0 0 0 0 0]
[1225446607496426138515511945013594852006968555788529051609261331869537066694318900657374197815989672980590079135989048857286426656500315996290191153690799049115890584449387174784730738291511171 0 0 0 0 0 1 0 0 0 0 0 0 0 0 0 0 0 0 0 0 0 0 0 0 0 0 0 0 0 0 0 0 0 0 0 0 0 0 0 0 0 0 0 0 0 0 0 0 0 0 0 0 0 0 0 0 0 0 0 0 0 0 0]
[281650568013854030217727198383893743624260385414698012240662776581725171457886580932549969882613045681097468287477723239216782786211141258429132417154941727130075291790004559626254295512476000 0 0 0 0 0 0 1 0 0 0 0 0 0 0 0 0 0 0 0 0 0 0 0 0 0 0 0 0 0 0 0 0 0 0 0 0 0 0 0 0 0 0 0 0 0 0 0 0 0 0 0 0 0 0 0 0 0 0 0 0 0 0 0]
[1387818551948862434691164462601008952777946439497546368289639668575428624406636263715291787130865280326348663304854547061497896503043325507960241847789002066536915720174361791298519866999303362 0 0 0 0 0 0 0 1 0 0 0 0 0 0 0 0 0 0 0 0 0 0 0 0 0 0 0 0 0 0 0 0 0 0 0 0 0 0 0 0 0 0 0 0 0 0 0 0 0 0 0 0 0 0 0 0 0 0 0 0 0 0 0]
[1793961572235728033844533520931135637848006073105930130363621459054929293075461193222603710899434657683921127183050846164196414271297898950445726663998596985354067160826298844671693305317243421 0 0 0 0 0 0 0 0 1 0 0 0 0 0 0 0 0 0 0 0 0 0 0 0 0 0 0 0 0 0 0 0 0 0 0 0 0 0 0 0 0 0 0 0 0 0 0 0 0 0 0 0 0 0 0 0 0 0 0 0 0 0 0]
[520282715578187647897006977476179241731916411373656426035731871375308767854034632704535138080498896994214564977558621484398288191242856503418175188228622679505073814625623759920530063433755722 0 0 0 0 0 0 0 0 0 1 0 0 0 0 0 0 0 0 0 0 0 0 0 0 0 0 0 0 0 0 0 0 0 0 0 0 0 0 0 0 0 0 0 0 0 0 0 0 0 0 0 0 0 0 0 0 0 0 0 0 0 0 0]
[2714587465979438875374545237417516241691633652855458680873353536632203047851476047413739500703535896460651513573925625852846699034011527725383425585986195812952248643185739615499815281351437041 0 0 0 0 0 0 0 0 0 0 1 0 0 0 0 0 0 0 0 0 0 0 0 0 0 0 0 0 0 0 0 0 0 0 0 0 0 0 0 0 0 0 0 0 0 0 0 0 0 0 0 0 0 0 0 0 0 0 0 0 0 0 0]
[2051505030323618349563918070507053036884881689052060809695225263728591838258663847090508161026931841846393869800914780514432912372844769795999487879153406886031445590941335285504212909124821899 0 0 0 0 0 0 0 0 0 0 0 1 0 0 0 0 0 0 0 0 0 0 0 0 0 0 0 0 0 0 0 0 0 0 0 0 0 0 0 0 0 0 0 0 0 0 0 0 0 0 0 0 0 0 0 0 0 0 0 0 0 0 0]
[2877516332488700279155533420748805632952385143746305807170096443638989959588106136205350181639717626191184031932867790986383669794360841110213786394006002694682002456008344427517692993217413452 0 0 0 0 0 0 0 0 0 0 0 0 1 0 0 0 0 0 0 0 0 0 0 0 0 0 0 0 0 0 0 0 0 0 0 0 0 0 0 0 0 0 0 0 0 0 0 0 0 0 0 0 0 0 0 0 0 0 0 0 0 0 0]
[2300638647153138774487568367676854288843126405871149897872658532319304016691372283071177868553613937163942195423700885259156489190210111466739153209590080543341925775695017586320047421970393055 0 0 0 0 0 0 0 0 0 0 0 0 0 1 0 0 0 0 0 0 0 0 0 0 0 0 0 0 0 0 0 0 0 0 0 0 0 0 0 0 0 0 0 0 0 0 0 0 0 0 0 0 0 0 0 0 0 0 0 0 0 0 0]
[284186712767228529337430803466529701131171340588684180695005180526314134533619933696849025665580454009172592296560484567577888732149697078822086382570956920260011594999772305124162673013806589 0 0 0 0 0 0 0 0 0 0 0 0 0 0 1 0 0 0 0 0 0 0 0 0 0 0 0 0 0 0 0 0 0 0 0 0 0 0 0 0 0 0 0 0 0 0 0 0 0 0 0 0 0 0 0 0 0 0 0 0 0 0 0]
[2254587162352701665527512422925408482726330346551292541215785904294503513077375453527310727617202576707818772909032719314957967295204249189042332759455916894127337606081634828721561821427319690 0 0 0 0 0 0 0 0 0 0 0 0 0 0 0 1 0 0 0 0 0 0 0 0 0 0 0 0 0 0 0 0 0 0 0 0 0 0 0 0 0 0 0 0 0 0 0 0 0 0 0 0 0 0 0 0 0 0 0 0 0 0 0]
[2098471284381429508823764769341820366888773134368088715398103604739732452898097726408824218463428765171771587490841254532566355755220228185684831700246558166260058579134702067354474820676777223 0 0 0 0 0 0 0 0 0 0 0 0 0 0 0 0 1 0 0 0 0 0 0 0 0 0 0 0 0 0 0 0 0 0 0 0 0 0 0 0 0 0 0 0 0 0 0 0 0 0 0 0 0 0 0 0 0 0 0 0 0 0 0]
[1859837574348856616175682123813779014612246260546858053747262575677621211512185008576202181720435071395414302339327943258552484878664681628940544834690648678517946343177628132538044205327660088 0 0 0 0 0 0 0 0 0 0 0 0 0 0 0 0 0 1 0 0 0 0 0 0 0 0 0 0 0 0 0 0 0 0 0 0 0 0 0 0 0 0 0 0 0 0 0 0 0 0 0 0 0 0 0 0 0 0 0 0 0 0 0]
[85009185680361186729113926601905108004460353501704413736564136882310071488504133542485421196551269051887852611847937462105580769488567015628609853016444257379783814051335514509824548566087175 0 0 0 0 0 0 0 0 0 0 0 0 0 0 0 0 0 0 1 0 0 0 0 0 0 0 0 0 0 0 0 0 0 0 0 0 0 0 0 0 0 0 0 0 0 0 0 0 0 0 0 0 0 0 0 0 0 0 0 0 0 0 0]
[164383333964490034544341022627822785941490545835855028427515468508281555413861077716661538467528812102285750107399192008492505000456022108703114978835525173290966198886557524662183642363887397 0 0 0 0 0 0 0 0 0 0 0 0 0 0 0 0 0 0 0 1 0 0 0 0 0 0 0 0 0 0 0 0 0 0 0 0 0 0 0 0 0 0 0 0 0 0 0 0 0 0 0 0 0 0 0 0 0 0 0 0 0 0 0]
[2620787856641579264686813391987086739386380650283672628281445337355989904548143398079413433933251179656492793237277549212319753585530693586550872997271109046230284072222877997175118656103566351 0 0 0 0 0 0 0 0 0 0 0 0 0 0 0 0 0 0 0 0 1 0 0 0 0 0 0 0 0 0 0 0 0 0 0 0 0 0 0 0 0 0 0 0 0 0 0 0 0 0 0 0 0 0 0 0 0 0 0 0 0 0 0]
[1571016143128648298935199950443803204045620625269679292711853881076214176554027029978955186636566692830318670300976748184757018345542131770750217445870065217248744754240265482175211430808639803 0 0 0 0 0 0 0 0 0 0 0 0 0 0 0 0 0 0 0 0 0 1 0 0 0 0 0 0 0 0 0 0 0 0 0 0 0 0 0 0 0 0 0 0 0 0 0 0 0 0 0 0 0 0 0 0 0 0 0 0 0 0 0]
[962980852325670880448684899639645471254423743487861545851529352089498171569006120383957313878774575547547383718512471544003998937681056892832101349873541281388006056685275031469179541304558367 0 0 0 0 0 0 0 0 0 0 0 0 0 0 0 0 0 0 0 0 0 0 1 0 0 0 0 0 0 0 0 0 0 0 0 0 0 0 0 0 0 0 0 0 0 0 0 0 0 0 0 0 0 0 0 0 0 0 0 0 0 0 0]
[518256887554963135107670955000110851915316868415293133397151155117527085158410936910671409989998162924113102719829906685119539708218885774145118303950695355730568943046390053883267348668469643 0 0 0 0 0 0 0 0 0 0 0 0 0 0 0 0 0 0 0 0 0 0 0 1 0 0 0 0 0 0 0 0 0 0 0 0 0 0 0 0 0 0 0 0 0 0 0 0 0 0 0 0 0 0 0 0 0 0 0 0 0 0 0]
[3158263094785127835176523149281442947512829472807212020795724070401368831985441614615739875684630646426152198605180799684509740302521801986689574642094188345304262279959912448935095284067356967 0 0 0 0 0 0 0 0 0 0 0 0 0 0 0 0 0 0 0 0 0 0 0 0 1 0 0 0 0 0 0 0 0 0 0 0 0 0 0 0 0 0 0 0 0 0 0 0 0 0 0 0 0 0 0 0 0 0 0 0 0 0 0]
[2147774119819305630231971544892663941868670251675536930942004588940445938802230305206663109079283883148666204008813884202342025343480648499368562614309350312085027058131257811696468969121362771 0 0 0 0 0 0 0 0 0 0 0 0 0 0 0 0 0 0 0 0 0 0 0 0 0 1 0 0 0 0 0 0 0 0 0 0 0 0 0 0 0 0 0 0 0 0 0 0 0 0 0 0 0 0 0 0 0 0 0 0 0 0 0]
[1224551409249527666838898216025229558540621233522019037771665448667834471779154105182233820614917173113778907845282738508199082110089844529594775029014587842974999275985225773802844948098820877 0 0 0 0 0 0 0 0 0 0 0 0 0 0 0 0 0 0 0 0 0 0 0 0 0 0 1 0 0 0 0 0 0 0 0 0 0 0 0 0 0 0 0 0 0 0 0 0 0 0 0 0 0 0 0 0 0 0 0 0 0 0 0]
[532151414591176670075124605896889737886187037207873115236951475075650211037469440229958147991882572150965214519186318740833031373601401120837485069923797773682805926666799452571908509729855639 0 0 0 0 0 0 0 0 0 0 0 0 0 0 0 0 0 0 0 0 0 0 0 0 0 0 0 1 0 0 0 0 0 0 0 0 0 0 0 0 0 0 0 0 0 0 0 0 0 0 0 0 0 0 0 0 0 0 0 0 0 0 0]
[156953379224801257807978949416662906584085858436389356654554550008867034605021206672895967305106746313906261459694026100683177498607496063338268233098301316956399179311530365130129433314345954 0 0 0 0 0 0 0 0 0 0 0 0 0 0 0 0 0 0 0 0 0 0 0 0 0 0 0 0 1 0 0 0 0 0 0 0 0 0 0 0 0 0 0 0 0 0 0 0 0 0 0 0 0 0 0 0 0 0 0 0 0 0 0]
[512064713178420497389449526580736230866000290647596176162040849977272415923917453171568637877429000125349803269208850117900093643298016483936317938878271534237107206663113958957648517226732688 0 0 0 0 0 0 0 0 0 0 0 0 0 0 0 0 0 0 0 0 0 0 0 0 0 0 0 0 0 1 0 0 0 0 0 0 0 0 0 0 0 0 0 0 0 0 0 0 0 0 0 0 0 0 0 0 0 0 0 0 0 0 0]
[1656595164845657282946356884807020974380384672231660433092777156874183686697095058367944303710562788050417968308780756632463419281306084100945061140990347671000806191159881597391111005102585373 0 0 0 0 0 0 0 0 0 0 0 0 0 0 0 0 0 0 0 0 0 0 0 0 0 0 0 0 0 0 1 0 0 0 0 0 0 0 0 0 0 0 0 0 0 0 0 0 0 0 0 0 0 0 0 0 0 0 0 0 0 0 0]
[626333527106114045459388178796453907484065429355149148679709867006853221791210873553912454947133761040856377883276273024266119578366079231731492339591836696773336113251483766663609977050623237 0 0 0 0 0 0 0 0 0 0 0 0 0 0 0 0 0 0 0 0 0 0 0 0 0 0 0 0 0 0 0 1 0 0 0 0 0 0 0 0 0 0 0 0 0 0 0 0 0 0 0 0 0 0 0 0 0 0 0 0 0 0 0]
[2612202222976964712526054708767891797641994441590106909072542424884639408874711835536935288535806912599972266160724562094440013759716064046919066319660228370095901465646289193500561669728117007 0 0 0 0 0 0 0 0 0 0 0 0 0 0 0 0 0 0 0 0 0 0 0 0 0 0 0 0 0 0 0 0 1 0 0 0 0 0 0 0 0 0 0 0 0 0 0 0 0 0 0 0 0 0 0 0 0 0 0 0 0 0 0]
[3287691874833729265983149851459347577509264169836753849618561212173174297825231670100185917475953600496590990429308365873808289244213685331992914454379704779546711607476906525593207492004511856 0 0 0 0 0 0 0 0 0 0 0 0 0 0 0 0 0 0 0 0 0 0 0 0 0 0 0 0 0 0 0 0 0 1 0 0 0 0 0 0 0 0 0 0 0 0 0 0 0 0 0 0 0 0 0 0 0 0 0 0 0 0 0]
[213325159061984560331094067354056338222867185752543478497869832826545668599097235388128221369504905616575903264411055534674010063481065601275402757848674319312737664583300383171548918713528065 0 0 0 0 0 0 0 0 0 0 0 0 0 0 0 0 0 0 0 0 0 0 0 0 0 0 0 0 0 0 0 0 0 0 1 0 0 0 0 0 0 0 0 0 0 0 0 0 0 0 0 0 0 0 0 0 0 0 0 0 0 0 0]
[1078829005795894681113258827591147235170462749085351571808648015170938495293496911863571386820196624542467909404614585828494602068500503515526725347630802758319856200952558803442794062758145865 0 0 0 0 0 0 0 0 0 0 0 0 0 0 0 0 0 0 0 0 0 0 0 0 0 0 0 0 0 0 0 0 0 0 0 1 0 0 0 0 0 0 0 0 0 0 0 0 0 0 0 0 0 0 0 0 0 0 0 0 0 0 0]
[1943526764513990690910972877431628799394785658208683238682059971993187594482287661408034337388818939824207254664130162713954932909123137797349230764889440620595041139492630039099900246372601597 0 0 0 0 0 0 0 0 0 0 0 0 0 0 0 0 0 0 0 0 0 0 0 0 0 0 0 0 0 0 0 0 0 0 0 0 1 0 0 0 0 0 0 0 0 0 0 0 0 0 0 0 0 0 0 0 0 0 0 0 0 0 0]
[3039882044821047290176271570800922289673221844229137976794060582436435175710465390830736492717903926625272298272826998275467375335461491098649310357061088554642577312210546559964773443301313055 0 0 0 0 0 0 0 0 0 0 0 0 0 0 0 0 0 0 0 0 0 0 0 0 0 0 0 0 0 0 0 0 0 0 0 0 0 1 0 0 0 0 0 0 0 0 0 0 0 0 0 0 0 0 0 0 0 0 0 0 0 0 0]
[2311324217461715860035598818034644701069691518556588360017698199703485397628377112841382188529178944892625756608776291392727875513250221670848062313667484592525160137322938929249150023723058875 0 0 0 0 0 0 0 0 0 0 0 0 0 0 0 0 0 0 0 0 0 0 0 0 0 0 0 0 0 0 0 0 0 0 0 0 0 0 1 0 0 0 0 0 0 0 0 0 0 0 0 0 0 0 0 0 0 0 0 0 0 0 0]
[1997401638141630189877703845913457788403190010867221554735832289201848826643022528251404048029206153947649487246123368325258994135403098971745693376602069502428387259968550370669998734574236894 0 0 0 0 0 0 0 0 0 0 0 0 0 0 0 0 0 0 0 0 0 0 0 0 0 0 0 0 0 0 0 0 0 0 0 0 0 0 0 1 0 0 0 0 0 0 0 0 0 0 0 0 0 0 0 0 0 0 0 0 0 0 0]
[3076405781592711172252399627563484743375134034048146237991290092598824959456281224815028034783097443318482125452133116991858481096025709560185776034583074161531225465601798748679230835120044536 0 0 0 0 0 0 0 0 0 0 0 0 0 0 0 0 0 0 0 0 0 0 0 0 0 0 0 0 0 0 0 0 0 0 0 0 0 0 0 0 1 0 0 0 0 0 0 0 0 0 0 0 0 0 0 0 0 0 0 0 0 0 0]
[2861358656039743817506975081410081734884058114147468251318198436336835871619976616793757254895011893059589062576576262497419815579130394543468774329224247052763965573412809717693231242145023663 0 0 0 0 0 0 0 0 0 0 0 0 0 0 0 0 0 0 0 0 0 0 0 0 0 0 0 0 0 0 0 0 0 0 0 0 0 0 0 0 0 1 0 0 0 0 0 0 0 0 0 0 0 0 0 0 0 0 0 0 0 0 0]
[3231822904530765736801195860004464372780065870027237994469489335002422192874830731503495628272413406094404845550356770997974015200321260704058948605211532687289598091269362703197046354161226339 0 0 0 0 0 0 0 0 0 0 0 0 0 0 0 0 0 0 0 0 0 0 0 0 0 0 0 0 0 0 0 0 0 0 0 0 0 0 0 0 0 0 1 0 0 0 0 0 0 0 0 0 0 0 0 0 0 0 0 0 0 0 0]
[658686236668425157165951598598963494286578929161021864212867875389027707449899520690707619034777425771382920892104584390677582448748912563688840152319069940179164624120559061688343342972338668 0 0 0 0 0 0 0 0 0 0 0 0 0 0 0 0 0 0 0 0 0 0 0 0 0 0 0 0 0 0 0 0 0 0 0 0 0 0 0 0 0 0 0 1 0 0 0 0 0 0 0 0 0 0 0 0 0 0 0 0 0 0 0]
[813194527532340624697144874891319523532972444994582212494465239073908783054726859571581259616612069212110260184642435653199339235545146575169609379967181230635434001988117417802055250322926953 0 0 0 0 0 0 0 0 0 0 0 0 0 0 0 0 0 0 0 0 0 0 0 0 0 0 0 0 0 0 0 0 0 0 0 0 0 0 0 0 0 0 0 0 1 0 0 0 0 0 0 0 0 0 0 0 0 0 0 0 0 0 0]
[793081954915044431994252053868566579637361256475157051305732448879777972575895023971456805900853963586931035656515289139512151704299718224717754924440653673789939126718455298369039338823658537 0 0 0 0 0 0 0 0 0 0 0 0 0 0 0 0 0 0 0 0 0 0 0 0 0 0 0 0 0 0 0 0 0 0 0 0 0 0 0 0 0 0 0 0 0 1 0 0 0 0 0 0 0 0 0 0 0 0 0 0 0 0 0]
[1947160233793208404618429440144575214736338442878879111493669228980865658296342734688616038966148620490493325606252114394861485401805691502886038660757381748681668319607006898307575379627346333 0 0 0 0 0 0 0 0 0 0 0 0 0 0 0 0 0 0 0 0 0 0 0 0 0 0 0 0 0 0 0 0 0 0 0 0 0 0 0 0 0 0 0 0 0 0 1 0 0 0 0 0 0 0 0 0 0 0 0 0 0 0 0]
[3029087448037132628171952889540377739679877706727884640265996271980306750015421899842161410088753595345165120682537338084194487913820853894573589695360819258325121282563683307288667337645202490 0 0 0 0 0 0 0 0 0 0 0 0 0 0 0 0 0 0 0 0 0 0 0 0 0 0 0 0 0 0 0 0 0 0 0 0 0 0 0 0 0 0 0 0 0 0 0 1 0 0 0 0 0 0 0 0 0 0 0 0 0 0 0]
[1509638908926463642548534509983610509576158999430231352708907048692989379983989456473242780868583695716404224171189381992765622434217636035462329128718905806580679625236500328993349045231369866 0 0 0 0 0 0 0 0 0 0 0 0 0 0 0 0 0 0 0 0 0 0 0 0 0 0 0 0 0 0 0 0 0 0 0 0 0 0 0 0 0 0 0 0 0 0 0 0 1 0 0 0 0 0 0 0 0 0 0 0 0 0 0]
[2554515681059106858528115524648819454209652125887209316547119672314271330114459734848406362388299429761752608420173631504232887465996044558507282582361958910085950204594373055645405751248793547 0 0 0 0 0 0 0 0 0 0 0 0 0 0 0 0 0 0 0 0 0 0 0 0 0 0 0 0 0 0 0 0 0 0 0 0 0 0 0 0 0 0 0 0 0 0 0 0 0 1 0 0 0 0 0 0 0 0 0 0 0 0 0]
[2968946098800234402593596807045158593119127765623001732461796190835684514901127557090546520140046599868982854942781538760669778457421066730959108221703472885296503318815237207692259347231116191 0 0 0 0 0 0 0 0 0 0 0 0 0 0 0 0 0 0 0 0 0 0 0 0 0 0 0 0 0 0 0 0 0 0 0 0 0 0 0 0 0 0 0 0 0 0 0 0 0 0 1 0 0 0 0 0 0 0 0 0 0 0 0]
[815739459783021785939880634305230990922173917038903724660226172391618133781995005258928738639959887538022612232636097977131174631204779416114233523017882123751467687769362461190128659361738264 0 0 0 0 0 0 0 0 0 0 0 0 0 0 0 0 0 0 0 0 0 0 0 0 0 0 0 0 0 0 0 0 0 0 0 0 0 0 0 0 0 0 0 0 0 0 0 0 0 0 0 1 0 0 0 0 0 0 0 0 0 0 0]
[1053079221821555214707971692082046072955870406453563591126967741902343267454628922621694898838659774825965372818599663193084622928220902995527097126234480283377911356701515826134151312835224877 0 0 0 0 0 0 0 0 0 0 0 0 0 0 0 0 0 0 0 0 0 0 0 0 0 0 0 0 0 0 0 0 0 0 0 0 0 0 0 0 0 0 0 0 0 0 0 0 0 0 0 0 1 0 0 0 0 0 0 0 0 0 0]
[1626561291097316678693114953990078412433315188316452438560532352651466653697214189947158075595576736229474431602947876223101039155460997201997897742116565634113627836818665688052195938152305570 0 0 0 0 0 0 0 0 0 0 0 0 0 0 0 0 0 0 0 0 0 0 0 0 0 0 0 0 0 0 0 0 0 0 0 0 0 0 0 0 0 0 0 0 0 0 0 0 0 0 0 0 0 1 0 0 0 0 0 0 0 0 0]
[2357601102171003397993720811206314050711168825856224121818194405019956357132584520406366756575960293319425949374891543718991177410260448751562618941047735876408867099348956597669380080854505851 0 0 0 0 0 0 0 0 0 0 0 0 0 0 0 0 0 0 0 0 0 0 0 0 0 0 0 0 0 0 0 0 0 0 0 0 0 0 0 0 0 0 0 0 0 0 0 0 0 0 0 0 0 0 1 0 0 0 0 0 0 0 0]
[3066283503903611532845564759793714333877829537645633084185909359426084552427029245166487638459013411264477230318818714161646821941918549915596987312777495606173502321682933693264497988706059576 0 0 0 0 0 0 0 0 0 0 0 0 0 0 0 0 0 0 0 0 0 0 0 0 0 0 0 0 0 0 0 0 0 0 0 0 0 0 0 0 0 0 0 0 0 0 0 0 0 0 0 0 0 0 0 1 0 0 0 0 0 0 0]
[1197117079833355100552306345781055629003184136718325794633482508060498737324239017012335736667104395587929754136576021284601219392750444179578001734918365992030696975240155559306193515568732642 0 0 0 0 0 0 0 0 0 0 0 0 0 0 0 0 0 0 0 0 0 0 0 0 0 0 0 0 0 0 0 0 0 0 0 0 0 0 0 0 0 0 0 0 0 0 0 0 0 0 0 0 0 0 0 0 1 0 0 0 0 0 0]
[2214380129079535279315577786375921881996087805711434583806688214897562140110469397604993737867569730544072962179951359103713602153655648762578721893044397992216614489414492255752114754985636791 0 0 0 0 0 0 0 0 0 0 0 0 0 0 0 0 0 0 0 0 0 0 0 0 0 0 0 0 0 0 0 0 0 0 0 0 0 0 0 0 0 0 0 0 0 0 0 0 0 0 0 0 0 0 0 0 0 1 0 0 0 0 0]
[2583812860752065538528447829169237286127099526982355613460486077090086623454166264636260622680837196206839303107621755935998426024618643657229413177097550573861256858989995688956462434818466568 0 0 0 0 0 0 0 0 0 0 0 0 0 0 0 0 0 0 0 0 0 0 0 0 0 0 0 0 0 0 0 0 0 0 0 0 0 0 0 0 0 0 0 0 0 0 0 0 0 0 0 0 0 0 0 0 0 0 1 0 0 0 0]
[153913288402081440708683538304982790950769150237803526508418171332289699701737218725413485129272223834824257741670803419100322700510856571090582828663598501094077593049736178581146220421353992 0 0 0 0 0 0 0 0 0 0 0 0 0 0 0 0 0 0 0 0 0 0 0 0 0 0 0 0 0 0 0 0 0 0 0 0 0 0 0 0 0 0 0 0 0 0 0 0 0 0 0 0 0 0 0 0 0 0 0 1 0 0 0]
[2729968450680855471915650141175508612393233140686767976387707356565477672113789910789474320723707666552518881497056824310160779401557012206892328030250469407170621654179050969564077310803389904 0 0 0 0 0 0 0 0 0 0 0 0 0 0 0 0 0 0 0 0 0 0 0 0 0 0 0 0 0 0 0 0 0 0 0 0 0 0 0 0 0 0 0 0 0 0 0 0 0 0 0 0 0 0 0 0 0 0 0 0 1 0 0]
[2133665669064439815274726508518461344053351793319178306883125581657838602770799567750607839794846443225884971941651626338519997368635380326464470706137106110635022594832191863596254786405783187 0 0 0 0 0 0 0 0 0 0 0 0 0 0 0 0 0 0 0 0 0 0 0 0 0 0 0 0 0 0 0 0 0 0 0 0 0 0 0 0 0 0 0 0 0 0 0 0 0 0 0 0 0 0 0 0 0 0 0 0 0 1 0]
[539448309680401264022391811400360700338477135290756422411744311473957126480569790407648365266368896084655964315616064483499566401998213592579482807110226270099232905303956935127931147075438483 0 0 0 0 0 0 0 0 0 0 0 0 0 0 0 0 0 0 0 0 0 0 0 0 0 0 0 0 0 0 0 0 0 0 0 0 0 0 0 0 0 0 0 0 0 0 0 0 0 0 0 0 0 0 0 0 0 0 0 0 0 0 1]
]
64 128 9
[1 0 0 0 0 0 0 0 0 0 0 0 0 0 0 0 0 0 0 0 0 0 0 0 0 0 0 0 0 0 0 0 0 0 0 0 0 0 0 0 0 0 0 0 0 0 0 0 0 0 0 0 0 0 0 0 0 0 0 0 0 0 0 0 1]
