[[3783628170358986144671660352780116283501774246616217699349273035169618592227649375179780651174772264980560542577947573344970468270494185610094876741309965724367621035251246942562013 0 0 0 0 0 0 0 0 0 0 0 0 0 0 0 0 0 0 0 0 0 0 0 0 0 0 0 0 0 0 0 0 0 0 0 0 0 0 0 0 0 0 0 0 0 0 0 0 0 0 0 0 0 0 0 0 0 0 0]
[987212721973134208478574390951027124372519541419163801424545106565158943734169438942858238783934933178900595737562944466329517630530866896962141766361164636049898414062030674469671 1 0 0 0 0 0 0 0 0 0 0 0 0 0 0 0 0 0 0 0 0 0 0 0 0 0 0 0 0 0 0 0 0 0 0 0 0 0 0 0 0 0 0 0 0 0 0 0 0 0 0 0 0 0 0 0 0 0 0]
[1101690366633995241881648835768791469007139784704005746538013737478460809971445884320581252250028787137112201884062139315368013046857053557986195086277167168730443199498028894285139 0 1 0 0 0 0 0 0 0 0 0 0 0 0 0 0 0 0 0 0 0 0 0 0 0 0 0 0 0 0 0 0 0 0 0 0 0 0 0 0 0 0 0 0 0 0 0 0 0 0 0 0 0 0 0 0 0 0 0]
[1592371135540736365998626719091009378208089864477517801588357996058294841714482218210038741572074834183780111058230545480760490844905234326490652349285613514508737155431821124279359 0 0 1 0 0 0 0 0 0 0 0 0 0 0 0 0 0 0 0 0 0 0 0 0 0 0 0 0 0 0 0 0 0 0 0 0 0 0 0 0 0 0 0 0 0 0 0 0 0 0 0 0 0 0 0 0 0 0 0]
[3498794797123357012975536641937839712040544484173162814342819461807283696800785138626178453234919900562919963144264864961976540786949875368098610725227365339375234361143235683983754 0 0 0 1 0 0 0 0 0 0 0 0 0 0 0 0 0 0 0 0 0 0 0 0 0 0 0 0 0 0 0 0 0 0 0 0 0 0 0 0 0 0 0 0 0 0 0 0 0 0 0 0 0 0 0 0 0 0 0]
[3194168158076491539556235056221897789293933541306589042201613067691782717259530430581954825248494244929719954982240114893023807286637863214922250200700941593125302023152718397971101 0 0 0 0 1 0 0 0 0 0 0 0 0 0 0 0 0 0 0 0 0 0 0 0 0 0 0 0 0 0 0 0 0 0 0 0 0 0 0 0 0 0 0 0 0 0 0 0 0 0 0 0 0 0 0 0 0 0 0]
[2659185195106700910323413433883035801616326388929630230352144854644680015752567792165707493326609789215133657235201509845745489149675403864640807564099178167634478224000510257273232 0 0 0 0 0 1 0 0 0 0 0 0 0 0 0 0 0 0 0 0 0 0 0 0 0 0 0 0 0 0 0 0 0 0 0 0 0 0 0 0 0 0 0 0 0 0 0 0 0 0 0 0 0 0 0 0 0 0 0]
[1886305343524585776245853338194723288613822063402577893285353106459021851893362468215737048960708492016498848359557689985723289290679639900703766755893168474653217348758857445240687 0 0 0 0 0 0 1 0 0 0 0 0 0 0 0 0 0 0 0 0 0 0 0 0 0 0 0 0 0 0 0 0 0 0 0 0 0 0 0 0 0 0 0 0 0 0 0 0 0 0 0 0 0 0 0 0 0 0 0]
[2506819177687167637987284873473309702090625367572605803687628447328721261210181379881898497249422086040200915523826544774619507106217276774044110523275418569537316848527083997103843 0 0 0 0 0 0 0 1 0 0 0 0 0 0 0 0 0 0 0 0 0 0 0 0 0 0 0 0 0 0 0 0 0 0 0 0 0 0 0 0 0 0 0 0 0 0 0 0 0 0 0 0 0 0 0 0 0 0 0]
[2427291436947162674622313557354437673967725967805932468246779838543880512799383735520726930396351562865180015414060269298380386918833326964538964213417101366812163393651799429508358 0 0 0 0 0 0 0 0 1 0 0 0 0 0 0 0 0 0 0 0 0 0 0 0 0 0 0 0 0 0 0 0 0 0 0 0 0 0 0 0 0 0 0 0 0 0 0 0 0 0 0 0 0 0 0 0 0 0 0]
[1217927364405515031405715690312263498396185697397969501422412121989522648528928300802978898707427722172250359278456380568402666250549410540420327077599235076166305431097825267471851 0 0 0 0 0 0 0 0 0 1 0 0 0 0 0 0 0 0 0 0 0 0 0 0 0 0 0 0 0 0 0 0 0 0 0 0 0 0 0 0 0 0 0 0 0 0 0 0 0 0 0 0 0 0 0 0 0 0 0]
[989706462784522916480570790020500690035186346772403370239229290462140495225367512200853784390548107367526201752291794240815421215042415937656548602814183097604366698059737078886060 0 0 0 0 0 0 0 0 0 0 1 0 0 0 0 0 0 0 0 0 0 0 0 0 0 0 0 0 0 0 0 0 0 0 0 0 0 0 0 0 0 0 0 0 0 0 0 0 0 0 0 0 0 0 0 0 0 0 0]
[1761761289051515106887671532524796832676108782928835778502362019357226245278072892769430593833886931959731712995883156279996283444341612319027560757719424890713973768331036570786718 0 0 0 0 0 0 0 0 0 0 0 1 0 0 0 0 0 0 0 0 0 0 0 0 0 0 0 0 0 0 0 0 0 0 0 0 0 0 0 0 0 0 0 0 0 0 0 0 0 0 0 0 0 0 0 0 0 0 0]
[1656960818087231795492648359102723492446748576524312989373259985747165013075885047425783069806174664007973676804295869713897095584790204612757616640646096817680174207641574298295398 0 0 0 0 0 0 0 0 0 0 0 0 1 0 0 0 0 0 0 0 0 0 0 0 0 0 0 0 0 0 0 0 0 0 0 0 0 0 0 0 0 0 0 0 0 0 0 0 0 0 0 0 0 0 0 0 0 0 0]
[3604675123932416878035565586496172562921036560080578560330672446112461367647347901535310094995417452733385607697753824698604337269189116879439868878383844619202545470234180021920757 0 0 0 0 0 0 0 0 0 0 0 0 0 1 0 0 0 0 0 0 0 0 0 0 0 0 0 0 0 0 0 0 0 0 0 0 0 0 0 0 0 0 0 0 0 0 0 0 0 0 0 0 0 0 0 0 0 0 0]
[308627483465874922819054590684001309934176423679709157396783821546283906436621933646194453204174644943143470609383922513245510111397076694062991300675691320232176393570740009671155 0 0 0 0 0 0 0 0 0 0 0 0 0 0 1 0 0 0 0 0 0 0 0 0 0 0 0 0 0 0 0 0 0 0 0 0 0 0 0 0 0 0 0 0 0 0 0 0 0 0 0 0 0 0 0 0 0 0 0]
[3117180082761787056350413754586793071326085942281298942728796717961181122989120289666535423061269299437486107132173776364449019137030705310111073222727105768589549298151023966176877 0 0 0 0 0 0 0 0 0 0 0 0 0 0 0 1 0 0 0 0 0 0 0 0 0 0 0 0 0 0 0 0 0 0 0 0 0 0 0 0 0 0 0 0 0 0 0 0 0 0 0 0 0 0 0 0 0 0 0]
[653031592279905116532174426151193022733010432864542471861242704491054013154537082115074917756297836523532825231097115087500232218889309738783277049451363827118967994308966306008545 0 0 0 0 0 0 0 0 0 0 0 0 0 0 0 0 1 0 0 0 0 0 0 0 0 0 0 0 0 0 0 0 0 0 0 0 0 0 0 0 0 0 0 0 0 0 0 0 0 0 0 0 0 0 0 0 0 0 0]
[3255317322882039171911200548618752194248444357371600703304891526709824752158600290199970817462950393752637817765810574263673854859060609434428004539720086732224342060310854315552806 0 0 0 0 0 0 0 0 0 0 0 0 0 0 0 0 0 1 0 0 0 0 0 0 0 0 0 0 0 0 0 0 0 0 0 0 0 0 0 0 0 0 0 0 0 0 0 0 0 0 0 0 0 0 0 0 0 0 0]
[3004171855899285129163672582263177913383505922736028459806160482664248228249692515507141485401355189991384930757833697232480682934128275641201406129936619261386906040354386607822836 0 0 0 0 0 0 0 0 0 0 0 0 0 0 0 0 0 0 1 0 0 0 0 0 0 0 0 0 0 0 0 0 0 0 0 0 0 0 0 0 0 0 0 0 0 0 0 0 0 0 0 0 0 0 0 0 0 0 0]
[350925772282120452382697807241419901429128251809750455948144326545570126679727034924209770616343138932821884645559644069533487896343954535584661886463515681373291207150225916941639 0 0 0 0 0 0 0 0 0 0 0 0 0 0 0 0 0 0 0 1 0 0 0 0 0 0 0 0 0 0 0 0 0 0 0 0 0 0 0 0 0 0 0 0 0 0 0 0 0 0 0 0 0 0 0 0 0 0 0]
[1305822567933063498468066355777090698682342418068157509147735026342670983045076549482655193675451780959768682236909212918229799568785253356034803128017663895730783532772029116535245 0 0 0 0 0 0 0 0 0 0 0 0 0 0 0 0 0 0 0 0 1 0 0 0 0 0 0 0 0 0 0 0 0 0 0 0 0 0 0 0 0 0 0 0 0 0 0 0 0 0 0 0 0 0 0 0 0 0 0]
[2983863842148197229794908366860754952221560146709200062077064030411367807124245170464920937924487074231656150753723501826805431881149223791292772949097206840074418887558959551316824 0 0 0 0 0 0 0 0 0 0 0 0 0 0 0 0 0 0 0 0 0 1 0 0 0 0 0 0 0 0 0 0 0 0 0 0 0 0 0 0 0 0 0 0 0 0 0 0 0 0 0 0 0 0 0 0 0 0 0]
[286208445081386603433257062865685531023323412920827768706338693178890857048948150447177922025378454433207982402505578921287868855901347578266318905960262576209614781264695590502550 0 0 0 0 0 0 0 0 0 0 0 0 0 0 0 0 0 0 0 0 0 0 1 0 0 0 0 0 0 0 0 0 0 0 0 0 0 0 0 0 0 0 0 0 0 0 0 0 0 0 0 0 0 0 0 0 0 0 0]
[2175694699948933107737428041312314237472097498721788798047446002435720418597724810271696584310065604180566416734310463876270727986475302224790709478490749015963969573234574679056730 0 0 0 0 0 0 0 0 0 0 0 0 0 0 0 0 0 0 0 0 0 0 0 1 0 0 0 0 0 0 0 0 0 0 0 0 0 0 0 0 0 0 0 0 0 0 0 0 0 0 0 0 0 0 0 0 0 0 0]
[2322002490924173231137553158048357130764064667690669850060841285350483718776002194870704969470527135662942563472411462420102023334574595048020724183209734411256724486933258040849598 0 0 0 0 0 0 0 0 0 0 0 0 0 0 0 0 0 0 0 0 0 0 0 0 1 0 0 0 0 0 0 0 0 0 0 0 0 0 0 0 0 0 0 0 0 0 0 0 0 0 0 0 0 0 0 0 0 0 0]
[367112064034641459215264903400072395028958195602588239716296582836547135629638765246338928001791092926229485010888783472965714810336470437842971413749295397220854610321563304790230 0 0 0 0 0 0 0 0 0 0 0 0 0 0 0 0 0 0 0 0 0 0 0 0 0 1 0 0 0 0 0 0 0 0 0 0 0 0 0 0 0 0 0 0 0 0 0 0 0 0 0 0 0 0 0 0 0 0 0]
[3063422704465634200687917873728956837508018493921488324551625424174850132619909052786838452419613858188762534017392370871407771238491811246851654275809871595766582153420577992239203 0 0 0 0 0 0 0 0 0 0 0 0 0 0 0 0 0 0 0 0 0 0 0 0 0 0 1 0 0 0 0 0 0 0 0 0 0 0 0 0 0 0 0 0 0 0 0 0 0 0 0 0 0 0 0 0 0 0 0]
[2066980970861108767004367953785762250492692465387838473915955241655459252291373899723855372959632688647506116012145256551191514352602266132660734993525927523270526458143878400009745 0 0 0 0 0 0 0 0 0 0 0 0 0 0 0 0 0 0 0 0 0 0 0 0 0 0 0 1 0 0 0 0 0 0 0 0 0 0 0 0 0 0 0 0 0 0 0 0 0 0 0 0 0 0 0 0 0 0 0]
[3087126505925494067670664654811880622750244136774789100151541168008907906397471145610758948641530414824790774810344132294239456325049332978076292832190804877232885675246758265095783 0 0 0 0 0 0 0 0 0 0 0 0 0 0 0 0 0 0 0 0 0 0 0 0 0 0 0 0 1 0 0 0 0 0 0 0 0 0 0 0 0 0 0 0 0 0 0 0 0 0 0 0 0 0 0 0 0 0 0]
[975393311419024850349161069141282529737353882398866922650606880218971850768149451398035930515063944407323209111189716272031384993143927654523641493513379986701319858469816405974231 0 0 0 0 0 0 0 0 0 0 0 0 0 0 0 0 0 0 0 0 0 0 0 0 0 0 0 0 0 1 0 0 0 0 0 0 0 0 0 0 0 0 0 0 0 0 0 0 0 0 0 0 0 0 0 0 0 0 0]
[1564935066249289063841635124140462881445341952003847498110384560657407744792493664162744569987327719924357038403069021412586706240727698256556712573433525148673254092227512657742069 0 0 0 0 0 0 0 0 0 0 0 0 0 0 0 0 0 0 0 0 0 0 0 0 0 0 0 0 0 0 1 0 0 0 0 0 0 0 0 0 0 0 0 0 0 0 0 0 0 0 0 0 0 0 0 0 0 0 0]
[3233309086743422963627975033490732460990425785484670871474721418220719058897854017292732063564217451599080575136620450781490827050369284132070106740999692658494298621833635186039130 0 0 0 0 0 0 0 0 0 0 0 0 0 0 0 0 0 0 0 0 0 0 0 0 0 0 0 0 0 0 0 1 0 0 0 0 0 0 0 0 0 0 0 0 0 0 0 0 0 0 0 0 0 0 0 0 0 0 0]
[3394536046643393967518672943869381605938256641451171165321180443501429221755059909214805590326635847343925188738982477749281005147120202841339592939895002971426988347776864172531126 0 0 0 0 0 0 0 0 0 0 0 0 0 0 0 0 0 0 0 0 0 0 0 0 0 0 0 0 0 0 0 0 1 0 0 0 0 0 0 0 0 0 0 0 0 0 0 0 0 0 0 0 0 0 0 0 0 0 0]
[914332845217946382258241463416616284474622368622799631183689168504372119723860363599634567966769357083032483256667530275435381675653679341596440235797694665665616726508537069133385 0 0 0 0 0 0 0 0 0 0 0 0 0 0 0 0 0 0 0 0 0 0 0 0 0 0 0 0 0 0 0 0 0 1 0 0 0 0 0 0 0 0 0 0 0 0 0 0 0 0 0 0 0 0 0 0 0 0 0]
[2544776839207518631105947060973223579585297964954778681493693984187844275187933677835098634325018573474383301398296576543538858223325357487425378811061291691464015205514393582519784 0 0 0 0 0 0 0 0 0 0 0 0 0 0 0 0 0 0 0 0 0 0 0 0 0 0 0 0 0 0 0 0 0 0 1 0 0 0 0 0 0 0 0 0 0 0 0 0 0 0 0 0 0 0 0 0 0 0 0]
[3639775836751402328878674006835085018162730802051813333166173273239664039892070879334406786564374477861595657316736428999365090989146660796405833259713403031400419792866025060894037 0 0 0 0 0 0 0 0 0 0 0 0 0 0 0 0 0 0 0 0 0 0 0 0 0 0 0 0 0 0 0 0 0 0 0 1 0 0 0 0 0 0 0 0 0 0 0 0 0 0 0 0 0 0 0 0 0 0 0]
[2340528006238947818448801717144338334200599700535156710786900819838156490268468159967166675055885706967323616564773692068309362782262443352446392545793461972873653894751283957979282 0 0 0 0 0 0 0 0 0 0 0 0 0 0 0 0 0 0 0 0 0 0 0 0 0 0 0 0 0 0 0 0 0 0 0 0 1 0 0 0 0 0 0 0 0 0 0 0 0 0 0 0 0 0 0 0 0 0 0]
[1573157659508410770717613735222485506307869694465841430917153913246583757861799186228104015320658421341514299618961411841159421360681097372179424783173016174696280880560410095351851 0 0 0 0 0 0 0 0 0 0 0 0 0 0 0 0 0 0 0 0 0 0 0 0 0 0 0 0 0 0 0 0 0 0 0 0 0 1 0 0 0 0 0 0 0 0 0 0 0 0 0 0 0 0 0 0 0 0 0]
[2411896265963643756788238724135326252640650213857988470926806450102385535395226166218339702722411190218509117986874514677874287372461462012779799856587187654871040003037902641414236 0 0 0 0 0 0 0 0 0 0 0 0 0 0 0 0 0 0 0 0 0 0 0 0 0 0 0 0 0 0 0 0 0 0 0 0 0 0 1 0 0 0 0 0 0 0 0 0 0 0 0 0 0 0 0 0 0 0 0]
[429614398505978015961029631348141095377828024214812815446812550763012990233557040785496395682910935525844898454692872613817924468646189653714476329130621752745072712526231917590868 0 0 0 0 0 0 0 0 0 0 0 0 0 0 0 0 0 0 0 0 0 0 0 0 0 0 0 0 0 0 0 0 0 0 0 0 0 0 0 1 0 0 0 0 0 0 0 0 0 0 0 0 0 0 0 0 0 0 0]
[2778969087373266202395787690239457670223239362640806840924328906685448448153560618755400790037596754977246856006794284101111622656255355387566066987969689124582400375698840249791786 0 0 0 0 0 0 0 0 0 0 0 0 0 0 0 0 0 0 0 0 0 0 0 0 0 0 0 0 0 0 0 0 0 0 0 0 0 0 0 0 1 0 0 0 0 0 0 0 0 0 0 0 0 0 0 0 0 0 0]
[434726225387830876695897136669487957912827765211925462706369450526331987851607216278479194291081892884932959189906853306219083959301455375960812472816466816843149828447559962582842 0 0 0 0 0 0 0 0 0 0 0 0 0 0 0 0 0 0 0 0 0 0 0 0 0 0 0 0 0 0 0 0 0 0 0 0 0 0 0 0 0 1 0 0 0 0 0 0 0 0 0 0 0 0 0 0 0 0 0]
[1171130797176756951821327803594526143425498347889451695490948824860259344328078892827831248438086000093422154556753342239137804668039698180129641909536836734524365650381896255279200 0 0 0 0 0 0 0 0 0 0 0 0 0 0 0 0 0 0 0 0 0 0 0 0 0 0 0 0 0 0 0 0 0 0 0 0 0 0 0 0 0 0 1 0 0 0 0 0 0 0 0 0 0 0 0 0 0 0 0]
[1696112613396458063308544567533769248015714476910527175729056417632524776893349021532686580466940232870590285197792518715035453459540006923960155177332423610667192531162597033057347 0 0 0 0 0 0 0 0 0 0 0 0 0 0 0 0 0 0 0 0 0 0 0 0 0 0 0 0 0 0 0 0 0 0 0 0 0 0 0 0 0 0 0 1 0 0 0 0 0 0 0 0 0 0 0 0 0 0 0]
[926535034557680013840682432650649025884572136451900108160183293134134331165571808627932706737031172101400133167169916879938990661865928825100812809719634318363436361797815849127634 0 0 0 0 0 0 0 0 0 0 0 0 0 0 0 0 0 0 0 0 0 0 0 0 0 0 0 0 0 0 0 0 0 0 0 0 0 0 0 0 0 0 0 0 1 0 0 0 0 0 0 0 0 0 0 0 0 0 0]
[747925465726229793595504965347385352043258471396819267449606733927093435890379902440050774877211004615223655041510384228919148998697010862069630710038918632981514078457363736419204 0 0 0 0 0 0 0 0 0 0 0 0 0 0 0 0 0 0 0 0 0 0 0 0 0 0 0 0 0 0 0 0 0 0 0 0 0 0 0 0 0 0 0 0 0 1 0 0 0 0 0 0 0 0 0 0 0 0 0]
[1148642265293734544855932210746491499184311268472403225021548813924024119610672056545996283804672677013732403111728488690952625612690167363644029039097226692623850847908846858254694 0 0 0 0 0 0 0 0 0 0 0 0 0 0 0 0 0 0 0 0 0 0 0 0 0 0 0 0 0 0 0 0 0 0 0 0 0 0 0 0 0 0 0 0 0 0 1 0 0 0 0 0 0 0 0 0 0 0 0]
[259061599682329332134760279967265755565130600393994932073432592965986293502959442483358342585271840052540272554479792346414462821075308138448025929085767301303641804284953074060404 0 0 0 0 0 0 0 0 0 0 0 0 0 0 0 0 0 0 0 0 0 0 0 0 0 0 0 0 0 0 0 0 0 0 0 0 0 0 0 0 0 0 0 0 0 0 0 1 0 0 0 0 0 0 0 0 0 0 0]
[695065680061752604638270996591084251141871769220322908827480609821403352051915116787010702739427963926272088957330732963502168553032346946542909426396085184192091871752574612300875 0 0 0 0 0 0 0 0 0 0 0 0 0 0 0 0 0 0 0 0 0 0 0 0 0 0 0 0 0 0 0 0 0 0 0 0 0 0 0 0 0 0 0 0 0 0 0 0 1 0 0 0 0 0 0 0 0 0 0]
[916560234182375591041961180204155181056309575360088003653487768258361255530441839573882531072906002013137264390212064669606966625379114183988604217448653525264521809598881726644314 0 0 0 0 0 0 0 0 0 0 0 0 0 0 0 0 0 0 0 0 0 0 0 0 0 0 0 0 0 0 0 0 0 0 0 0 0 0 0 0 0 0 0 0 0 0 0 0 0 1 0 0 0 0 0 0 0 0 0]
[3534240873461066171150934373478295868377704512274136228061956517509494678521508111085040423827054763192160900507793232660010417919035358284190374672754766690681704533174753565651520 0 0 0 0 0 0 0 0 0 0 0 0 0 0 0 0 0 0 0 0 0 0 0 0 0 0 0 0 0 0 0 0 0 0 0 0 0 0 0 0 0 0 0 0 0 0 0 0 0 0 1 0 0 0 0 0 0 0 0]
[1179204562516957542437587697923331598974603695914057896599203273378563610309148536930473704475309731019433951551803658493502302167521721566937055737762923812587179063695486822119168 0 0 0 0 0 0 0 0 0 0 0 0 0 0 0 0 0 0 0 0 0 0 0 0 0 0 0 0 0 0 0 0 0 0 0 0 0 0 0 0 0 0 0 0 0 0 0 0 0 0 0 1 0 0 0 0 0 0 0]
[2752598198599722033880658927988634480653284538262267526283665123482120366392741681902088683614312299689948593893071083467100478581373394574911279293723396474966780781493104775799723 0 0 0 0 0 0 0 0 0 0 0 0 0 0 0 0 0 0 0 0 0 0 0 0 0 0 0 0 0 0 0 0 0 0 0 0 0 0 0 0 0 0 0 0 0 0 0 0 0 0 0 0 1 0 0 0 0 0 0]
[665560028875614264983860138429857056903816023192577066023243115556582270542901686458143194809692572149541627550426047523557078382218942813253449952108599707208678534212364787332705 0 0 0 0 0 0 0 0 0 0 0 0 0 0 0 0 0 0 0 0 0 0 0 0 0 0 0 0 0 0 0 0 0 0 0 0 0 0 0 0 0 0 0 0 0 0 0 0 0 0 0 0 0 1 0 0 0 0 0]
[2976974604323212936984943326499913685659473477620509592845739505997905062300842785486427237501744363075952741327186171239497898252480297780987212970952581675596902436438713166889949 0 0 0 0 0 0 0 0 0 0 0 0 0 0 0 0 0 0 0 0 0 0 0 0 0 0 0 0 0 0 0 0 0 0 0 0 0 0 0 0 0 0 0 0 0 0 0 0 0 0 0 0 0 0 1 0 0 0 0]
[2634754886727258067700840700526428063939382268414049388323272192868542505537051502155469407984151035321155289966754225349045325905507907964859375653846043529816547595348571031165344 0 0 0 0 0 0 0 0 0 0 0 0 0 0 0 0 0 0 0 0 0 0 0 0 0 0 0 0 0 0 0 0 0 0 0 0 0 0 0 0 0 0 0 0 0 0 0 0 0 0 0 0 0 0 0 1 0 0 0]
[3002052481164693698614287384411696044622526775043546223026167025751871880295292401945961470531144026990929444280075846428446499665099521772384447498654210405042062037813126983074443 0 0 0 0 0 0 0 0 0 0 0 0 0 0 0 0 0 0 0 0 0 0 0 0 0 0 0 0 0 0 0 0 0 0 0 0 0 0 0 0 0 0 0 0 0 0 0 0 0 0 0 0 0 0 0 0 1 0 0]
[3426258686704408141093386067165001335326245241346036624258950387186449620098072436524683316071051796974632995526367275000534023158661785394773567391763540066269152239064349314834061 0 0 0 0 0 0 0 0 0 0 0 0 0 0 0 0 0 0 0 0 0 0 0 0 0 0 0 0 0 0 0 0 0 0 0 0 0 0 0 0 0 0 0 0 0 0 0 0 0 0 0 0 0 0 0 0 0 1 0]
[2319365867255642658170587002199991109168229965651535235006183112750441977406460077016979176436915853703546802569909385230013209844283496922339958062973121067582685902727358277636135 0 0 0 0 0 0 0 0 0 0 0 0 0 0 0 0 0 0 0 0 0 0 0 0 0 0 0 0 0 0 0 0 0 0 0 0 0 0 0 0 0 0 0 0 0 0 0 0 0 0 0 0 0 0 0 0 0 0 1]
]
60 61 2
[1 1 1 1 1 1 1 1 1 1 1 1 1 1 1 1 1 1 1 1 1 1 1 1 1 1 1 1 1 1 1 1 1 1 1 1 1 1 1 1 1 1 1 1 1 1 1 1 1 1 1 1 1 1 1 1 1 1 1 1 1]
