[[3190427547013145660326358317805802100818574016950346577466236443131681005684703261961429798169281655445163131642317575960652993523502777476201229670203946871651084341121146777732659 0 0 0 0 0 0 0 0 0 0 0 0 0 0 0 0 0 0 0 0 0 0 0 0 0 0 0 0 0 0 0 0 0 0 0 0 0 0 0 0 0 0 0 0 0 0 0 0 0 0 0 0 0 0 0 0 0 0 0]
[3049492242637538611677870465256443688168701901977171307342232136648470265405997882559547478541609129929581030973784479949394393854893895066678738159935564142870924932807706028129185 1 0 0 0 0 0 0 0 0 0 0 0 0 0 0 0 0 0 0 0 0 0 0 0 0 0 0 0 0 0 0 0 0 0 0 0 0 0 0 0 0 0 0 0 0 0 0 0 0 0 0 0 0 0 0 0 0 0 0]
[2662105337737143183956568342124192521380397853979970817803082671820519949901152355938993582180275156792689769647446636764487226756052285921625987549203539236858631035452945963904265 0 1 0 0 0 0 0 0 0 0 0 0 0 0 0 0 0 0 0 0 0 0 0 0 0 0 0 0 0 0 0 0 0 0 0 0 0 0 0 0 0 0 0 0 0 0 0 0 0 0 0 0 0 0 0 0 0 0 0]
[817164645231182699425732095124990642406282495109476355576244347903201187856179607303134265139459717320954438955754086978477709348691404073128969312605376342115444401760269948839120 0 0 1 0 0 0 0 0 0 0 0 0 0 0 0 0 0 0 0 0 0 0 0 0 0 0 0 0 0 0 0 0 0 0 0 0 0 0 0 0 0 0 0 0 0 0 0 0 0 0 0 0 0 0 0 0 0 0 0]
[2377299688916163245039631653205941714778344570118254807373571988272158511991736507558766291661501691221688175215509552610060297781738688801940177905984578820079962080534533035652688 0 0 0 1 0 0 0 0 0 0 0 0 0 0 0 0 0 0 0 0 0 0 0 0 0 0 0 0 0 0 0 0 0 0 0 0 0 0 0 0 0 0 0 0 0 0 0 0 0 0 0 0 0 0 0 0 0 0 0]
[56183257235706504258732494024598505506868093214957425607732594431468953203204308475495527114261170507032610102267587816603777160240664430219036764657040122087447721002217327128192 0 0 0 0 1 0 0 0 0 0 0 0 0 0 0 0 0 0 0 0 0 0 0 0 0 0 0 0 0 0 0 0 0 0 0 0 0 0 0 0 0 0 0 0 0 0 0 0 0 0 0 0 0 0 0 0 0 0 0]
[1382379827195470810502864096340582793681150942338078432782731839678853084271159739207001062002759543769158314933913070358098050786666495497021451891486142914215363096589135989753615 0 0 0 0 0 1 0 0 0 0 0 0 0 0 0 0 0 0 0 0 0 0 0 0 0 0 0 0 0 0 0 0 0 0 0 0 0 0 0 0 0 0 0 0 0 0 0 0 0 0 0 0 0 0 0 0 0 0 0]
[45953380066127955321130522187491331212431662873139073841537539658750999286556497740801327146806966150429378340545024331895171471347219815214441418415086793994757671784350249339410 0 0 0 0 0 0 1 0 0 0 0 0 0 0 0 0 0 0 0 0 0 0 0 0 0 0 0 0 0 0 0 0 0 0 0 0 0 0 0 0 0 0 0 0 0 0 0 0 0 0 0 0 0 0 0 0 0 0 0]
[2352164308557833433860015342018782275283082491590891375539590679524769756418586608974668681364750920991114331768337247230793724332833612365876584197838608326923579886118789397149939 0 0 0 0 0 0 0 1 0 0 0 0 0 0 0 0 0 0 0 0 0 0 0 0 0 0 0 0 0 0 0 0 0 0 0 0 0 0 0 0 0 0 0 0 0 0 0 0 0 0 0 0 0 0 0 0 0 0 0]
[461463842923510238945564557656791115368195061071965798961583279125002774408085133015443945764169038744720987332951668903047694606381973529162379591251214064747069950822001690346929 0 0 0 0 0 0 0 0 1 0 0 0 0 0 0 0 0 0 0 0 0 0 0 0 0 0 0 0 0 0 0 0 0 0 0 0 0 0 0 0 0 0 0 0 0 0 0 0 0 0 0 0 0 0 0 0 0 0 0]
[2131363355641076638777866052187767704803464188995056814111510345345328317888527434489382571798577604998058696954114597584037398705444797109060522870830548541736820214049584371355216 0 0 0 0 0 0 0 0 0 1 0 0 0 0 0 0 0 0 0 0 0 0 0 0 0 0 0 0 0 0 0 0 0 0 0 0 0 0 0 0 0 0 0 0 0 0 0 0 0 0 0 0 0 0 0 0 0 0 0]
[1696224366685505911295024405950275328006289880948415405316023556597594024830474834870167349014308296114002927749631426083149006517471111947534570363298596790282922134393023013941304 0 0 0 0 0 0 0 0 0 0 1 0 0 0 0 0 0 0 0 0 0 0 0 0 0 0 0 0 0 0 0 0 0 0 0 0 0 0 0 0 0 0 0 0 0 0 0 0 0 0 0 0 0 0 0 0 0 0 0]
[1864560434874900271525824250494591032482477100053563220204220758317776861741717819845521963202572957826678789643452838471835948349707526564489137079565281626739480622642105950877768 0 0 0 0 0 0 0 0 0 0 0 1 0 0 0 0 0 0 0 0 0 0 0 0 0 0 0 0 0 0 0 0 0 0 0 0 0 0 0 0 0 0 0 0 0 0 0 0 0 0 0 0 0 0 0 0 0 0 0]
[1877357442983305676769719358415352943823571750667244877764916015290468859021533639600429548058354341143573164705301911472434935920069927132173543244208430151331991337920144921919900 0 0 0 0 0 0 0 0 0 0 0 0 1 0 0 0 0 0 0 0 0 0 0 0 0 0 0 0 0 0 0 0 0 0 0 0 0 0 0 0 0 0 0 0 0 0 0 0 0 0 0 0 0 0 0 0 0 0 0]
[2165868861103059656996809686510129557615383195525767337942164382980226298230863755818252823878408033736408274570334728359640955477428281045816286108093154482571317456877127442403087 0 0 0 0 0 0 0 0 0 0 0 0 0 1 0 0 0 0 0 0 0 0 0 0 0 0 0 0 0 0 0 0 0 0 0 0 0 0 0 0 0 0 0 0 0 0 0 0 0 0 0 0 0 0 0 0 0 0 0]
[153214862044811538187427949272538119713709324832764004703435385671917390980102576077479197555727743982452513824007192072843635980329951793258391497656397606300350092550871769194082 0 0 0 0 0 0 0 0 0 0 0 0 0 0 1 0 0 0 0 0 0 0 0 0 0 0 0 0 0 0 0 0 0 0 0 0 0 0 0 0 0 0 0 0 0 0 0 0 0 0 0 0 0 0 0 0 0 0 0]
[1702786977836945953963220656579579606623165679135222808017900184602943142717814047453026225082789249250015719116847142870643035629520931619853728122635553057151783937048966645213398 0 0 0 0 0 0 0 0 0 0 0 0 0 0 0 1 0 0 0 0 0 0 0 0 0 0 0 0 0 0 0 0 0 0 0 0 0 0 0 0 0 0 0 0 0 0 0 0 0 0 0 0 0 0 0 0 0 0 0]
[1118355732795974280751633159647039168955787162221857698773048521018209664261480568166206141182227217223451678210271889577520112982296738870728527708080435487651915490011915757067042 0 0 0 0 0 0 0 0 0 0 0 0 0 0 0 0 1 0 0 0 0 0 0 0 0 0 0 0 0 0 0 0 0 0 0 0 0 0 0 0 0 0 0 0 0 0 0 0 0 0 0 0 0 0 0 0 0 0 0]
[2203937288061579380764599013920350555685955164452257132641566414519274055988392858704121334872656617341322234608282447408905278198119827647832343185817994814562152647674431640165926 0 0 0 0 0 0 0 0 0 0 0 0 0 0 0 0 0 1 0 0 0 0 0 0 0 0 0 0 0 0 0 0 0 0 0 0 0 0 0 0 0 0 0 0 0 0 0 0 0 0 0 0 0 0 0 0 0 0 0]
[1627416633223979716477489548819916086884649847710380824800254010594910157918376376853653476991202090277656984736160715305059485249380250879764262839152024720955024753520200597112788 0 0 0 0 0 0 0 0 0 0 0 0 0 0 0 0 0 0 1 0 0 0 0 0 0 0 0 0 0 0 0 0 0 0 0 0 0 0 0 0 0 0 0 0 0 0 0 0 0 0 0 0 0 0 0 0 0 0 0]
[3082523016625305072404049748981633680785730882311706198124486781550060453493479692178080839235784290272629135200021475402339703303914333227823192023857950572110630335830425824936815 0 0 0 0 0 0 0 0 0 0 0 0 0 0 0 0 0 0 0 1 0 0 0 0 0 0 0 0 0 0 0 0 0 0 0 0 0 0 0 0 0 0 0 0 0 0 0 0 0 0 0 0 0 0 0 0 0 0 0]
[3157250659705559849691521374900532547126946213426981009437232071319916687199897882058564453193682512686853416526856691318621549098984422621327828228226930194723340740782613907826002 0 0 0 0 0 0 0 0 0 0 0 0 0 0 0 0 0 0 0 0 1 0 0 0 0 0 0 0 0 0 0 0 0 0 0 0 0 0 0 0 0 0 0 0 0 0 0 0 0 0 0 0 0 0 0 0 0 0 0]
[1886537810553312098497192925679518948310355715812145763207358435784096491773722242263913186199754661892717513365552090859611616969930155369384316325299847983028339581510219613982109 0 0 0 0 0 0 0 0 0 0 0 0 0 0 0 0 0 0 0 0 0 1 0 0 0 0 0 0 0 0 0 0 0 0 0 0 0 0 0 0 0 0 0 0 0 0 0 0 0 0 0 0 0 0 0 0 0 0 0]
[2452263004946827531347209501643784228051934257421515045908921003988862499954122642755390118071940486210093016405316284661074759736860863390815195490495465184949134998893159545163064 0 0 0 0 0 0 0 0 0 0 0 0 0 0 0 0 0 0 0 0 0 0 1 0 0 0 0 0 0 0 0 0 0 0 0 0 0 0 0 0 0 0 0 0 0 0 0 0 0 0 0 0 0 0 0 0 0 0 0]
[1115670429452623833409090638813523131909525336900004138265000166028541160996583903462558690721250042068890864988170344632850918309981203513711161850840102817187401684038689735649544 0 0 0 0 0 0 0 0 0 0 0 0 0 0 0 0 0 0 0 0 0 0 0 1 0 0 0 0 0 0 0 0 0 0 0 0 0 0 0 0 0 0 0 0 0 0 0 0 0 0 0 0 0 0 0 0 0 0 0]
[1172915057724081212864153440001937169083223832037039716174128960400591732201995312503445768798753148199269477451567906025715068769504348205170928385801050671770342364959187558228401 0 0 0 0 0 0 0 0 0 0 0 0 0 0 0 0 0 0 0 0 0 0 0 0 1 0 0 0 0 0 0 0 0 0 0 0 0 0 0 0 0 0 0 0 0 0 0 0 0 0 0 0 0 0 0 0 0 0 0]
[2092256083488862199639455357475059663329294483036198915975697438642287956007051581579002806036735888027840389885933091186096846540278040622409718061616669965068563206135089865413371 0 0 0 0 0 0 0 0 0 0 0 0 0 0 0 0 0 0 0 0 0 0 0 0 0 1 0 0 0 0 0 0 0 0 0 0 0 0 0 0 0 0 0 0 0 0 0 0 0 0 0 0 0 0 0 0 0 0 0]
[1800283158324010658721105299307928319898967137592215997946716392366461231179684262535974441003257501860066818911102798117040010039721537967711117592594911520350369194912573674610418 0 0 0 0 0 0 0 0 0 0 0 0 0 0 0 0 0 0 0 0 0 0 0 0 0 0 1 0 0 0 0 0 0 0 0 0 0 0 0 0 0 0 0 0 0 0 0 0 0 0 0 0 0 0 0 0 0 0 0]
[1548131915823659622849022918370781361301475959012301884244492042668999765930038895883725122499283797611477808197726991487597314306138542308789791308024275993079057979173313224062424 0 0 0 0 0 0 0 0 0 0 0 0 0 0 0 0 0 0 0 0 0 0 0 0 0 0 0 1 0 0 0 0 0 0 0 0 0 0 0 0 0 0 0 0 0 0 0 0 0 0 0 0 0 0 0 0 0 0 0]
[1289411209748013403136228648118424552065497169004706655641330619376331140851132254127532552314811480984156813041779346529006095741205974995158806201810118391587413390439137026754378 0 0 0 0 0 0 0 0 0 0 0 0 0 0 0 0 0 0 0 0 0 0 0 0 0 0 0 0 1 0 0 0 0 0 0 0 0 0 0 0 0 0 0 0 0 0 0 0 0 0 0 0 0 0 0 0 0 0 0]
[1706154566368462239918071499593842452689802961177245416807967910121822451571457684188762070697385056522674951295631048742308330921225667717487142890267359133904452645124874088564917 0 0 0 0 0 0 0 0 0 0 0 0 0 0 0 0 0 0 0 0 0 0 0 0 0 0 0 0 0 1 0 0 0 0 0 0 0 0 0 0 0 0 0 0 0 0 0 0 0 0 0 0 0 0 0 0 0 0 0]
[728600593796234500755242135403483391248737327544537108164109369871863193217390006793317498937004517951541047792042042055451828894457015969995543445760917136406247211560606675398155 0 0 0 0 0 0 0 0 0 0 0 0 0 0 0 0 0 0 0 0 0 0 0 0 0 0 0 0 0 0 1 0 0 0 0 0 0 0 0 0 0 0 0 0 0 0 0 0 0 0 0 0 0 0 0 0 0 0 0]
[1777115669445960468477676665388415002721650079421378904363991053783187770825476895270572297135981960946217497832484536615324593490502618870405170506958103037736177627778904181564352 0 0 0 0 0 0 0 0 0 0 0 0 0 0 0 0 0 0 0 0 0 0 0 0 0 0 0 0 0 0 0 1 0 0 0 0 0 0 0 0 0 0 0 0 0 0 0 0 0 0 0 0 0 0 0 0 0 0 0]
[967652876387076677348015617938286201445112382388993115624866995726464445824311573651143833750016747326289426719596358432090504535110256768790146284001694617908127774868824072698829 0 0 0 0 0 0 0 0 0 0 0 0 0 0 0 0 0 0 0 0 0 0 0 0 0 0 0 0 0 0 0 0 1 0 0 0 0 0 0 0 0 0 0 0 0 0 0 0 0 0 0 0 0 0 0 0 0 0 0]
[3182053151584358983855633300154490866362627299773829238668500709093656059555725674156743576138097170578495688191344799313067925582405673815362736527779820086126425574108417434851372 0 0 0 0 0 0 0 0 0 0 0 0 0 0 0 0 0 0 0 0 0 0 0 0 0 0 0 0 0 0 0 0 0 1 0 0 0 0 0 0 0 0 0 0 0 0 0 0 0 0 0 0 0 0 0 0 0 0 0]
[2818178718663977019789889429304479270531518175352490567320056011728753514175955755733219097960271672672794035593719705495369916901814470723972789841866534035359235682410676280766410 0 0 0 0 0 0 0 0 0 0 0 0 0 0 0 0 0 0 0 0 0 0 0 0 0 0 0 0 0 0 0 0 0 0 1 0 0 0 0 0 0 0 0 0 0 0 0 0 0 0 0 0 0 0 0 0 0 0 0]
[872571219932641649558304135622888384646527916773362962856063438990560457432115450879944786421970360660386689293289488812307754064310859112836635611709844017989458582388856028222227 0 0 0 0 0 0 0 0 0 0 0 0 0 0 0 0 0 0 0 0 0 0 0 0 0 0 0 0 0 0 0 0 0 0 0 1 0 0 0 0 0 0 0 0 0 0 0 0 0 0 0 0 0 0 0 0 0 0 0]
[1103599616175554792280135437636291576838527716693502920517708706338095890387639950890455498388751942435994987193532447155617095194597515489683609890861341998570833737305161858657749 0 0 0 0 0 0 0 0 0 0 0 0 0 0 0 0 0 0 0 0 0 0 0 0 0 0 0 0 0 0 0 0 0 0 0 0 1 0 0 0 0 0 0 0 0 0 0 0 0 0 0 0 0 0 0 0 0 0 0]
[1324317057811560457478675477026175441639901703262213537968655027492565682977624259096613509816947401758633281436221218169085975104981467424065334798333819318730539176387693561053308 0 0 0 0 0 0 0 0 0 0 0 0 0 0 0 0 0 0 0 0 0 0 0 0 0 0 0 0 0 0 0 0 0 0 0 0 0 1 0 0 0 0 0 0 0 0 0 0 0 0 0 0 0 0 0 0 0 0 0]
[402730784590791036637690875907313878976665966617872354650850885566195936484410071876570890713423076821303940901780848148354809248921679106755539576162268026528961295530485632706656 0 0 0 0 0 0 0 0 0 0 0 0 0 0 0 0 0 0 0 0 0 0 0 0 0 0 0 0 0 0 0 0 0 0 0 0 0 0 1 0 0 0 0 0 0 0 0 0 0 0 0 0 0 0 0 0 0 0 0]
[2987563882283793305798007140116396338082332839317146513057478092950448682954309286535666171563255639334244316867847200185795943851955688459754282561495610157781195427611749349501126 0 0 0 0 0 0 0 0 0 0 0 0 0 0 0 0 0 0 0 0 0 0 0 0 0 0 0 0 0 0 0 0 0 0 0 0 0 0 0 1 0 0 0 0 0 0 0 0 0 0 0 0 0 0 0 0 0 0 0]
[612584724410365275884952387913491405166731733668613258448493185072260538939122491237408882923687027813374745571791187720623847246071847821393995040533041359704011879696410540418293 0 0 0 0 0 0 0 0 0 0 0 0 0 0 0 0 0 0 0 0 0 0 0 0 0 0 0 0 0 0 0 0 0 0 0 0 0 0 0 0 1 0 0 0 0 0 0 0 0 0 0 0 0 0 0 0 0 0 0]
[1132912066699810560132402352297668645670183554958355926309543729108366925878969517425242770366055887829824382825046305056442012568933116520899515144561938094417840410013774235739797 0 0 0 0 0 0 0 0 0 0 0 0 0 0 0 0 0 0 0 0 0 0 0 0 0 0 0 0 0 0 0 0 0 0 0 0 0 0 0 0 0 1 0 0 0 0 0 0 0 0 0 0 0 0 0 0 0 0 0]
[2587736904572075193619797854932136916793279947871399442797509611849265414269877577170185755926354495729629182338461445685099810590813399585522085459091511567086407752568721524746220 0 0 0 0 0 0 0 0 0 0 0 0 0 0 0 0 0 0 0 0 0 0 0 0 0 0 0 0 0 0 0 0 0 0 0 0 0 0 0 0 0 0 1 0 0 0 0 0 0 0 0 0 0 0 0 0 0 0 0]
[2107738422619134954214942600988519988317261034142296699810099032765465745441995471618476005000181539128118042623356777412387475565487431322110679524848448936824547650542419941771217 0 0 0 0 0 0 0 0 0 0 0 0 0 0 0 0 0 0 0 0 0 0 0 0 0 0 0 0 0 0 0 0 0 0 0 0 0 0 0 0 0 0 0 1 0 0 0 0 0 0 0 0 0 0 0 0 0 0 0]
[578345125899180234479269331138607103092542822307560392821258534308247358337260848791696886441795188533431207236265071020212437488529908083868672831747390020918525760115383656201899 0 0 0 0 0 0 0 0 0 0 0 0 0 0 0 0 0 0 0 0 0 0 0 0 0 0 0 0 0 0 0 0 0 0 0 0 0 0 0 0 0 0 0 0 1 0 0 0 0 0 0 0 0 0 0 0 0 0 0]
[954898116768019745301766734377071384777817491845971906815909131871421054075217840334350824710999201295331403004867399195845267724701989693428590876394480502078275206698239978793732 0 0 0 0 0 0 0 0 0 0 0 0 0 0 0 0 0 0 0 0 0 0 0 0 0 0 0 0 0 0 0 0 0 0 0 0 0 0 0 0 0 0 0 0 0 1 0 0 0 0 0 0 0 0 0 0 0 0 0]
[1540856953498680673172389095262926697911276736187119529642944440255194764102354576693183168997442332459112487813257033119887461734756338603213109881267463393628246627482639864130178 0 0 0 0 0 0 0 0 0 0 0 0 0 0 0 0 0 0 0 0 0 0 0 0 0 0 0 0 0 0 0 0 0 0 0 0 0 0 0 0 0 0 0 0 0 0 1 0 0 0 0 0 0 0 0 0 0 0 0]
[1864203812456283062146884093636830451783582137955200077356075789098985777956050634206476440970948971744039441658239147948596120533468952510777496456014854071713671489057737859743946 0 0 0 0 0 0 0 0 0 0 0 0 0 0 0 0 0 0 0 0 0 0 0 0 0 0 0 0 0 0 0 0 0 0 0 0 0 0 0 0 0 0 0 0 0 0 0 1 0 0 0 0 0 0 0 0 0 0 0]
[3128199093415403568721206856450150581428926316693680615986491613933549075768417393373601733599656333987418891231347429147741742618762131918041913286141843061234811956639744259322944 0 0 0 0 0 0 0 0 0 0 0 0 0 0 0 0 0 0 0 0 0 0 0 0 0 0 0 0 0 0 0 0 0 0 0 0 0 0 0 0 0 0 0 0 0 0 0 0 1 0 0 0 0 0 0 0 0 0 0]
[1851960419146990421958879877971423887818436556453967418587627251920189167063668160182020684237176392059798689833527771183028134882297004256721626894647419023317599147123415193762143 0 0 0 0 0 0 0 0 0 0 0 0 0 0 0 0 0 0 0 0 0 0 0 0 0 0 0 0 0 0 0 0 0 0 0 0 0 0 0 0 0 0 0 0 0 0 0 0 0 1 0 0 0 0 0 0 0 0 0]
[1464691924890253858741797755836907715215645954070623874241396978123059456217448411977272979229113188513909996224277109663970234630716275079052068136510653656656600433625640494475149 0 0 0 0 0 0 0 0 0 0 0 0 0 0 0 0 0 0 0 0 0 0 0 0 0 0 0 0 0 0 0 0 0 0 0 0 0 0 0 0 0 0 0 0 0 0 0 0 0 0 1 0 0 0 0 0 0 0 0]
[2122093045629750506915845619146990550211994712765156137576434892736567789249260517148188347547643201655996777890013162022125160639361929501373737957816674037163761673758527513404309 0 0 0 0 0 0 0 0 0 0 0 0 0 0 0 0 0 0 0 0 0 0 0 0 0 0 0 0 0 0 0 0 0 0 0 0 0 0 0 0 0 0 0 0 0 0 0 0 0 0 0 1 0 0 0 0 0 0 0]
[2783487163282203102260893057191848070779254699527208365564105216693202280928547230837695466626535744358726762374595347773249699707473014128951493100354428324620709816579212995944376 0 0 0 0 0 0 0 0 0 0 0 0 0 0 0 0 0 0 0 0 0 0 0 0 0 0 0 0 0 0 0 0 0 0 0 0 0 0 0 0 0 0 0 0 0 0 0 0 0 0 0 0 1 0 0 0 0 0 0]
[2494579616942451159358751337448952057341233409208738389704419493222376480025909607084561394574586644958287542779429114417731517404224011741502566745079167210490614621032404969065933 0 0 0 0 0 0 0 0 0 0 0 0 0 0 0 0 0 0 0 0 0 0 0 0 0 0 0 0 0 0 0 0 0 0 0 0 0 0 0 0 0 0 0 0 0 0 0 0 0 0 0 0 0 1 0 0 0 0 0]
[1546485312196665945768678904756016193159466532718224318350259147219376078126511212158114832441177074425994563514553609100353360937867321384484161243385954447853643385607277652593812 0 0 0 0 0 0 0 0 0 0 0 0 0 0 0 0 0 0 0 0 0 0 0 0 0 0 0 0 0 0 0 0 0 0 0 0 0 0 0 0 0 0 0 0 0 0 0 0 0 0 0 0 0 0 1 0 0 0 0]
[293827739230684560762839113035844674625196438375007872373461210236550522599816527252464642828552188580727074678607019111309271404927917494649967598514441473499861456965500889418100 0 0 0 0 0 0 0 0 0 0 0 0 0 0 0 0 0 0 0 0 0 0 0 0 0 0 0 0 0 0 0 0 0 0 0 0 0 0 0 0 0 0 0 0 0 0 0 0 0 0 0 0 0 0 0 1 0 0 0]
[3079437744131881277428409636707451467257458625517802874311037677970931989436524601266111369157432434530542211449019821633173635052278156271485179155228307640065330211003342623761131 0 0 0 0 0 0 0 0 0 0 0 0 0 0 0 0 0 0 0 0 0 0 0 0 0 0 0 0 0 0 0 0 0 0 0 0 0 0 0 0 0 0 0 0 0 0 0 0 0 0 0 0 0 0 0 0 1 0 0]
[353915803469845914762524824249291749100223003132415641795790061385893881463626584765821022088524440173718948378764647224771288088956189516698404241806387151446806996060921450191912 0 0 0 0 0 0 0 0 0 0 0 0 0 0 0 0 0 0 0 0 0 0 0 0 0 0 0 0 0 0 0 0 0 0 0 0 0 0 0 0 0 0 0 0 0 0 0 0 0 0 0 0 0 0 0 0 0 1 0]
[1816666463667299897303399213954020856924483779219139227612149423755114026248182336016447115024981509038795835513884776668764554462099831576693016576233186344931425390455075610434673 0 0 0 0 0 0 0 0 0 0 0 0 0 0 0 0 0 0 0 0 0 0 0 0 0 0 0 0 0 0 0 0 0 0 0 0 0 0 0 0 0 0 0 0 0 0 0 0 0 0 0 0 0 0 0 0 0 0 1]
]
60 61 4
[1 1 1 1 1 1 1 1 1 1 1 1 1 1 1 1 1 1 1 1 1 1 1 1 1 1 1 1 1 1 1 1 1 1 1 1 1 1 1 1 1 1 1 1 1 1 1 1 1 1 1 1 1 1 1 1 1 1 1 1 1]
