[[2153893166358163036038267539348685460739376503081654987131099155304350208657758626696772120548550261888421985363019177965900655964780884605174298793755212696846339353273502892216347 0 0 0 0 0 0 0 0 0 0 0 0 0 0 0 0 0 0 0 0 0 0 0 0 0 0 0 0 0 0 0 0 0 0 0 0 0 0 0 0 0 0 0 0 0 0 0 0 0 0 0 0 0 0 0 0 0 0 0]
[497822991598801309501406011260155148127463666921621273204220627669304311447403784402206681908736145647707143192148289607373767735338866470023471635292339108148996121611038249797587 1 0 0 0 0 0 0 0 0 0 0 0 0 0 0 0 0 0 0 0 0 0 0 0 0 0 0 0 0 0 0 0 0 0 0 0 0 0 0 0 0 0 0 0 0 0 0 0 0 0 0 0 0 0 0 0 0 0 0]
[1458546067461673156344086171873299282176608305011927624143763459145409876027021606260948005063149326367800071922454622185510501351472118937069082382131031927840083550850615832807835 0 1 0 0 0 0 0 0 0 0 0 0 0 0 0 0 0 0 0 0 0 0 0 0 0 0 0 0 0 0 0 0 0 0 0 0 0 0 0 0 0 0 0 0 0 0 0 0 0 0 0 0 0 0 0 0 0 0 0]
[1580866691496597149291659556534739068720729943665162227429180878332183217424237677413572059065866279847639948400171482284005181562649354882881939191218077411368611941030623741638349 0 0 1 0 0 0 0 0 0 0 0 0 0 0 0 0 0 0 0 0 0 0 0 0 0 0 0 0 0 0 0 0 0 0 0 0 0 0 0 0 0 0 0 0 0 0 0 0 0 0 0 0 0 0 0 0 0 0 0]
[563300722045161252405324755785360500983435815659645834841667630942807059485500727467330271420004990156040470044839423906879517171128082898304846949094515944743565292533307969039966 0 0 0 1 0 0 0 0 0 0 0 0 0 0 0 0 0 0 0 0 0 0 0 0 0 0 0 0 0 0 0 0 0 0 0 0 0 0 0 0 0 0 0 0 0 0 0 0 0 0 0 0 0 0 0 0 0 0 0]
[898553074959597015008785584951010881751684946183307018906707452841951577995020134206652737404086841295058281174727309421535579390651651254579324131360108837153185705959693913874583 0 0 0 0 1 0 0 0 0 0 0 0 0 0 0 0 0 0 0 0 0 0 0 0 0 0 0 0 0 0 0 0 0 0 0 0 0 0 0 0 0 0 0 0 0 0 0 0 0 0 0 0 0 0 0 0 0 0 0]
[1049497640396679965974124920742647807543743206775872225043970238163907712686770778140598884613769079380625406502735198435402935073817943262552141998189566120870612312403225545847541 0 0 0 0 0 1 0 0 0 0 0 0 0 0 0 0 0 0 0 0 0 0 0 0 0 0 0 0 0 0 0 0 0 0 0 0 0 0 0 0 0 0 0 0 0 0 0 0 0 0 0 0 0 0 0 0 0 0 0]
[162444001484344951208111120524286969990666450587261035256166851776724499328228111852349614152536846233218803672811879714976044388489765939349305396332642435673492401176465195626306 0 0 0 0 0 0 1 0 0 0 0 0 0 0 0 0 0 0 0 0 0 0 0 0 0 0 0 0 0 0 0 0 0 0 0 0 0 0 0 0 0 0 0 0 0 0 0 0 0 0 0 0 0 0 0 0 0 0 0]
[1520552862695770419372004244637427862602112509781702432258891590345539866297551358757901495172727400120201606810861100457894263349100231547016257050139561339592602223015242593622296 0 0 0 0 0 0 0 1 0 0 0 0 0 0 0 0 0 0 0 0 0 0 0 0 0 0 0 0 0 0 0 0 0 0 0 0 0 0 0 0 0 0 0 0 0 0 0 0 0 0 0 0 0 0 0 0 0 0 0]
[1347904144583387776183056009039910569477154595437593821119127900238891335875812615673366472304514346326593442579418062201357031856127742132950817998785568812279829596675090676613904 0 0 0 0 0 0 0 0 1 0 0 0 0 0 0 0 0 0 0 0 0 0 0 0 0 0 0 0 0 0 0 0 0 0 0 0 0 0 0 0 0 0 0 0 0 0 0 0 0 0 0 0 0 0 0 0 0 0 0]
[1272932126494426014888566093286595811173965692841150423538270868618787878357852787491206134180273580129773349924656504203157315397021549825167076701633221342255605379323121838011867 0 0 0 0 0 0 0 0 0 1 0 0 0 0 0 0 0 0 0 0 0 0 0 0 0 0 0 0 0 0 0 0 0 0 0 0 0 0 0 0 0 0 0 0 0 0 0 0 0 0 0 0 0 0 0 0 0 0 0]
[718897357549348808498515560545864137671064354333426860142582010615965065179006400265922189539906981295609013027393111597965901043838761715664127303009211225140942529933867783727509 0 0 0 0 0 0 0 0 0 0 1 0 0 0 0 0 0 0 0 0 0 0 0 0 0 0 0 0 0 0 0 0 0 0 0 0 0 0 0 0 0 0 0 0 0 0 0 0 0 0 0 0 0 0 0 0 0 0 0]
[2017999794570609631558522037310472479496891976400409322587052341377576449324841977884280521021754790927551951676112821088943789983153041937852843900700430425848400328327271962710192 0 0 0 0 0 0 0 0 0 0 0 1 0 0 0 0 0 0 0 0 0 0 0 0 0 0 0 0 0 0 0 0 0 0 0 0 0 0 0 0 0 0 0 0 0 0 0 0 0 0 0 0 0 0 0 0 0 0 0]
[1504788243785471486637814165711275561036100801301392693439216675336288780458257267759760084492325590495899353254926006340668629145273403836322618105969721112889578428086463545464255 0 0 0 0 0 0 0 0 0 0 0 0 1 0 0 0 0 0 0 0 0 0 0 0 0 0 0 0 0 0 0 0 0 0 0 0 0 0 0 0 0 0 0 0 0 0 0 0 0 0 0 0 0 0 0 0 0 0 0]
[2143741225002668528449186312936615717240268238089045846580599272873210866407484523060762546895145084896511524346971858818982152295003501794623550605419268400587444896119019331804067 0 0 0 0 0 0 0 0 0 0 0 0 0 1 0 0 0 0 0 0 0 0 0 0 0 0 0 0 0 0 0 0 0 0 0 0 0 0 0 0 0 0 0 0 0 0 0 0 0 0 0 0 0 0 0 0 0 0 0]
[737984605217613739442864917511086577853074114206590874925700740969009026182042326875651528964948192168403170264747436723583381388644279270388852509418423317068720665705758805758808 0 0 0 0 0 0 0 0 0 0 0 0 0 0 1 0 0 0 0 0 0 0 0 0 0 0 0 0 0 0 0 0 0 0 0 0 0 0 0 0 0 0 0 0 0 0 0 0 0 0 0 0 0 0 0 0 0 0 0]
[1072220623493878495293047652777189286664615197420633384386392386754363481173258329787618345299207795446884566216448406583571535137972727069987394607041808280110211624100414293320121 0 0 0 0 0 0 0 0 0 0 0 0 0 0 0 1 0 0 0 0 0 0 0 0 0 0 0 0 0 0 0 0 0 0 0 0 0 0 0 0 0 0 0 0 0 0 0 0 0 0 0 0 0 0 0 0 0 0 0]
[1877043837999511190514319542461235158489083825796409220621958213923181154648543527707133447695488682598830777598802535015746432085619063795100240368162783947325001256202847246628019 0 0 0 0 0 0 0 0 0 0 0 0 0 0 0 0 1 0 0 0 0 0 0 0 0 0 0 0 0 0 0 0 0 0 0 0 0 0 0 0 0 0 0 0 0 0 0 0 0 0 0 0 0 0 0 0 0 0 0]
[1443029322160971528712565688762140756422827013559051401447326059163416137034147341220343051551468587612470853660677915934204060100897841672001044701437165523237845877935197031120372 0 0 0 0 0 0 0 0 0 0 0 0 0 0 0 0 0 1 0 0 0 0 0 0 0 0 0 0 0 0 0 0 0 0 0 0 0 0 0 0 0 0 0 0 0 0 0 0 0 0 0 0 0 0 0 0 0 0 0]
[2054244714132132119291745588715756801098479356467340230772763181427942460536045152023496424215559233166338429307057688051251586282131455014398425748720788321872186307604868395256259 0 0 0 0 0 0 0 0 0 0 0 0 0 0 0 0 0 0 1 0 0 0 0 0 0 0 0 0 0 0 0 0 0 0 0 0 0 0 0 0 0 0 0 0 0 0 0 0 0 0 0 0 0 0 0 0 0 0 0]
[230471671344748817272699129210631150439673003565347543186727165907538133605065560765139732113052488349406403562173830730279136774335287092003094875177717724835200925153229383218271 0 0 0 0 0 0 0 0 0 0 0 0 0 0 0 0 0 0 0 1 0 0 0 0 0 0 0 0 0 0 0 0 0 0 0 0 0 0 0 0 0 0 0 0 0 0 0 0 0 0 0 0 0 0 0 0 0 0 0]
[247115447810533761026386421157375649508610826635522737061584547760256979645821796129003255323885285882747658956411750464279302056428073553208650571599564668208176204555677851238773 0 0 0 0 0 0 0 0 0 0 0 0 0 0 0 0 0 0 0 0 1 0 0 0 0 0 0 0 0 0 0 0 0 0 0 0 0 0 0 0 0 0 0 0 0 0 0 0 0 0 0 0 0 0 0 0 0 0 0]
[573108438533085432429566038533444271483505667986469923722592075253479262582108500020414273632167233475917256226411223432855404216790248708483150942576984722021763707622351417560288 0 0 0 0 0 0 0 0 0 0 0 0 0 0 0 0 0 0 0 0 0 1 0 0 0 0 0 0 0 0 0 0 0 0 0 0 0 0 0 0 0 0 0 0 0 0 0 0 0 0 0 0 0 0 0 0 0 0 0]
[1866828035004711002986056598515504289150307371789559912011078300601235228763785112216812260586641134181431686126894324147382815621941720433218153255706342057052082181792330308686898 0 0 0 0 0 0 0 0 0 0 0 0 0 0 0 0 0 0 0 0 0 0 1 0 0 0 0 0 0 0 0 0 0 0 0 0 0 0 0 0 0 0 0 0 0 0 0 0 0 0 0 0 0 0 0 0 0 0 0]
[342858360778095703180798052804801512354467531811572784957558679305799654000719406706514796004355575758487597290110808476689259857120990552907245656579020707563644186349864350189227 0 0 0 0 0 0 0 0 0 0 0 0 0 0 0 0 0 0 0 0 0 0 0 1 0 0 0 0 0 0 0 0 0 0 0 0 0 0 0 0 0 0 0 0 0 0 0 0 0 0 0 0 0 0 0 0 0 0 0]
[311462895390132847775612773021976817091368451681451850955606662942752980259357202577926992789258557016499244595635591189235503664627656558227775452902971358013080252512788287868025 0 0 0 0 0 0 0 0 0 0 0 0 0 0 0 0 0 0 0 0 0 0 0 0 1 0 0 0 0 0 0 0 0 0 0 0 0 0 0 0 0 0 0 0 0 0 0 0 0 0 0 0 0 0 0 0 0 0 0]
[230528635132091358295440152097292025002329471119162077641539412609629176094135895059549474462762990203045738334193471513927091797600423004346038994491972777154008162360541705259822 0 0 0 0 0 0 0 0 0 0 0 0 0 0 0 0 0 0 0 0 0 0 0 0 0 1 0 0 0 0 0 0 0 0 0 0 0 0 0 0 0 0 0 0 0 0 0 0 0 0 0 0 0 0 0 0 0 0 0]
[1257436165123105982976383274876161292639035146360646873114451471341485541419130273963143926891286121376623726763148943798181613272395096425278420135742229209751076284392747302677817 0 0 0 0 0 0 0 0 0 0 0 0 0 0 0 0 0 0 0 0 0 0 0 0 0 0 1 0 0 0 0 0 0 0 0 0 0 0 0 0 0 0 0 0 0 0 0 0 0 0 0 0 0 0 0 0 0 0 0]
[1323264481162120274066290001720072367811386239345582507104296889551661344535998909134455751688433742179249599643594138040261344685750515367654995816301670602580505015671013022249460 0 0 0 0 0 0 0 0 0 0 0 0 0 0 0 0 0 0 0 0 0 0 0 0 0 0 0 1 0 0 0 0 0 0 0 0 0 0 0 0 0 0 0 0 0 0 0 0 0 0 0 0 0 0 0 0 0 0 0]
[1088221576598236710049207885549954835618077116481187413240484326671998160385808422711554789384001631824837166501371347477454400471396624657148272286389907969080013304175762231079985 0 0 0 0 0 0 0 0 0 0 0 0 0 0 0 0 0 0 0 0 0 0 0 0 0 0 0 0 1 0 0 0 0 0 0 0 0 0 0 0 0 0 0 0 0 0 0 0 0 0 0 0 0 0 0 0 0 0 0]
[1459371812216045570931026656676698730059502012339100015807917449829266941839398456573795751796324555424202044067842502389925402930285562674157203981065834292940414562211215985819594 0 0 0 0 0 0 0 0 0 0 0 0 0 0 0 0 0 0 0 0 0 0 0 0 0 0 0 0 0 1 0 0 0 0 0 0 0 0 0 0 0 0 0 0 0 0 0 0 0 0 0 0 0 0 0 0 0 0 0]
[201614052727810649692699554691661147145941222065617685364186571711759486761399738302584308550599044251343813672612708781492140051324008417638633357146130653440505080510266924447158 0 0 0 0 0 0 0 0 0 0 0 0 0 0 0 0 0 0 0 0 0 0 0 0 0 0 0 0 0 0 1 0 0 0 0 0 0 0 0 0 0 0 0 0 0 0 0 0 0 0 0 0 0 0 0 0 0 0 0]
[1186102858582875236712527425633351973176313315208199212148965243845949300574743000834465113002432080286440804789526048588202721319672435029805405855999103347187839492746465302853411 0 0 0 0 0 0 0 0 0 0 0 0 0 0 0 0 0 0 0 0 0 0 0 0 0 0 0 0 0 0 0 1 0 0 0 0 0 0 0 0 0 0 0 0 0 0 0 0 0 0 0 0 0 0 0 0 0 0 0]
[1924668038478276049146011894390520564785033060605807774717880034534933862235298488217644914830756097690808524044401355517703430080152645447963131842920352792525920594218166077559725 0 0 0 0 0 0 0 0 0 0 0 0 0 0 0 0 0 0 0 0 0 0 0 0 0 0 0 0 0 0 0 0 1 0 0 0 0 0 0 0 0 0 0 0 0 0 0 0 0 0 0 0 0 0 0 0 0 0 0]
[1513806385223299091760754775139790085885370526415925278685808426026561772634831701193914934138114111489861531215055843675562190163975695692251463377261665727753710533984746951281057 0 0 0 0 0 0 0 0 0 0 0 0 0 0 0 0 0 0 0 0 0 0 0 0 0 0 0 0 0 0 0 0 0 1 0 0 0 0 0 0 0 0 0 0 0 0 0 0 0 0 0 0 0 0 0 0 0 0 0]
[1572606024363180264579426519660252802032669232698777459128401317450759485776128753770383696363077127585779999420128949665226092071388677781085884422209609582709848407663544062702308 0 0 0 0 0 0 0 0 0 0 0 0 0 0 0 0 0 0 0 0 0 0 0 0 0 0 0 0 0 0 0 0 0 0 1 0 0 0 0 0 0 0 0 0 0 0 0 0 0 0 0 0 0 0 0 0 0 0 0]
[698202227420573466698912609928387055828747936417872748103262264932066757755036328047245250013172220942318646319609642770724185993743467781631446076133820450679733420123853361859151 0 0 0 0 0 0 0 0 0 0 0 0 0 0 0 0 0 0 0 0 0 0 0 0 0 0 0 0 0 0 0 0 0 0 0 1 0 0 0 0 0 0 0 0 0 0 0 0 0 0 0 0 0 0 0 0 0 0 0]
[1602957227062909022755943555003579819388734039805339770443855211199945344435954997868309241183813338667342187672658652490025896584875480911864070382349393718270958910858766155812307 0 0 0 0 0 0 0 0 0 0 0 0 0 0 0 0 0 0 0 0 0 0 0 0 0 0 0 0 0 0 0 0 0 0 0 0 1 0 0 0 0 0 0 0 0 0 0 0 0 0 0 0 0 0 0 0 0 0 0]
[1033054293783102795132669140127225009761165524082595022380851741365789697923091327883827058006916972942141076320298186276062876196468205871099876763180220097098683000167532814192678 0 0 0 0 0 0 0 0 0 0 0 0 0 0 0 0 0 0 0 0 0 0 0 0 0 0 0 0 0 0 0 0 0 0 0 0 0 1 0 0 0 0 0 0 0 0 0 0 0 0 0 0 0 0 0 0 0 0 0]
[741460139557266353946758371560503908052841808432049092912673094276066306941236238285632526912050074149791185906248614737565145140145813346921481467612021028801015383311682024707467 0 0 0 0 0 0 0 0 0 0 0 0 0 0 0 0 0 0 0 0 0 0 0 0 0 0 0 0 0 0 0 0 0 0 0 0 0 0 1 0 0 0 0 0 0 0 0 0 0 0 0 0 0 0 0 0 0 0 0]
[339684822857138401112629497348389511193317183770750347847903503269720249478047944634053759724482372914093528798319672205427230757459400752002175064277185155282764930980099440637705 0 0 0 0 0 0 0 0 0 0 0 0 0 0 0 0 0 0 0 0 0 0 0 0 0 0 0 0 0 0 0 0 0 0 0 0 0 0 0 1 0 0 0 0 0 0 0 0 0 0 0 0 0 0 0 0 0 0 0]
[655874553127897452108746823871828587644666974710936158096874228081318176005078178214064163744750630646877422174637384906847350875849192029226959483210169173724598583072884033545645 0 0 0 0 0 0 0 0 0 0 0 0 0 0 0 0 0 0 0 0 0 0 0 0 0 0 0 0 0 0 0 0 0 0 0 0 0 0 0 0 1 0 0 0 0 0 0 0 0 0 0 0 0 0 0 0 0 0 0]
[483940011747774376758394243769120334600306165584841986128815403338073556189572010680928425189028646638821508154820755199593194439789091159264976209798823678479659365146356845148623 0 0 0 0 0 0 0 0 0 0 0 0 0 0 0 0 0 0 0 0 0 0 0 0 0 0 0 0 0 0 0 0 0 0 0 0 0 0 0 0 0 1 0 0 0 0 0 0 0 0 0 0 0 0 0 0 0 0 0]
[1121420844832617109120140454521033043000494182143153789569084886503308939918935430370365640734056556219913870497811332425855436532066572165231689767798334256598594008817894503457127 0 0 0 0 0 0 0 0 0 0 0 0 0 0 0 0 0 0 0 0 0 0 0 0 0 0 0 0 0 0 0 0 0 0 0 0 0 0 0 0 0 0 1 0 0 0 0 0 0 0 0 0 0 0 0 0 0 0 0]
[270833625547979991344756469445844505358059605027556543466918735586283930678381862900824391150469185766197885759757268445489709992206786070326422486657746129337949689286395661407419 0 0 0 0 0 0 0 0 0 0 0 0 0 0 0 0 0 0 0 0 0 0 0 0 0 0 0 0 0 0 0 0 0 0 0 0 0 0 0 0 0 0 0 1 0 0 0 0 0 0 0 0 0 0 0 0 0 0 0]
[351588430373796674631400070021287347713139328147006464384437593153702569549483327538671059666724836366014112756436251278815338630383061148952790959272095384088061969283250499383380 0 0 0 0 0 0 0 0 0 0 0 0 0 0 0 0 0 0 0 0 0 0 0 0 0 0 0 0 0 0 0 0 0 0 0 0 0 0 0 0 0 0 0 0 1 0 0 0 0 0 0 0 0 0 0 0 0 0 0]
[1330586468611816542701528253701672930149016849612743051609366915159253937783360306702763470806361051902428942235070311614043042164012363782986778143062971488888072643332586983306679 0 0 0 0 0 0 0 0 0 0 0 0 0 0 0 0 0 0 0 0 0 0 0 0 0 0 0 0 0 0 0 0 0 0 0 0 0 0 0 0 0 0 0 0 0 1 0 0 0 0 0 0 0 0 0 0 0 0 0]
[767577577770018307334854795025347143752227281797919663315424944857034334274109106681515008183784009161137600852398118848452849866552779272761450019494126578539999315468317451018819 0 0 0 0 0 0 0 0 0 0 0 0 0 0 0 0 0 0 0 0 0 0 0 0 0 0 0 0 0 0 0 0 0 0 0 0 0 0 0 0 0 0 0 0 0 0 1 0 0 0 0 0 0 0 0 0 0 0 0]
[888281770962635290204199804600492032454548487991561223298638254523959832216032293358587181683633519139431415745925589896919132401310333249397683003130589136658644702564206933757127 0 0 0 0 0 0 0 0 0 0 0 0 0 0 0 0 0 0 0 0 0 0 0 0 0 0 0 0 0 0 0 0 0 0 0 0 0 0 0 0 0 0 0 0 0 0 0 1 0 0 0 0 0 0 0 0 0 0 0]
[180824667569200387712997453718360085576012862163666360976440728060657124263167866462134169408858012255236163142754039558384312136631759176545617103920034646717215062978951621159994 0 0 0 0 0 0 0 0 0 0 0 0 0 0 0 0 0 0 0 0 0 0 0 0 0 0 0 0 0 0 0 0 0 0 0 0 0 0 0 0 0 0 0 0 0 0 0 0 1 0 0 0 0 0 0 0 0 0 0]
[1707151631759226110167576795762016376119965106843500102303998335005956885257094326306352740950286356747282584555100985687280648619637361794993027164489473586032569569886132238474734 0 0 0 0 0 0 0 0 0 0 0 0 0 0 0 0 0 0 0 0 0 0 0 0 0 0 0 0 0 0 0 0 0 0 0 0 0 0 0 0 0 0 0 0 0 0 0 0 0 1 0 0 0 0 0 0 0 0 0]
[1337648937606630762925460836753345231130430076844654397966342436301283494732150622909469256212910275751858766821728521926124197812271942221112051353042122580355602694162307608119090 0 0 0 0 0 0 0 0 0 0 0 0 0 0 0 0 0 0 0 0 0 0 0 0 0 0 0 0 0 0 0 0 0 0 0 0 0 0 0 0 0 0 0 0 0 0 0 0 0 0 1 0 0 0 0 0 0 0 0]
[1153761925092003109282729441339665079207708299050175490462253412933261229805400053145448523604780168646729971607834577324174829991182949769128683279988076964803430367013166010164771 0 0 0 0 0 0 0 0 0 0 0 0 0 0 0 0 0 0 0 0 0 0 0 0 0 0 0 0 0 0 0 0 0 0 0 0 0 0 0 0 0 0 0 0 0 0 0 0 0 0 0 1 0 0 0 0 0 0 0]
[196646405522115134323784649938150206008862274883820633635609913872172373919477515718057722290595473781893489748879301733295828096454022782191020428571662874106691411594192953601047 0 0 0 0 0 0 0 0 0 0 0 0 0 0 0 0 0 0 0 0 0 0 0 0 0 0 0 0 0 0 0 0 0 0 0 0 0 0 0 0 0 0 0 0 0 0 0 0 0 0 0 0 1 0 0 0 0 0 0]
[407752606588973524287525083544888101683165127433180832201927724164300826173085857632877157260265531808367782607958762345777887525883055459408472192899284862106466973546072153882955 0 0 0 0 0 0 0 0 0 0 0 0 0 0 0 0 0 0 0 0 0 0 0 0 0 0 0 0 0 0 0 0 0 0 0 0 0 0 0 0 0 0 0 0 0 0 0 0 0 0 0 0 0 1 0 0 0 0 0]
[65488740113090175871093185791803529848124339977801086897715405319324992886923448893346523297540565403907446676419384406694610616723701160607758251418745451551719146800901547073638 0 0 0 0 0 0 0 0 0 0 0 0 0 0 0 0 0 0 0 0 0 0 0 0 0 0 0 0 0 0 0 0 0 0 0 0 0 0 0 0 0 0 0 0 0 0 0 0 0 0 0 0 0 0 1 0 0 0 0]
[1235167661619100043124496597004753290151128349008477400120619944220921084685964303450102861792682180029945509655098995694288594360217524856751942997104218110454177586804636766142415 0 0 0 0 0 0 0 0 0 0 0 0 0 0 0 0 0 0 0 0 0 0 0 0 0 0 0 0 0 0 0 0 0 0 0 0 0 0 0 0 0 0 0 0 0 0 0 0 0 0 0 0 0 0 0 1 0 0 0]
[216846141723488739884474608677966571010651087241636205329104522493025224404267335581465432650857330844820803603086939193364455866619199782975487243261100046981790020949340569037257 0 0 0 0 0 0 0 0 0 0 0 0 0 0 0 0 0 0 0 0 0 0 0 0 0 0 0 0 0 0 0 0 0 0 0 0 0 0 0 0 0 0 0 0 0 0 0 0 0 0 0 0 0 0 0 0 1 0 0]
[1042039259539837505804140202958525493886083416055278231676953735573691565886189612326703186885081711263190362367172670964694946733682679253833865199422477848166598015608934393657298 0 0 0 0 0 0 0 0 0 0 0 0 0 0 0 0 0 0 0 0 0 0 0 0 0 0 0 0 0 0 0 0 0 0 0 0 0 0 0 0 0 0 0 0 0 0 0 0 0 0 0 0 0 0 0 0 0 1 0]
[769648066357637865293786780190407169818012292305224952665519011628157532331047547313214862710784986758450153507149691044433463755201944274687831049205752178349306902669219938082856 0 0 0 0 0 0 0 0 0 0 0 0 0 0 0 0 0 0 0 0 0 0 0 0 0 0 0 0 0 0 0 0 0 0 0 0 0 0 0 0 0 0 0 0 0 0 0 0 0 0 0 0 0 0 0 0 0 0 1]
]
60 61 3
[1 1 1 1 1 1 1 1 1 1 1 1 1 1 1 1 1 1 1 1 1 1 1 1 1 1 1 1 1 1 1 1 1 1 1 1 1 1 1 1 1 1 1 1 1 1 1 1 1 1 1 1 1 1 1 1 1 1 1 1 1]
