[[2431780387798364697280502797431105760886396824053996050859831565029161487240416829089378657224013294419782367284712705147483951743731671352059862417305663563889507495062312274489909 0 0 0 0 0 0 0 0 0 0 0 0 0 0 0 0 0 0 0 0 0 0 0 0 0 0 0 0 0 0 0 0 0 0 0 0 0 0 0 0 0 0 0 0 0 0 0 0 0 0 0 0 0 0 0 0 0 0 0]
[203975262551473706698806067300840231250862046230812206807394889543965441843251773835261897312749028063936520368058279690624415186371373936549737576248852223132053605209982435675005 1 0 0 0 0 0 0 0 0 0 0 0 0 0 0 0 0 0 0 0 0 0 0 0 0 0 0 0 0 0 0 0 0 0 0 0 0 0 0 0 0 0 0 0 0 0 0 0 0 0 0 0 0 0 0 0 0 0 0]
[195836533365697359920696594992486844668138649624096599224010066237743177854347240532755393929394268749773834647718857011704730178333829258526471202070239935675442753765147531811044 0 1 0 0 0 0 0 0 0 0 0 0 0 0 0 0 0 0 0 0 0 0 0 0 0 0 0 0 0 0 0 0 0 0 0 0 0 0 0 0 0 0 0 0 0 0 0 0 0 0 0 0 0 0 0 0 0 0 0]
[763088335254168686251736862785598121712834468943274430547230368602247520681832535087999313867480273327042079416301975695365875004522608125907701989508115551727345582220363254125286 0 0 1 0 0 0 0 0 0 0 0 0 0 0 0 0 0 0 0 0 0 0 0 0 0 0 0 0 0 0 0 0 0 0 0 0 0 0 0 0 0 0 0 0 0 0 0 0 0 0 0 0 0 0 0 0 0 0 0]
[438686106783657873158988037752617198580983931275792295203996899620651967656702194671729528121054602390041092518013198738507775580203226248979397895591373818199027082696300113575216 0 0 0 1 0 0 0 0 0 0 0 0 0 0 0 0 0 0 0 0 0 0 0 0 0 0 0 0 0 0 0 0 0 0 0 0 0 0 0 0 0 0 0 0 0 0 0 0 0 0 0 0 0 0 0 0 0 0 0]
[728741867398657603715865479714120333983674398467488898814538022441766975716672673941593791926919810335274639239767448017696002968456552890781003879087335928239863867230188654878005 0 0 0 0 1 0 0 0 0 0 0 0 0 0 0 0 0 0 0 0 0 0 0 0 0 0 0 0 0 0 0 0 0 0 0 0 0 0 0 0 0 0 0 0 0 0 0 0 0 0 0 0 0 0 0 0 0 0 0]
[2153626571258569357127041071699430857113386803723676201324335748605535727383568490877843740334085833317055607054119695217513536971694629628912888800997550098729513715292767582728363 0 0 0 0 0 1 0 0 0 0 0 0 0 0 0 0 0 0 0 0 0 0 0 0 0 0 0 0 0 0 0 0 0 0 0 0 0 0 0 0 0 0 0 0 0 0 0 0 0 0 0 0 0 0 0 0 0 0 0]
[794843424597278986055633090383317806281200530743603998428919631217141825292694564625475364971088116477582673851136211774247164480445888901920897370824547686958490339529096942114412 0 0 0 0 0 0 1 0 0 0 0 0 0 0 0 0 0 0 0 0 0 0 0 0 0 0 0 0 0 0 0 0 0 0 0 0 0 0 0 0 0 0 0 0 0 0 0 0 0 0 0 0 0 0 0 0 0 0 0]
[1812609373110410180022493524611958347754670755192225596560048578504355852457252807855275339893480436165571536344455333240952421215401269167532564687122353462927026587953531029316565 0 0 0 0 0 0 0 1 0 0 0 0 0 0 0 0 0 0 0 0 0 0 0 0 0 0 0 0 0 0 0 0 0 0 0 0 0 0 0 0 0 0 0 0 0 0 0 0 0 0 0 0 0 0 0 0 0 0 0]
[2080564049266732830038151697611134728815882010857740252719380614326808705463053393201067563515309490615630185147352741989255160864707762504838534277139615514811890443806568947043399 0 0 0 0 0 0 0 0 1 0 0 0 0 0 0 0 0 0 0 0 0 0 0 0 0 0 0 0 0 0 0 0 0 0 0 0 0 0 0 0 0 0 0 0 0 0 0 0 0 0 0 0 0 0 0 0 0 0 0]
[1716747624392384868656872998620695445773911106028747636989123417290683926500803670359538876131839867647546439040097297197816295459859032343639664026851081945281784005953164150416246 0 0 0 0 0 0 0 0 0 1 0 0 0 0 0 0 0 0 0 0 0 0 0 0 0 0 0 0 0 0 0 0 0 0 0 0 0 0 0 0 0 0 0 0 0 0 0 0 0 0 0 0 0 0 0 0 0 0 0]
[111123706497837575064818372671069248482518721728183481836689519525564855599234164223802772911102548010040159054480766277275196591800562445360700242130459062138047378061495667940443 0 0 0 0 0 0 0 0 0 0 1 0 0 0 0 0 0 0 0 0 0 0 0 0 0 0 0 0 0 0 0 0 0 0 0 0 0 0 0 0 0 0 0 0 0 0 0 0 0 0 0 0 0 0 0 0 0 0 0]
[1550003090200667958115327080897812588445379624397761238074623645275240484809029880947288530641916297437582403716246330638267511399176385829269496686456226479724085263185053560212735 0 0 0 0 0 0 0 0 0 0 0 1 0 0 0 0 0 0 0 0 0 0 0 0 0 0 0 0 0 0 0 0 0 0 0 0 0 0 0 0 0 0 0 0 0 0 0 0 0 0 0 0 0 0 0 0 0 0 0]
[2276934055981826425694881004661774443649701858051617466140456528911954536997271861867614360224880288846443857332305281663502639691271187005235743389553250664297932684768364000753702 0 0 0 0 0 0 0 0 0 0 0 0 1 0 0 0 0 0 0 0 0 0 0 0 0 0 0 0 0 0 0 0 0 0 0 0 0 0 0 0 0 0 0 0 0 0 0 0 0 0 0 0 0 0 0 0 0 0 0]
[1415193369067816905777233044031529898244827039068293604833543855444603450980201240804181138526190817954246579452319672392924553456758752339735229669943911694415028609012369898286149 0 0 0 0 0 0 0 0 0 0 0 0 0 1 0 0 0 0 0 0 0 0 0 0 0 0 0 0 0 0 0 0 0 0 0 0 0 0 0 0 0 0 0 0 0 0 0 0 0 0 0 0 0 0 0 0 0 0 0]
[1257645446642125848048425091352534134876646622985729767168156287484994453242491760125329471669076653020108622215119712666622091122811263161950602673033276924422021784576770384300078 0 0 0 0 0 0 0 0 0 0 0 0 0 0 1 0 0 0 0 0 0 0 0 0 0 0 0 0 0 0 0 0 0 0 0 0 0 0 0 0 0 0 0 0 0 0 0 0 0 0 0 0 0 0 0 0 0 0 0]
[643297151520827440220691955507339667829792856842189728358788023122538486480474827088886866585323267653863041164791444889992913815538628307401446728298159721097355099516192228662787 0 0 0 0 0 0 0 0 0 0 0 0 0 0 0 1 0 0 0 0 0 0 0 0 0 0 0 0 0 0 0 0 0 0 0 0 0 0 0 0 0 0 0 0 0 0 0 0 0 0 0 0 0 0 0 0 0 0 0]
[365263687015721094468014949065201829026393753342455308325858449598879171582703729623387766673160622761775666138363030826661593688879412550387465858251129960249611063067893760761389 0 0 0 0 0 0 0 0 0 0 0 0 0 0 0 0 1 0 0 0 0 0 0 0 0 0 0 0 0 0 0 0 0 0 0 0 0 0 0 0 0 0 0 0 0 0 0 0 0 0 0 0 0 0 0 0 0 0 0]
[124397133019498404313212045534237800700638891644494449834256734404360174370286676421423787616176514030767513420961482341466051732728147026280856513565838286020458616350570118623204 0 0 0 0 0 0 0 0 0 0 0 0 0 0 0 0 0 1 0 0 0 0 0 0 0 0 0 0 0 0 0 0 0 0 0 0 0 0 0 0 0 0 0 0 0 0 0 0 0 0 0 0 0 0 0 0 0 0 0]
[427997092507803357422499379917493240643575060330606253092314138269953180072515632594466755566382060353134728159445060150924494966422131888806560713899213683888137491843492950581472 0 0 0 0 0 0 0 0 0 0 0 0 0 0 0 0 0 0 1 0 0 0 0 0 0 0 0 0 0 0 0 0 0 0 0 0 0 0 0 0 0 0 0 0 0 0 0 0 0 0 0 0 0 0 0 0 0 0 0]
[2012460624586942326651314771677063371941527637537790832005119657219295468747583099798218686294066744895182883725802443343385584871876573159236822744065498796072713518105984779243890 0 0 0 0 0 0 0 0 0 0 0 0 0 0 0 0 0 0 0 1 0 0 0 0 0 0 0 0 0 0 0 0 0 0 0 0 0 0 0 0 0 0 0 0 0 0 0 0 0 0 0 0 0 0 0 0 0 0 0]
[510847409797007842747311657066581832339334391177758756440224049668018331106621243503063921145600705068931442905676377361802449898742300895687775457201931266680907692047573070032980 0 0 0 0 0 0 0 0 0 0 0 0 0 0 0 0 0 0 0 0 1 0 0 0 0 0 0 0 0 0 0 0 0 0 0 0 0 0 0 0 0 0 0 0 0 0 0 0 0 0 0 0 0 0 0 0 0 0 0]
[1084396551950254521875277586840137012578203475296811322103764802801305806922774237448324663238014304092093951197194270243600839068983341600342602797320205375579330134778457964172597 0 0 0 0 0 0 0 0 0 0 0 0 0 0 0 0 0 0 0 0 0 1 0 0 0 0 0 0 0 0 0 0 0 0 0 0 0 0 0 0 0 0 0 0 0 0 0 0 0 0 0 0 0 0 0 0 0 0 0]
[2420881320146586990759737855186559092979756274768549834121965536904388720939285390661539708370263232534259688541025056667297796620436692928802646875443660331140511494765439987611657 0 0 0 0 0 0 0 0 0 0 0 0 0 0 0 0 0 0 0 0 0 0 1 0 0 0 0 0 0 0 0 0 0 0 0 0 0 0 0 0 0 0 0 0 0 0 0 0 0 0 0 0 0 0 0 0 0 0 0]
[2125502525286442965163189334928777246698186235391210649214330601592729826133816761355648473736114975223448920756493393693148172713350315909584018716128438273890822346307357305273779 0 0 0 0 0 0 0 0 0 0 0 0 0 0 0 0 0 0 0 0 0 0 0 1 0 0 0 0 0 0 0 0 0 0 0 0 0 0 0 0 0 0 0 0 0 0 0 0 0 0 0 0 0 0 0 0 0 0 0]
[547588146862714199712691550928571900363884670189162626364895648533904769569870169759594071917116163799051100814099919308798714434462002931622438218526563948152828963138393078860126 0 0 0 0 0 0 0 0 0 0 0 0 0 0 0 0 0 0 0 0 0 0 0 0 1 0 0 0 0 0 0 0 0 0 0 0 0 0 0 0 0 0 0 0 0 0 0 0 0 0 0 0 0 0 0 0 0 0 0]
[318756245997444682975039518735988903289869771658754207889114600910599961833094135205538593600572982311172041563488708001761379103291313017174520918722379068039685652324944702244697 0 0 0 0 0 0 0 0 0 0 0 0 0 0 0 0 0 0 0 0 0 0 0 0 0 1 0 0 0 0 0 0 0 0 0 0 0 0 0 0 0 0 0 0 0 0 0 0 0 0 0 0 0 0 0 0 0 0 0]
[2291704443238363052746905138294746723018655761203395617645748575755676555087923304130735669962613823099556826507593698954632108323710972133186164084194565617006136929568185004079561 0 0 0 0 0 0 0 0 0 0 0 0 0 0 0 0 0 0 0 0 0 0 0 0 0 0 1 0 0 0 0 0 0 0 0 0 0 0 0 0 0 0 0 0 0 0 0 0 0 0 0 0 0 0 0 0 0 0 0]
[545959600624456224539315020094610115227164920133962732065597852200086428124251065924485115477183796677170001442847569612283540918980212039113889616023858781219224028512337904354647 0 0 0 0 0 0 0 0 0 0 0 0 0 0 0 0 0 0 0 0 0 0 0 0 0 0 0 1 0 0 0 0 0 0 0 0 0 0 0 0 0 0 0 0 0 0 0 0 0 0 0 0 0 0 0 0 0 0 0]
[2202658387568091918904534935077647883147232876731943931718219168411947778485664850863181319085595250523784611477759111605027875629812653686950976771501743909423302444185341509715802 0 0 0 0 0 0 0 0 0 0 0 0 0 0 0 0 0 0 0 0 0 0 0 0 0 0 0 0 1 0 0 0 0 0 0 0 0 0 0 0 0 0 0 0 0 0 0 0 0 0 0 0 0 0 0 0 0 0 0]
[2173503443861774837375260565003643733551187081534248225108665971793388791208679270769909834974944071183590079134971244771145022871727612720506330034524990396923131399753780688587036 0 0 0 0 0 0 0 0 0 0 0 0 0 0 0 0 0 0 0 0 0 0 0 0 0 0 0 0 0 1 0 0 0 0 0 0 0 0 0 0 0 0 0 0 0 0 0 0 0 0 0 0 0 0 0 0 0 0 0]
[1946262842396906820089135750160113934037494847899743223483598709421521425745328236997549250135695755253286008728558108450953027730776245616209679288384058332850942300723880409855349 0 0 0 0 0 0 0 0 0 0 0 0 0 0 0 0 0 0 0 0 0 0 0 0 0 0 0 0 0 0 1 0 0 0 0 0 0 0 0 0 0 0 0 0 0 0 0 0 0 0 0 0 0 0 0 0 0 0 0]
[414538126197743101882033826182676051725709438138906924941821121981727626119317530355632829772453526141381719300988527628337983091497986188455476131424824654985709994690909565692060 0 0 0 0 0 0 0 0 0 0 0 0 0 0 0 0 0 0 0 0 0 0 0 0 0 0 0 0 0 0 0 1 0 0 0 0 0 0 0 0 0 0 0 0 0 0 0 0 0 0 0 0 0 0 0 0 0 0 0]
[1359115040112439924580288178360598925516176196385304416089683541470438446518458057907687154107199813079738955984162378573683671997263197674941946395316070357974800906748803823364983 0 0 0 0 0 0 0 0 0 0 0 0 0 0 0 0 0 0 0 0 0 0 0 0 0 0 0 0 0 0 0 0 1 0 0 0 0 0 0 0 0 0 0 0 0 0 0 0 0 0 0 0 0 0 0 0 0 0 0]
[527061867165858689907963367596997829470173819683047684171532206928868591328081647352670692928111951361454317559046469756802948106569005523027108148669942193926692626487075786838967 0 0 0 0 0 0 0 0 0 0 0 0 0 0 0 0 0 0 0 0 0 0 0 0 0 0 0 0 0 0 0 0 0 1 0 0 0 0 0 0 0 0 0 0 0 0 0 0 0 0 0 0 0 0 0 0 0 0 0]
[567691796430696099806780514400702262832864970536599961624214776664441329320279038214518055070241625053275529207399453528387167444942557820245952655060102037739511473591943730309399 0 0 0 0 0 0 0 0 0 0 0 0 0 0 0 0 0 0 0 0 0 0 0 0 0 0 0 0 0 0 0 0 0 0 1 0 0 0 0 0 0 0 0 0 0 0 0 0 0 0 0 0 0 0 0 0 0 0 0]
[1872208003502143979535781418898834576607497204440378062393969337635074640861577085352997526771605431039451286601355756680052575835303040756024271869853996913935504938850974531399962 0 0 0 0 0 0 0 0 0 0 0 0 0 0 0 0 0 0 0 0 0 0 0 0 0 0 0 0 0 0 0 0 0 0 0 1 0 0 0 0 0 0 0 0 0 0 0 0 0 0 0 0 0 0 0 0 0 0 0]
[2419373130722511576727774042170334139084735302480735858920417413205373003589807436645646710131055901514457390703429426479967840463737816011881329275060399613216314139905642229888101 0 0 0 0 0 0 0 0 0 0 0 0 0 0 0 0 0 0 0 0 0 0 0 0 0 0 0 0 0 0 0 0 0 0 0 0 1 0 0 0 0 0 0 0 0 0 0 0 0 0 0 0 0 0 0 0 0 0 0]
[1146930035012033929818167738675415387665527262972220651676980886324791236087127484140952500293917161414468305808264289600038863925224627166294998195346239976041410974911498712660356 0 0 0 0 0 0 0 0 0 0 0 0 0 0 0 0 0 0 0 0 0 0 0 0 0 0 0 0 0 0 0 0 0 0 0 0 0 1 0 0 0 0 0 0 0 0 0 0 0 0 0 0 0 0 0 0 0 0 0]
[1685077287052189659048427627374158261704264659652142132340786837828929497663828137396128685469371560062875216593991945275806418748785005589096164518427615408780202961061420827756150 0 0 0 0 0 0 0 0 0 0 0 0 0 0 0 0 0 0 0 0 0 0 0 0 0 0 0 0 0 0 0 0 0 0 0 0 0 0 1 0 0 0 0 0 0 0 0 0 0 0 0 0 0 0 0 0 0 0 0]
[2268870277203093776301577577513586886629698002435976018885383265315965511049208346491539946437112069579509535090979713904074205619230158728584370916853841054517911946068646042224810 0 0 0 0 0 0 0 0 0 0 0 0 0 0 0 0 0 0 0 0 0 0 0 0 0 0 0 0 0 0 0 0 0 0 0 0 0 0 0 1 0 0 0 0 0 0 0 0 0 0 0 0 0 0 0 0 0 0 0]
[1662590950251628021074883521460371262062546942397181295924816174519157261316638728610201485093766854653023083055014693596518430556663267135762866203502696170184338677221587234820705 0 0 0 0 0 0 0 0 0 0 0 0 0 0 0 0 0 0 0 0 0 0 0 0 0 0 0 0 0 0 0 0 0 0 0 0 0 0 0 0 1 0 0 0 0 0 0 0 0 0 0 0 0 0 0 0 0 0 0]
[1731021894736637505792948306936119078455108948047849257788931411675348381369278338681156221428556817035646399762778449215147969692293634993141748286223691457628738406807992107713232 0 0 0 0 0 0 0 0 0 0 0 0 0 0 0 0 0 0 0 0 0 0 0 0 0 0 0 0 0 0 0 0 0 0 0 0 0 0 0 0 0 1 0 0 0 0 0 0 0 0 0 0 0 0 0 0 0 0 0]
[27448705888372756878246235176514110269521279354544964075202193850099006123878385525128429523741765816230031364868023093355992984346216252798050909140166088983434202949063341208816 0 0 0 0 0 0 0 0 0 0 0 0 0 0 0 0 0 0 0 0 0 0 0 0 0 0 0 0 0 0 0 0 0 0 0 0 0 0 0 0 0 0 1 0 0 0 0 0 0 0 0 0 0 0 0 0 0 0 0]
[1041509282070017080770899243454198823419086593495518054427554145621321860200982779335946422962330407795393940089838299360532281130248439077319683341572006025481532267115331515116120 0 0 0 0 0 0 0 0 0 0 0 0 0 0 0 0 0 0 0 0 0 0 0 0 0 0 0 0 0 0 0 0 0 0 0 0 0 0 0 0 0 0 0 1 0 0 0 0 0 0 0 0 0 0 0 0 0 0 0]
[989094171687517503576498397566643056973517123766569110193916143073352127447353800432965464651488065139347676224585815652362726833236183675755395418987421753456281910769518527945432 0 0 0 0 0 0 0 0 0 0 0 0 0 0 0 0 0 0 0 0 0 0 0 0 0 0 0 0 0 0 0 0 0 0 0 0 0 0 0 0 0 0 0 0 1 0 0 0 0 0 0 0 0 0 0 0 0 0 0]
[1035548134348474189735911120468234005061935905505890324442920141300226998021216950879765203530572175614610595718448568446858007129743531372140749953717912567848766907086915282833514 0 0 0 0 0 0 0 0 0 0 0 0 0 0 0 0 0 0 0 0 0 0 0 0 0 0 0 0 0 0 0 0 0 0 0 0 0 0 0 0 0 0 0 0 0 1 0 0 0 0 0 0 0 0 0 0 0 0 0]
[389727906214738402309058968609128943317717758318272282298390681650290999499356501656748924802068136480070476083187088058388889481466331990958000721115343118754162039057672346941860 0 0 0 0 0 0 0 0 0 0 0 0 0 0 0 0 0 0 0 0 0 0 0 0 0 0 0 0 0 0 0 0 0 0 0 0 0 0 0 0 0 0 0 0 0 0 1 0 0 0 0 0 0 0 0 0 0 0 0]
[1008268227519981743136936255536053178846017503338427068078247145365138189014687809314803846977861408952027469371827893511791980508267141553450487761230557600644823737438941851744297 0 0 0 0 0 0 0 0 0 0 0 0 0 0 0 0 0 0 0 0 0 0 0 0 0 0 0 0 0 0 0 0 0 0 0 0 0 0 0 0 0 0 0 0 0 0 0 1 0 0 0 0 0 0 0 0 0 0 0]
[1570595949856086161790044355101838700169943666899595388341719255784663065379158611884005409233758335475152337196260925640880461458739022223210411462599575226712746854696326076362485 0 0 0 0 0 0 0 0 0 0 0 0 0 0 0 0 0 0 0 0 0 0 0 0 0 0 0 0 0 0 0 0 0 0 0 0 0 0 0 0 0 0 0 0 0 0 0 0 1 0 0 0 0 0 0 0 0 0 0]
[452857946829296690695847083017237736923327112431896554863160620504856709211832015485077419630755482325652316388217163654191585684138949552300878445795910772369299586940094420740182 0 0 0 0 0 0 0 0 0 0 0 0 0 0 0 0 0 0 0 0 0 0 0 0 0 0 0 0 0 0 0 0 0 0 0 0 0 0 0 0 0 0 0 0 0 0 0 0 0 1 0 0 0 0 0 0 0 0 0]
[1573834634795729778249882447653271581239694155364463651061464784393516276303589308893520883783701586312075643673418178700860028055550402273575255432369740782546130542390946474244039 0 0 0 0 0 0 0 0 0 0 0 0 0 0 0 0 0 0 0 0 0 0 0 0 0 0 0 0 0 0 0 0 0 0 0 0 0 0 0 0 0 0 0 0 0 0 0 0 0 0 1 0 0 0 0 0 0 0 0]
[1252727643596841498303917145807673718573406180377178347985203113892091796506563194448165610076081110074548861123731281998253853659214287525785031640544716281955984169192003922969204 0 0 0 0 0 0 0 0 0 0 0 0 0 0 0 0 0 0 0 0 0 0 0 0 0 0 0 0 0 0 0 0 0 0 0 0 0 0 0 0 0 0 0 0 0 0 0 0 0 0 0 1 0 0 0 0 0 0 0]
[1409006422767233204027224270680944331016076250785387136906280192118098769723345698595469194622567434782463317491432822944412596476302743402128589286275429615097762216579340892361563 0 0 0 0 0 0 0 0 0 0 0 0 0 0 0 0 0 0 0 0 0 0 0 0 0 0 0 0 0 0 0 0 0 0 0 0 0 0 0 0 0 0 0 0 0 0 0 0 0 0 0 0 1 0 0 0 0 0 0]
[386083608977928481109710244825822204962145619061538210953782096601263640100801227421179304176165748610892436200995317501029942421922617879532332319984861878710633520701353821955869 0 0 0 0 0 0 0 0 0 0 0 0 0 0 0 0 0 0 0 0 0 0 0 0 0 0 0 0 0 0 0 0 0 0 0 0 0 0 0 0 0 0 0 0 0 0 0 0 0 0 0 0 0 1 0 0 0 0 0]
[797476228455860665960300811882136783486948179580806351313244651311263775480545770567288062512941434254992852462038542155609700652851000279209495875627592965702265319178399645195003 0 0 0 0 0 0 0 0 0 0 0 0 0 0 0 0 0 0 0 0 0 0 0 0 0 0 0 0 0 0 0 0 0 0 0 0 0 0 0 0 0 0 0 0 0 0 0 0 0 0 0 0 0 0 1 0 0 0 0]
[88099889009683635181301147022591519132082407232717669301977717196810702648769323663963576578715528688662457773829424963346534288463142840765377134367126130557156553487637494717855 0 0 0 0 0 0 0 0 0 0 0 0 0 0 0 0 0 0 0 0 0 0 0 0 0 0 0 0 0 0 0 0 0 0 0 0 0 0 0 0 0 0 0 0 0 0 0 0 0 0 0 0 0 0 0 1 0 0 0]
[676019291526160324537542519079322686499536736557884141775533743757622215870490853575943386164856919534505825778234711566422056454535260490138598567031919930525052760577232270569830 0 0 0 0 0 0 0 0 0 0 0 0 0 0 0 0 0 0 0 0 0 0 0 0 0 0 0 0 0 0 0 0 0 0 0 0 0 0 0 0 0 0 0 0 0 0 0 0 0 0 0 0 0 0 0 0 1 0 0]
[2104804825994777588876698638505519311200633897700189527007518963615732752153122738132402600632415497957677319773672953795620719680696569323570522795452747264659813817458703298779602 0 0 0 0 0 0 0 0 0 0 0 0 0 0 0 0 0 0 0 0 0 0 0 0 0 0 0 0 0 0 0 0 0 0 0 0 0 0 0 0 0 0 0 0 0 0 0 0 0 0 0 0 0 0 0 0 0 1 0]
[2080814293198283306086216361123673081282020605005038862014222007243519343724670597999919287489297781176248665934333746771177281425119161747092374380190973723547281150836002209502464 0 0 0 0 0 0 0 0 0 0 0 0 0 0 0 0 0 0 0 0 0 0 0 0 0 0 0 0 0 0 0 0 0 0 0 0 0 0 0 0 0 0 0 0 0 0 0 0 0 0 0 0 0 0 0 0 0 0 1]
]
60 61 8
[1 1 1 1 1 1 1 1 1 1 1 1 1 1 1 1 1 1 1 1 1 1 1 1 1 1 1 1 1 1 1 1 1 1 1 1 1 1 1 1 1 1 1 1 1 1 1 1 1 1 1 1 1 1 1 1 1 1 1 1 1]
