[[3293918991275386303662839847962860655557185124094510562521963853408942633311086331774409195195520928189614856124453753513784078121808222681184966681463887523854032074068866974579897 0 0 0 0 0 0 0 0 0 0 0 0 0 0 0 0 0 0 0 0 0 0 0 0 0 0 0 0 0 0 0 0 0 0 0 0 0 0 0 0 0 0 0 0 0 0 0 0 0 0 0 0 0 0 0 0 0 0 0]
[2385319121929272755789399157332880885714338422393823946755233199158944912085865614690709865474604524183151215648940729676353816901773058386568776732184275018998801074868234343123684 1 0 0 0 0 0 0 0 0 0 0 0 0 0 0 0 0 0 0 0 0 0 0 0 0 0 0 0 0 0 0 0 0 0 0 0 0 0 0 0 0 0 0 0 0 0 0 0 0 0 0 0 0 0 0 0 0 0 0]
[3275141077070092842194779174002249235674927532359429101571427630587150001692876054812209968555330562124781953578891005749292995088029634015621089125519905738460669155651393470521907 0 1 0 0 0 0 0 0 0 0 0 0 0 0 0 0 0 0 0 0 0 0 0 0 0 0 0 0 0 0 0 0 0 0 0 0 0 0 0 0 0 0 0 0 0 0 0 0 0 0 0 0 0 0 0 0 0 0 0]
[2338864862396541338424428796922007733199776985753436298666177293922579583295539346499209817646339087136062718451704428163930613453229546748872489449120802465811312307417689671170442 0 0 1 0 0 0 0 0 0 0 0 0 0 0 0 0 0 0 0 0 0 0 0 0 0 0 0 0 0 0 0 0 0 0 0 0 0 0 0 0 0 0 0 0 0 0 0 0 0 0 0 0 0 0 0 0 0 0 0]
[1592049140290583907959655961469013053659029195028077909164248393654324051404008591796563244361556548948066954714470130949669370730391930257755647758161205937999150425172024666738080 0 0 0 1 0 0 0 0 0 0 0 0 0 0 0 0 0 0 0 0 0 0 0 0 0 0 0 0 0 0 0 0 0 0 0 0 0 0 0 0 0 0 0 0 0 0 0 0 0 0 0 0 0 0 0 0 0 0 0]
[1706460604039114091215522608716205962756404848125971905945847833339400258738383868819721899061786118559604781791563285063797259350689816333379139322562608843426315052638138316787398 0 0 0 0 1 0 0 0 0 0 0 0 0 0 0 0 0 0 0 0 0 0 0 0 0 0 0 0 0 0 0 0 0 0 0 0 0 0 0 0 0 0 0 0 0 0 0 0 0 0 0 0 0 0 0 0 0 0 0]
[2078082994893152551459963825689972276927495494415023091208580581195653560872088264245371377347700428293067297317622663897224450705095353037697255858834627762629044614167255325695223 0 0 0 0 0 1 0 0 0 0 0 0 0 0 0 0 0 0 0 0 0 0 0 0 0 0 0 0 0 0 0 0 0 0 0 0 0 0 0 0 0 0 0 0 0 0 0 0 0 0 0 0 0 0 0 0 0 0 0]
[2146840338859235079398196283001965073283940876594933419795816706596085904205771933000101186028045831403264199844915109489441650826003182308127281789209322488255048319542778030547473 0 0 0 0 0 0 1 0 0 0 0 0 0 0 0 0 0 0 0 0 0 0 0 0 0 0 0 0 0 0 0 0 0 0 0 0 0 0 0 0 0 0 0 0 0 0 0 0 0 0 0 0 0 0 0 0 0 0 0]
[729657613918144417278932166685528626478400117131690641741003319914062549269267969146168944473629161894477140910444604826804091342749398160305548619943766181332305068556503489581492 0 0 0 0 0 0 0 1 0 0 0 0 0 0 0 0 0 0 0 0 0 0 0 0 0 0 0 0 0 0 0 0 0 0 0 0 0 0 0 0 0 0 0 0 0 0 0 0 0 0 0 0 0 0 0 0 0 0 0]
[473879528998802431683837367316885258277536960829835749645169227545333511159793851242524472743506377779125812838019535809083724433842495234390870764377602617268156849202052848602525 0 0 0 0 0 0 0 0 1 0 0 0 0 0 0 0 0 0 0 0 0 0 0 0 0 0 0 0 0 0 0 0 0 0 0 0 0 0 0 0 0 0 0 0 0 0 0 0 0 0 0 0 0 0 0 0 0 0 0]
[607940412808539559502234780923261495431988942916974379066852333259115972963284160316104911258942586117886786266789937089919476995650304978685018689012211465658958072142869373300037 0 0 0 0 0 0 0 0 0 1 0 0 0 0 0 0 0 0 0 0 0 0 0 0 0 0 0 0 0 0 0 0 0 0 0 0 0 0 0 0 0 0 0 0 0 0 0 0 0 0 0 0 0 0 0 0 0 0 0]
[886454660536960586175079120568307947438710099312678611854113798483177750476785130011336405600232529127673686376076267597009859316929601717376410169772090581716145395968196736101610 0 0 0 0 0 0 0 0 0 0 1 0 0 0 0 0 0 0 0 0 0 0 0 0 0 0 0 0 0 0 0 0 0 0 0 0 0 0 0 0 0 0 0 0 0 0 0 0 0 0 0 0 0 0 0 0 0 0 0]
[1677220695740223581031904530381348448383410688470776223104106792987408827369903880140047845373133471579443373688266861278316565364102082139231821148767393776915521945679907493439371 0 0 0 0 0 0 0 0 0 0 0 1 0 0 0 0 0 0 0 0 0 0 0 0 0 0 0 0 0 0 0 0 0 0 0 0 0 0 0 0 0 0 0 0 0 0 0 0 0 0 0 0 0 0 0 0 0 0 0]
[144085563110604572181057762188845179401709924000349598280925736195177611546656205293885997323025535906802971904694389209049077885155241053520079895557058070397153294694885585030302 0 0 0 0 0 0 0 0 0 0 0 0 1 0 0 0 0 0 0 0 0 0 0 0 0 0 0 0 0 0 0 0 0 0 0 0 0 0 0 0 0 0 0 0 0 0 0 0 0 0 0 0 0 0 0 0 0 0 0]
[941377045551674271659389460777363572663198515415222707529228253965141722547411090881891655854423250007134437831752797763533903075582223916870495019339652965494518934090621394698210 0 0 0 0 0 0 0 0 0 0 0 0 0 1 0 0 0 0 0 0 0 0 0 0 0 0 0 0 0 0 0 0 0 0 0 0 0 0 0 0 0 0 0 0 0 0 0 0 0 0 0 0 0 0 0 0 0 0 0]
[2983781178242053510307737324406041753098902693111643722043228538926639163857357200624294136422355836313332189141894489209920847391260666925790128236963171645005195737250741811197205 0 0 0 0 0 0 0 0 0 0 0 0 0 0 1 0 0 0 0 0 0 0 0 0 0 0 0 0 0 0 0 0 0 0 0 0 0 0 0 0 0 0 0 0 0 0 0 0 0 0 0 0 0 0 0 0 0 0 0]
[1205217518926577712583189994295140145338857643124181686232037373143089488955367598359245934232051517196784487079654155827406825039228993234862562297325622938830393733481858320551441 0 0 0 0 0 0 0 0 0 0 0 0 0 0 0 1 0 0 0 0 0 0 0 0 0 0 0 0 0 0 0 0 0 0 0 0 0 0 0 0 0 0 0 0 0 0 0 0 0 0 0 0 0 0 0 0 0 0 0]
[2917138659569851499926759825394200040824609131296756982163174167491665264946396996205908428395858133349949976052973118558797430833451544806312791816264732729834549787682615187328694 0 0 0 0 0 0 0 0 0 0 0 0 0 0 0 0 1 0 0 0 0 0 0 0 0 0 0 0 0 0 0 0 0 0 0 0 0 0 0 0 0 0 0 0 0 0 0 0 0 0 0 0 0 0 0 0 0 0 0]
[2433975305993468728069050006403451190665736564345099334192575513599169173989596946632491374425832803271451936843869938337247441471274335172744663440669561906832523801369988137541444 0 0 0 0 0 0 0 0 0 0 0 0 0 0 0 0 0 1 0 0 0 0 0 0 0 0 0 0 0 0 0 0 0 0 0 0 0 0 0 0 0 0 0 0 0 0 0 0 0 0 0 0 0 0 0 0 0 0 0]
[1978133745755702580750133801329986464755490235907397870635170495509779382259086740943599119127077973144271885509915130985237778207078865962626263673746136447514676521840197237203900 0 0 0 0 0 0 0 0 0 0 0 0 0 0 0 0 0 0 1 0 0 0 0 0 0 0 0 0 0 0 0 0 0 0 0 0 0 0 0 0 0 0 0 0 0 0 0 0 0 0 0 0 0 0 0 0 0 0 0]
[2483354861666818971506945396352314914594110729309732375203528674142590374242117663091373234835487650038536989303775721127817692888687818666826770306761127891522531098575149181610690 0 0 0 0 0 0 0 0 0 0 0 0 0 0 0 0 0 0 0 1 0 0 0 0 0 0 0 0 0 0 0 0 0 0 0 0 0 0 0 0 0 0 0 0 0 0 0 0 0 0 0 0 0 0 0 0 0 0 0]
[33025810966663669734834783803587578706772923112347478895527904931273394047484048297166877157529099918709954772503246518762090798569411161697317768868322641053652623655805759435674 0 0 0 0 0 0 0 0 0 0 0 0 0 0 0 0 0 0 0 0 1 0 0 0 0 0 0 0 0 0 0 0 0 0 0 0 0 0 0 0 0 0 0 0 0 0 0 0 0 0 0 0 0 0 0 0 0 0 0]
[150028990431361406798403114112475256893254768847324316545861093116432484637362167453778247350557989725145913048211266789384422174297231056033971045523268183673285123022382919195256 0 0 0 0 0 0 0 0 0 0 0 0 0 0 0 0 0 0 0 0 0 1 0 0 0 0 0 0 0 0 0 0 0 0 0 0 0 0 0 0 0 0 0 0 0 0 0 0 0 0 0 0 0 0 0 0 0 0 0]
[1722030737872485743523304708698110786512583536533834994810604559676465473567621192003222561869144148394112896555384877447972865006871472802854340703189441223679383727804319579523625 0 0 0 0 0 0 0 0 0 0 0 0 0 0 0 0 0 0 0 0 0 0 1 0 0 0 0 0 0 0 0 0 0 0 0 0 0 0 0 0 0 0 0 0 0 0 0 0 0 0 0 0 0 0 0 0 0 0 0]
[2301913503459434492992911788935149762711670434845816988443225544163139375224213692080463334483476006244735046935936452804703920706299647396555938780405618335600141159500214426688371 0 0 0 0 0 0 0 0 0 0 0 0 0 0 0 0 0 0 0 0 0 0 0 1 0 0 0 0 0 0 0 0 0 0 0 0 0 0 0 0 0 0 0 0 0 0 0 0 0 0 0 0 0 0 0 0 0 0 0]
[2687842820084664249457780155114801951245997779129899732899065910746068347044129323225276966100442977626964187420432676646616504408032432891752071198084291275766182779014615919110714 0 0 0 0 0 0 0 0 0 0 0 0 0 0 0 0 0 0 0 0 0 0 0 0 1 0 0 0 0 0 0 0 0 0 0 0 0 0 0 0 0 0 0 0 0 0 0 0 0 0 0 0 0 0 0 0 0 0 0]
[2723802461778276926947137501592641602235339564440934664224957860638280336735182712938501919214508794293952802044297818768854032336984185377752517556339234583650938072176790579617094 0 0 0 0 0 0 0 0 0 0 0 0 0 0 0 0 0 0 0 0 0 0 0 0 0 1 0 0 0 0 0 0 0 0 0 0 0 0 0 0 0 0 0 0 0 0 0 0 0 0 0 0 0 0 0 0 0 0 0]
[929611166957709958708098801391058756113881468443271803473510472293982471259368291991705322007201012741162088575128346030408622732828543301615605739862858208482008921554101628734246 0 0 0 0 0 0 0 0 0 0 0 0 0 0 0 0 0 0 0 0 0 0 0 0 0 0 1 0 0 0 0 0 0 0 0 0 0 0 0 0 0 0 0 0 0 0 0 0 0 0 0 0 0 0 0 0 0 0 0]
[249857501231501934304430137855460909858863585328174413419540529789076364725465994701520784338845295584244576466170093343297522456609146786296048141087360824617963803016789459628789 0 0 0 0 0 0 0 0 0 0 0 0 0 0 0 0 0 0 0 0 0 0 0 0 0 0 0 1 0 0 0 0 0 0 0 0 0 0 0 0 0 0 0 0 0 0 0 0 0 0 0 0 0 0 0 0 0 0 0]
[338675919415734646451950272966234098327488738393529127726389708342278470527791391869899416236145736765640531895144070876945163355833328608394605836124362182229987199961519436210264 0 0 0 0 0 0 0 0 0 0 0 0 0 0 0 0 0 0 0 0 0 0 0 0 0 0 0 0 1 0 0 0 0 0 0 0 0 0 0 0 0 0 0 0 0 0 0 0 0 0 0 0 0 0 0 0 0 0 0]
[2925255287507647208481394047563803592219016788807512602032133206775228467967154652062860595718196347900698957719013501329122145804271108078586206240881076865036410354732648752056388 0 0 0 0 0 0 0 0 0 0 0 0 0 0 0 0 0 0 0 0 0 0 0 0 0 0 0 0 0 1 0 0 0 0 0 0 0 0 0 0 0 0 0 0 0 0 0 0 0 0 0 0 0 0 0 0 0 0 0]
[1609274729413581526724940730869638133871758037864710647557209890290821200970191206456339315423534464485465370316333854990325385422155719608189597525275423262568088618905876511863802 0 0 0 0 0 0 0 0 0 0 0 0 0 0 0 0 0 0 0 0 0 0 0 0 0 0 0 0 0 0 1 0 0 0 0 0 0 0 0 0 0 0 0 0 0 0 0 0 0 0 0 0 0 0 0 0 0 0 0]
[2401505369984648115186336096405269275896439242165353347780009263440465594466884335776133043388163836396547661276392472619045737227466623214589526061516298504938236742494716167935954 0 0 0 0 0 0 0 0 0 0 0 0 0 0 0 0 0 0 0 0 0 0 0 0 0 0 0 0 0 0 0 1 0 0 0 0 0 0 0 0 0 0 0 0 0 0 0 0 0 0 0 0 0 0 0 0 0 0 0]
[3288529012849242748478237828921954480005628098477588164579741236888524226918177085485976196214971852369908364604934588322149923193013174622092355741235925160188170292729190238053376 0 0 0 0 0 0 0 0 0 0 0 0 0 0 0 0 0 0 0 0 0 0 0 0 0 0 0 0 0 0 0 0 1 0 0 0 0 0 0 0 0 0 0 0 0 0 0 0 0 0 0 0 0 0 0 0 0 0 0]
[612974136087889516119565619107839264675763370712992605196972282834419905503897957912339088304369608579503685788578890902602730053583544951912887852521861456935980255018971828426161 0 0 0 0 0 0 0 0 0 0 0 0 0 0 0 0 0 0 0 0 0 0 0 0 0 0 0 0 0 0 0 0 0 1 0 0 0 0 0 0 0 0 0 0 0 0 0 0 0 0 0 0 0 0 0 0 0 0 0]
[3008104904679812129539049129157381157050327521090813001884582000628884712471508406705104107137738864960759476664971855291731260473033196218618982239440564289369267010360379843240480 0 0 0 0 0 0 0 0 0 0 0 0 0 0 0 0 0 0 0 0 0 0 0 0 0 0 0 0 0 0 0 0 0 0 1 0 0 0 0 0 0 0 0 0 0 0 0 0 0 0 0 0 0 0 0 0 0 0 0]
[1560681451082131622147282410408614635401135091000007930688294087057794054964506547524523983452581531988072676216017566608433969777302898067337396441442367832936653573936864282561467 0 0 0 0 0 0 0 0 0 0 0 0 0 0 0 0 0 0 0 0 0 0 0 0 0 0 0 0 0 0 0 0 0 0 0 1 0 0 0 0 0 0 0 0 0 0 0 0 0 0 0 0 0 0 0 0 0 0 0]
[1214744041777241115425096036304166126525445369232035257776590808006382740579813060871623829699663270887967133147065717452949751446914783318169989893614651895614658043568819822763270 0 0 0 0 0 0 0 0 0 0 0 0 0 0 0 0 0 0 0 0 0 0 0 0 0 0 0 0 0 0 0 0 0 0 0 0 1 0 0 0 0 0 0 0 0 0 0 0 0 0 0 0 0 0 0 0 0 0 0]
[2951793833169148776245670617498070101353256554929932323462460989562912209061392530105925025346728958079313613448988366288815988995624448254717346279487825009033776221557760942693930 0 0 0 0 0 0 0 0 0 0 0 0 0 0 0 0 0 0 0 0 0 0 0 0 0 0 0 0 0 0 0 0 0 0 0 0 0 1 0 0 0 0 0 0 0 0 0 0 0 0 0 0 0 0 0 0 0 0 0]
[2565723320521285988204637893671557268564511384582302258327090590648876082179391712199403647163787782276942974255327655569017968352605415254890264875971245934712191951823025828758335 0 0 0 0 0 0 0 0 0 0 0 0 0 0 0 0 0 0 0 0 0 0 0 0 0 0 0 0 0 0 0 0 0 0 0 0 0 0 1 0 0 0 0 0 0 0 0 0 0 0 0 0 0 0 0 0 0 0 0]
[81094918596940430059207154126824482758224179818409404324228481188340982561091209743957802596075166074008149064594184600503243069217413961388530537861762670793447396020392440573972 0 0 0 0 0 0 0 0 0 0 0 0 0 0 0 0 0 0 0 0 0 0 0 0 0 0 0 0 0 0 0 0 0 0 0 0 0 0 0 1 0 0 0 0 0 0 0 0 0 0 0 0 0 0 0 0 0 0 0]
[406626694283189282410349370941819383687406523031633293047520004981043892430213209320738760067897844160072662272022133529496774449427106421311488683959754964340904387301897061719911 0 0 0 0 0 0 0 0 0 0 0 0 0 0 0 0 0 0 0 0 0 0 0 0 0 0 0 0 0 0 0 0 0 0 0 0 0 0 0 0 1 0 0 0 0 0 0 0 0 0 0 0 0 0 0 0 0 0 0]
[1626811981854434483370385503897612922776977491628262197985048718159929304777479674817517189048406451422527351789468383483620945131632738721369584621892536417295316634345641821292020 0 0 0 0 0 0 0 0 0 0 0 0 0 0 0 0 0 0 0 0 0 0 0 0 0 0 0 0 0 0 0 0 0 0 0 0 0 0 0 0 0 1 0 0 0 0 0 0 0 0 0 0 0 0 0 0 0 0 0]
[1544229475350572997275119284115189774453335475570051780939288281038577548385636614134726119934748885539768415639452957937825282183453974135723115687146870595679919672924423815635454 0 0 0 0 0 0 0 0 0 0 0 0 0 0 0 0 0 0 0 0 0 0 0 0 0 0 0 0 0 0 0 0 0 0 0 0 0 0 0 0 0 0 1 0 0 0 0 0 0 0 0 0 0 0 0 0 0 0 0]
[2963083779964705486581269986620994786081151144444535341872729540416306157126637214348093351139613133278910879476456694343231290126689988919405463947735193712938504868805072178841865 0 0 0 0 0 0 0 0 0 0 0 0 0 0 0 0 0 0 0 0 0 0 0 0 0 0 0 0 0 0 0 0 0 0 0 0 0 0 0 0 0 0 0 1 0 0 0 0 0 0 0 0 0 0 0 0 0 0 0]
[2475181016384769308468349372724720566663333476529225526950175535044624776803236432081876874298091592705966119931113477115091298756990068183004839632841987780594028832523878784211505 0 0 0 0 0 0 0 0 0 0 0 0 0 0 0 0 0 0 0 0 0 0 0 0 0 0 0 0 0 0 0 0 0 0 0 0 0 0 0 0 0 0 0 0 1 0 0 0 0 0 0 0 0 0 0 0 0 0 0]
[404252279444307328319767678636823643395778809621179428981997111921471983878535534025959467947954351744317830819999173761882680462298812934785080290745084148570904807336415947829 0 0 0 0 0 0 0 0 0 0 0 0 0 0 0 0 0 0 0 0 0 0 0 0 0 0 0 0 0 0 0 0 0 0 0 0 0 0 0 0 0 0 0 0 0 1 0 0 0 0 0 0 0 0 0 0 0 0 0]
[1728135358228704631001534529843317060142700700154159385957058461002371809088779428176705091913790075582663460370523960554406915150644618506282335140773325284078929983605611132307854 0 0 0 0 0 0 0 0 0 0 0 0 0 0 0 0 0 0 0 0 0 0 0 0 0 0 0 0 0 0 0 0 0 0 0 0 0 0 0 0 0 0 0 0 0 0 1 0 0 0 0 0 0 0 0 0 0 0 0]
[1001307503599656507698034953801390334378349063363209337296337139307756511833147317249342015401089431739315514014692293584432589464727663956743599231616674443675568051664265737050362 0 0 0 0 0 0 0 0 0 0 0 0 0 0 0 0 0 0 0 0 0 0 0 0 0 0 0 0 0 0 0 0 0 0 0 0 0 0 0 0 0 0 0 0 0 0 0 1 0 0 0 0 0 0 0 0 0 0 0]
[1049739243921659039772517242172173976159640962262578178357844929881672025425863368334319961491416745691579904800494094625468409663795090885397010064923949871716481235055026678766727 0 0 0 0 0 0 0 0 0 0 0 0 0 0 0 0 0 0 0 0 0 0 0 0 0 0 0 0 0 0 0 0 0 0 0 0 0 0 0 0 0 0 0 0 0 0 0 0 1 0 0 0 0 0 0 0 0 0 0]
[1127791622887998307619790335473215970763228416028591253532120899761633756785599513657430200261797572363247787735311213249125847905434325057600517014602399161085094642328980780935271 0 0 0 0 0 0 0 0 0 0 0 0 0 0 0 0 0 0 0 0 0 0 0 0 0 0 0 0 0 0 0 0 0 0 0 0 0 0 0 0 0 0 0 0 0 0 0 0 0 1 0 0 0 0 0 0 0 0 0]
[1642684784355576772627006606709587987203078818949922939420695630711482479541360468983768475631564723065765515841103944982499203560654961622183666699359327047243975262339961207910693 0 0 0 0 0 0 0 0 0 0 0 0 0 0 0 0 0 0 0 0 0 0 0 0 0 0 0 0 0 0 0 0 0 0 0 0 0 0 0 0 0 0 0 0 0 0 0 0 0 0 1 0 0 0 0 0 0 0 0]
[3222109293813890843640465030442297873801750381220098397730628648495367900336565285447423286258215068870364503660164783584685453122453962741485194797254433713156811929918157417058884 0 0 0 0 0 0 0 0 0 0 0 0 0 0 0 0 0 0 0 0 0 0 0 0 0 0 0 0 0 0 0 0 0 0 0 0 0 0 0 0 0 0 0 0 0 0 0 0 0 0 0 1 0 0 0 0 0 0 0]
[212992862139467793140343737353897613096602096665553339277812516705049578986743295439596394861129987174544314930933088021335266295360999348809154632434643424395902381317492226822253 0 0 0 0 0 0 0 0 0 0 0 0 0 0 0 0 0 0 0 0 0 0 0 0 0 0 0 0 0 0 0 0 0 0 0 0 0 0 0 0 0 0 0 0 0 0 0 0 0 0 0 0 1 0 0 0 0 0 0]
[929667856983881688588286817720845519846459293054836698637295419534623189483839726771778451648407996829802792694790672002604525274756680337558924635578302921688583813007923748702346 0 0 0 0 0 0 0 0 0 0 0 0 0 0 0 0 0 0 0 0 0 0 0 0 0 0 0 0 0 0 0 0 0 0 0 0 0 0 0 0 0 0 0 0 0 0 0 0 0 0 0 0 0 1 0 0 0 0 0]
[1027890364155536610910332766014616526913252259731960706852578972334003165301090218186855718459998593727376811259280999804263031541286685874255369101893346793747339314745310739604034 0 0 0 0 0 0 0 0 0 0 0 0 0 0 0 0 0 0 0 0 0 0 0 0 0 0 0 0 0 0 0 0 0 0 0 0 0 0 0 0 0 0 0 0 0 0 0 0 0 0 0 0 0 0 1 0 0 0 0]
[2697632728815564297120879262985427554878211813088189280717677356266692993511127016466957929584011811892947371693310867813539160615146929747134582823729285897223537399076561901866362 0 0 0 0 0 0 0 0 0 0 0 0 0 0 0 0 0 0 0 0 0 0 0 0 0 0 0 0 0 0 0 0 0 0 0 0 0 0 0 0 0 0 0 0 0 0 0 0 0 0 0 0 0 0 0 1 0 0 0]
[3096262294281941764034456046838707007897307540783744690778014792006084536079180040313845044829830807592237340023947998080301239791901851589070560450127813424251552313998063133610336 0 0 0 0 0 0 0 0 0 0 0 0 0 0 0 0 0 0 0 0 0 0 0 0 0 0 0 0 0 0 0 0 0 0 0 0 0 0 0 0 0 0 0 0 0 0 0 0 0 0 0 0 0 0 0 0 1 0 0]
[1713541644372752252572797234649626838648564944050704491040105202526821850170916822459908088489477589939997679981568123295243265870825005673772097321909479649748372554140999723832467 0 0 0 0 0 0 0 0 0 0 0 0 0 0 0 0 0 0 0 0 0 0 0 0 0 0 0 0 0 0 0 0 0 0 0 0 0 0 0 0 0 0 0 0 0 0 0 0 0 0 0 0 0 0 0 0 0 1 0]
[514257944748150414891251130089039805220252158793241516930560031751971173673385132425404478543681838958679674134431777172417589822834117612606171602727437051515462230418924454385076 0 0 0 0 0 0 0 0 0 0 0 0 0 0 0 0 0 0 0 0 0 0 0 0 0 0 0 0 0 0 0 0 0 0 0 0 0 0 0 0 0 0 0 0 0 0 0 0 0 0 0 0 0 0 0 0 0 0 1]
]
60 61 9
[1 1 1 1 1 1 1 1 1 1 1 1 1 1 1 1 1 1 1 1 1 1 1 1 1 1 1 1 1 1 1 1 1 1 1 1 1 1 1 1 1 1 1 1 1 1 1 1 1 1 1 1 1 1 1 1 1 1 1 1 1]
