[[3054291231471337579086463117319962061092553837653181864738152037518050322744657651246852772162966584648254917609396952769284036527395364059814220519231234140727531071210055022371763 0 0 0 0 0 0 0 0 0 0 0 0 0 0 0 0 0 0 0 0 0 0 0 0 0 0 0 0 0 0 0 0 0 0 0 0 0 0 0 0 0 0 0 0 0 0 0 0 0 0 0 0 0 0 0 0 0 0 0]
[744810563801707357458709466511855967517241057907667859223460541256240914384679277755252732137203101581988711222233679323433561399986512033428189417002793016371554706511364994418722 1 0 0 0 0 0 0 0 0 0 0 0 0 0 0 0 0 0 0 0 0 0 0 0 0 0 0 0 0 0 0 0 0 0 0 0 0 0 0 0 0 0 0 0 0 0 0 0 0 0 0 0 0 0 0 0 0 0 0]
[206085712744976515508447588049576670276208277804109324012151366153432901824693930544689020418861215550485319668012015505045176928929250285737352365444961063683360315870260353138551 0 1 0 0 0 0 0 0 0 0 0 0 0 0 0 0 0 0 0 0 0 0 0 0 0 0 0 0 0 0 0 0 0 0 0 0 0 0 0 0 0 0 0 0 0 0 0 0 0 0 0 0 0 0 0 0 0 0 0]
[556777870306512216176831538423298695610515783037952747436819556068671519684016046390979195569635748582976555761089581980231753320108392815355292670434058627659971896446124371626031 0 0 1 0 0 0 0 0 0 0 0 0 0 0 0 0 0 0 0 0 0 0 0 0 0 0 0 0 0 0 0 0 0 0 0 0 0 0 0 0 0 0 0 0 0 0 0 0 0 0 0 0 0 0 0 0 0 0 0]
[1629637841911932796115773245917911697723356720877131805658178379348563891311985290881092633620748759023060006296689289362748450319617393220809722699788329398829016649045215374577941 0 0 0 1 0 0 0 0 0 0 0 0 0 0 0 0 0 0 0 0 0 0 0 0 0 0 0 0 0 0 0 0 0 0 0 0 0 0 0 0 0 0 0 0 0 0 0 0 0 0 0 0 0 0 0 0 0 0 0]
[339137320828226863990925013931946709775168450974969160688515279438637403459319171570333937524216353431247363424882008784447081964185389286446608695145787662035476479828028597839342 0 0 0 0 1 0 0 0 0 0 0 0 0 0 0 0 0 0 0 0 0 0 0 0 0 0 0 0 0 0 0 0 0 0 0 0 0 0 0 0 0 0 0 0 0 0 0 0 0 0 0 0 0 0 0 0 0 0 0]
[847552643814161959630002003025872450180318500586965752817860116856397744165009053182702597602863967079560463084845939897919941450073551314451047293534599804797927285704594596253561 0 0 0 0 0 1 0 0 0 0 0 0 0 0 0 0 0 0 0 0 0 0 0 0 0 0 0 0 0 0 0 0 0 0 0 0 0 0 0 0 0 0 0 0 0 0 0 0 0 0 0 0 0 0 0 0 0 0 0]
[2052246546262872189297787077163837380864274515175270062491725320650022421899959864656906888318355218418646526587710083503113624054020138475000251624882436633024701310393961290298437 0 0 0 0 0 0 1 0 0 0 0 0 0 0 0 0 0 0 0 0 0 0 0 0 0 0 0 0 0 0 0 0 0 0 0 0 0 0 0 0 0 0 0 0 0 0 0 0 0 0 0 0 0 0 0 0 0 0 0]
[2598263816414744208091005653427453833625170753601141677980018714332048341862733553390021117203473928328854707582929979681485621219415271124381832671537568789867526709619120053737079 0 0 0 0 0 0 0 1 0 0 0 0 0 0 0 0 0 0 0 0 0 0 0 0 0 0 0 0 0 0 0 0 0 0 0 0 0 0 0 0 0 0 0 0 0 0 0 0 0 0 0 0 0 0 0 0 0 0 0]
[2990172132942524189239374205791934638854375895875601572781647024687924560438223647626694009039438598414292240222938362710314957782678593376197445899246179208102250189277836622175391 0 0 0 0 0 0 0 0 1 0 0 0 0 0 0 0 0 0 0 0 0 0 0 0 0 0 0 0 0 0 0 0 0 0 0 0 0 0 0 0 0 0 0 0 0 0 0 0 0 0 0 0 0 0 0 0 0 0 0]
[1068564060222613410879398280045873041690624809808303637854900653446539360962501624318343256267993910038854932768836389659614327144274839393735233354436430208476281480718486931400420 0 0 0 0 0 0 0 0 0 1 0 0 0 0 0 0 0 0 0 0 0 0 0 0 0 0 0 0 0 0 0 0 0 0 0 0 0 0 0 0 0 0 0 0 0 0 0 0 0 0 0 0 0 0 0 0 0 0 0]
[1496240313965367463189839839580455140815999640091345619120957455824688792696565870017951582207733280069724706160974179700061405543225385901477095165509046042262650371269842687579653 0 0 0 0 0 0 0 0 0 0 1 0 0 0 0 0 0 0 0 0 0 0 0 0 0 0 0 0 0 0 0 0 0 0 0 0 0 0 0 0 0 0 0 0 0 0 0 0 0 0 0 0 0 0 0 0 0 0 0]
[1017895079849389727604965308527749254044285693654502839856184795224346661370610075301070982663311724560952011276267634018247172328357390258479291711175058442308364833696964961364381 0 0 0 0 0 0 0 0 0 0 0 1 0 0 0 0 0 0 0 0 0 0 0 0 0 0 0 0 0 0 0 0 0 0 0 0 0 0 0 0 0 0 0 0 0 0 0 0 0 0 0 0 0 0 0 0 0 0 0]
[56182047180921539228355842798300834723481824117437793417516949810796811088950819833214513430760544591999708926699060067886499030642765933252396785975207360159299135592203174460751 0 0 0 0 0 0 0 0 0 0 0 0 1 0 0 0 0 0 0 0 0 0 0 0 0 0 0 0 0 0 0 0 0 0 0 0 0 0 0 0 0 0 0 0 0 0 0 0 0 0 0 0 0 0 0 0 0 0 0]
[2545129810992691803349005799929314067740429236514563080034634782258764678529829937189301997276002985600760711784485235050675753839671946018569779266107554688224783467596162655897608 0 0 0 0 0 0 0 0 0 0 0 0 0 1 0 0 0 0 0 0 0 0 0 0 0 0 0 0 0 0 0 0 0 0 0 0 0 0 0 0 0 0 0 0 0 0 0 0 0 0 0 0 0 0 0 0 0 0 0]
[2496574355448078145304202630779446791115861727305029578913606136767637106103529296664879260432663262639457752576968303055914053242923724800662472662647120330983462841477129392061359 0 0 0 0 0 0 0 0 0 0 0 0 0 0 1 0 0 0 0 0 0 0 0 0 0 0 0 0 0 0 0 0 0 0 0 0 0 0 0 0 0 0 0 0 0 0 0 0 0 0 0 0 0 0 0 0 0 0 0]
[2866850688422354369516485644106999405516914671917036594929488487054711666653911816170292643616987144942649500567161229030734126271235041827965541794905255366798959155987486713822516 0 0 0 0 0 0 0 0 0 0 0 0 0 0 0 1 0 0 0 0 0 0 0 0 0 0 0 0 0 0 0 0 0 0 0 0 0 0 0 0 0 0 0 0 0 0 0 0 0 0 0 0 0 0 0 0 0 0 0]
[749834874177553369654758826811026315946724041788344270744322926891956338154787089257290954476683640634377965325383469396853906245020778804686174975119198753094543251469422397328626 0 0 0 0 0 0 0 0 0 0 0 0 0 0 0 0 1 0 0 0 0 0 0 0 0 0 0 0 0 0 0 0 0 0 0 0 0 0 0 0 0 0 0 0 0 0 0 0 0 0 0 0 0 0 0 0 0 0 0]
[3017462831100922541963760971457025400026924619305937661805154783058956233725254637047101722063807994984298884900650986149465459355609395208431983926148083410213329236495050300501979 0 0 0 0 0 0 0 0 0 0 0 0 0 0 0 0 0 1 0 0 0 0 0 0 0 0 0 0 0 0 0 0 0 0 0 0 0 0 0 0 0 0 0 0 0 0 0 0 0 0 0 0 0 0 0 0 0 0 0]
[1604291482953359206197723338911267355057598778211681024261018006536927006956451506834918974154161457283441799056741290866060933013091680056033791014949058207780757854440929928080620 0 0 0 0 0 0 0 0 0 0 0 0 0 0 0 0 0 0 1 0 0 0 0 0 0 0 0 0 0 0 0 0 0 0 0 0 0 0 0 0 0 0 0 0 0 0 0 0 0 0 0 0 0 0 0 0 0 0 0]
[3037074929260108982432576355642075988106704508791054608046986738584435439599718666645548335476151620344517156978161308735635397633471570260929410019569644279583733540871987487138286 0 0 0 0 0 0 0 0 0 0 0 0 0 0 0 0 0 0 0 1 0 0 0 0 0 0 0 0 0 0 0 0 0 0 0 0 0 0 0 0 0 0 0 0 0 0 0 0 0 0 0 0 0 0 0 0 0 0 0]
[1477281030452405192025315175494264020051029141048232636968817855246209102509221046755740994319004179023430432711323014500845651153977498559490634948500887309963621306359593823209484 0 0 0 0 0 0 0 0 0 0 0 0 0 0 0 0 0 0 0 0 1 0 0 0 0 0 0 0 0 0 0 0 0 0 0 0 0 0 0 0 0 0 0 0 0 0 0 0 0 0 0 0 0 0 0 0 0 0 0]
[14462183079406301009459070508155375960560272741056912307655342540020118336274219946748064093161459495822553005721567512587767920446208322714822696237140562161190217182842121063129 0 0 0 0 0 0 0 0 0 0 0 0 0 0 0 0 0 0 0 0 0 1 0 0 0 0 0 0 0 0 0 0 0 0 0 0 0 0 0 0 0 0 0 0 0 0 0 0 0 0 0 0 0 0 0 0 0 0 0]
[997885495253603774101262383945627713967682177594243249605177692474343245029511636423379049696704326951037675003610436096089493847388377092149475489433842400449711963095281641624556 0 0 0 0 0 0 0 0 0 0 0 0 0 0 0 0 0 0 0 0 0 0 1 0 0 0 0 0 0 0 0 0 0 0 0 0 0 0 0 0 0 0 0 0 0 0 0 0 0 0 0 0 0 0 0 0 0 0 0]
[795865518762568192197587994888285324679911898021914283691773849262438534780168767596514388570337964302027370836979612766069998142821948847464918505842403180867083785043476034730364 0 0 0 0 0 0 0 0 0 0 0 0 0 0 0 0 0 0 0 0 0 0 0 1 0 0 0 0 0 0 0 0 0 0 0 0 0 0 0 0 0 0 0 0 0 0 0 0 0 0 0 0 0 0 0 0 0 0 0]
[2613823663435981955795444733053868319185875034276311382584810767750237048429851910371453116966308632857274216012394137695166694866487734076950991137199786897479225188722430149993464 0 0 0 0 0 0 0 0 0 0 0 0 0 0 0 0 0 0 0 0 0 0 0 0 1 0 0 0 0 0 0 0 0 0 0 0 0 0 0 0 0 0 0 0 0 0 0 0 0 0 0 0 0 0 0 0 0 0 0]
[916259785614426560580984539605308741994054987407983438217990722635395384436622965151227240643469563597872913672806045107577951326365065338639856503049380587522563356853708171104217 0 0 0 0 0 0 0 0 0 0 0 0 0 0 0 0 0 0 0 0 0 0 0 0 0 1 0 0 0 0 0 0 0 0 0 0 0 0 0 0 0 0 0 0 0 0 0 0 0 0 0 0 0 0 0 0 0 0 0]
[1112015893580287394976169276448821034523790228182243204373819818999973814110730246331977626019407304065752383365082417414169893336708424486372540430967804834632452205091602089903153 0 0 0 0 0 0 0 0 0 0 0 0 0 0 0 0 0 0 0 0 0 0 0 0 0 0 1 0 0 0 0 0 0 0 0 0 0 0 0 0 0 0 0 0 0 0 0 0 0 0 0 0 0 0 0 0 0 0 0]
[144933394295666678046622367297606492152595974299037111394090220772605719863283639245259023736217340869202562283100241984101843480526167243613797011662532659353308326726876123414802 0 0 0 0 0 0 0 0 0 0 0 0 0 0 0 0 0 0 0 0 0 0 0 0 0 0 0 1 0 0 0 0 0 0 0 0 0 0 0 0 0 0 0 0 0 0 0 0 0 0 0 0 0 0 0 0 0 0 0]
[1296900975022828274476527131090496398193827429813241150052181928835556539186719948282479440845352733408301723171459244932176977265024025465154618047669204461945306411978966264716268 0 0 0 0 0 0 0 0 0 0 0 0 0 0 0 0 0 0 0 0 0 0 0 0 0 0 0 0 1 0 0 0 0 0 0 0 0 0 0 0 0 0 0 0 0 0 0 0 0 0 0 0 0 0 0 0 0 0 0]
[2775200237953469718364746076576242986935660393304100774245915750423035403165491447315892173412767958574485363732440188431106264970500227686413477974702233238469334895680401404710640 0 0 0 0 0 0 0 0 0 0 0 0 0 0 0 0 0 0 0 0 0 0 0 0 0 0 0 0 0 1 0 0 0 0 0 0 0 0 0 0 0 0 0 0 0 0 0 0 0 0 0 0 0 0 0 0 0 0 0]
[768956119032699599478037428865368472916867537505712882679693034113116363238572429816765337440149556306992074244111795980447603602080699952001666230682046077453108309347610784266754 0 0 0 0 0 0 0 0 0 0 0 0 0 0 0 0 0 0 0 0 0 0 0 0 0 0 0 0 0 0 1 0 0 0 0 0 0 0 0 0 0 0 0 0 0 0 0 0 0 0 0 0 0 0 0 0 0 0 0]
[1077717652047799720978236683467529643113233370251376134016834719679442350693371928551185292225889600787848799158955708726148210556204583994427352258224929550716850024868720124445628 0 0 0 0 0 0 0 0 0 0 0 0 0 0 0 0 0 0 0 0 0 0 0 0 0 0 0 0 0 0 0 1 0 0 0 0 0 0 0 0 0 0 0 0 0 0 0 0 0 0 0 0 0 0 0 0 0 0 0]
[143819050649373569332685227659752330007249359277402064621026281232166191893042909174732379965919733621026339563281033773624991673938741831781160413862731098448235050390160749576629 0 0 0 0 0 0 0 0 0 0 0 0 0 0 0 0 0 0 0 0 0 0 0 0 0 0 0 0 0 0 0 0 1 0 0 0 0 0 0 0 0 0 0 0 0 0 0 0 0 0 0 0 0 0 0 0 0 0 0]
[1181041015313012889221024236291745497379436696447068136273380916725899793871268665309304879052937006081975934592193655805667313197097426867931088213539862749998880092053071933671811 0 0 0 0 0 0 0 0 0 0 0 0 0 0 0 0 0 0 0 0 0 0 0 0 0 0 0 0 0 0 0 0 0 1 0 0 0 0 0 0 0 0 0 0 0 0 0 0 0 0 0 0 0 0 0 0 0 0 0]
[2176160609972717272327141255091144075656920958777271303555199919644331622500876021207586757637685660185384290876880600434701057515581758069700722192234042979547400171700124871004273 0 0 0 0 0 0 0 0 0 0 0 0 0 0 0 0 0 0 0 0 0 0 0 0 0 0 0 0 0 0 0 0 0 0 1 0 0 0 0 0 0 0 0 0 0 0 0 0 0 0 0 0 0 0 0 0 0 0 0]
[112632295157547339800225580994617730748436596051377353476950704280821699121647144272691475002961419595751089376574479460274256338452751491150296136497269937556880394126219149603535 0 0 0 0 0 0 0 0 0 0 0 0 0 0 0 0 0 0 0 0 0 0 0 0 0 0 0 0 0 0 0 0 0 0 0 1 0 0 0 0 0 0 0 0 0 0 0 0 0 0 0 0 0 0 0 0 0 0 0]
[793170180515811369834821382191018925064024835020288690275171799611692633473908154119646366523543092679354581886348384322722156736556754421564809190848441925185622829928639854301741 0 0 0 0 0 0 0 0 0 0 0 0 0 0 0 0 0 0 0 0 0 0 0 0 0 0 0 0 0 0 0 0 0 0 0 0 1 0 0 0 0 0 0 0 0 0 0 0 0 0 0 0 0 0 0 0 0 0 0]
[2789794472823498745295450738713592946625361771518138592691584717304808632879860082018316202948170280161336433610912924057293261717986357209156581106500491005064113868793734539502639 0 0 0 0 0 0 0 0 0 0 0 0 0 0 0 0 0 0 0 0 0 0 0 0 0 0 0 0 0 0 0 0 0 0 0 0 0 1 0 0 0 0 0 0 0 0 0 0 0 0 0 0 0 0 0 0 0 0 0]
[670098944668839894093295240540085780498813959064659280027940320880801494907063488157344622112263571183635920380693017467680661914392941291695484987828818114028132489933864933061192 0 0 0 0 0 0 0 0 0 0 0 0 0 0 0 0 0 0 0 0 0 0 0 0 0 0 0 0 0 0 0 0 0 0 0 0 0 0 1 0 0 0 0 0 0 0 0 0 0 0 0 0 0 0 0 0 0 0 0]
[397228181761700515932979197129763520821933955681409514792891033537398798333734387154358812094302023065971735070863591736760115357949497718729408572737628417070466220272928456046586 0 0 0 0 0 0 0 0 0 0 0 0 0 0 0 0 0 0 0 0 0 0 0 0 0 0 0 0 0 0 0 0 0 0 0 0 0 0 0 1 0 0 0 0 0 0 0 0 0 0 0 0 0 0 0 0 0 0 0]
[1180169031645358391788409277214894728271219495267708374316299227441344127739881297438751258902896900102500297274751778716236996485250407984882383021502866067957114254945753394331849 0 0 0 0 0 0 0 0 0 0 0 0 0 0 0 0 0 0 0 0 0 0 0 0 0 0 0 0 0 0 0 0 0 0 0 0 0 0 0 0 1 0 0 0 0 0 0 0 0 0 0 0 0 0 0 0 0 0 0]
[2544100494980605641294296923982747484380285235200836487110093037597903664578946586527054166377569431107178689584869583999172596318034286542150330020592315848666233965212754077974334 0 0 0 0 0 0 0 0 0 0 0 0 0 0 0 0 0 0 0 0 0 0 0 0 0 0 0 0 0 0 0 0 0 0 0 0 0 0 0 0 0 1 0 0 0 0 0 0 0 0 0 0 0 0 0 0 0 0 0]
[217364511255459089620102225818034539942071405648278141489865962584763633092835834497543791146435795069929796867363694147929033432223630190174659166142240680624085553214076677625932 0 0 0 0 0 0 0 0 0 0 0 0 0 0 0 0 0 0 0 0 0 0 0 0 0 0 0 0 0 0 0 0 0 0 0 0 0 0 0 0 0 0 1 0 0 0 0 0 0 0 0 0 0 0 0 0 0 0 0]
[2834507238788755472870515005031298689433029495122878233275364229408925426132763185283525769940332939011517620947560363256174741629089868748227675349506581860165900461536354436758907 0 0 0 0 0 0 0 0 0 0 0 0 0 0 0 0 0 0 0 0 0 0 0 0 0 0 0 0 0 0 0 0 0 0 0 0 0 0 0 0 0 0 0 1 0 0 0 0 0 0 0 0 0 0 0 0 0 0 0]
[2572178215621497889664331939775551450023005777608088807715326051239589729926874227285428855645411318206310758989448197915853003823056772032153625598166158261622790171222308847953661 0 0 0 0 0 0 0 0 0 0 0 0 0 0 0 0 0 0 0 0 0 0 0 0 0 0 0 0 0 0 0 0 0 0 0 0 0 0 0 0 0 0 0 0 1 0 0 0 0 0 0 0 0 0 0 0 0 0 0]
[2425932076386476530490800377576468427090683801935211455245049446019187895921510351097921533846181194506980131091065162264089666443323336692533133068771147374075299042367903646497443 0 0 0 0 0 0 0 0 0 0 0 0 0 0 0 0 0 0 0 0 0 0 0 0 0 0 0 0 0 0 0 0 0 0 0 0 0 0 0 0 0 0 0 0 0 1 0 0 0 0 0 0 0 0 0 0 0 0 0]
[1904447585834559594780762006022332524421204857369309221091776126435958649321493695545366861295992516079831483717383236562022263789758231639608185022107547331157931373607918911111354 0 0 0 0 0 0 0 0 0 0 0 0 0 0 0 0 0 0 0 0 0 0 0 0 0 0 0 0 0 0 0 0 0 0 0 0 0 0 0 0 0 0 0 0 0 0 1 0 0 0 0 0 0 0 0 0 0 0 0]
[11095871809013929284698307045250761198513188663089207172491129931628883411779638460285499521726048367894189211381777498918176260743719695489950844588812234668693899642856949251007 0 0 0 0 0 0 0 0 0 0 0 0 0 0 0 0 0 0 0 0 0 0 0 0 0 0 0 0 0 0 0 0 0 0 0 0 0 0 0 0 0 0 0 0 0 0 0 1 0 0 0 0 0 0 0 0 0 0 0]
[1127129122047837250494656825381112258630443434846824470787645492366982339410049563572019062244954662528427773523428814457680473939566869488452226351551782206519262787810771328918094 0 0 0 0 0 0 0 0 0 0 0 0 0 0 0 0 0 0 0 0 0 0 0 0 0 0 0 0 0 0 0 0 0 0 0 0 0 0 0 0 0 0 0 0 0 0 0 0 1 0 0 0 0 0 0 0 0 0 0]
[3041206650411634892016272137676377998385376738738164560064296642046658180745460179981231301963663446555588590010805616467803905149103140923618641488776165256148198469949158851208580 0 0 0 0 0 0 0 0 0 0 0 0 0 0 0 0 0 0 0 0 0 0 0 0 0 0 0 0 0 0 0 0 0 0 0 0 0 0 0 0 0 0 0 0 0 0 0 0 0 1 0 0 0 0 0 0 0 0 0]
[1627565457443600834512560487375903029621693491210604715682498257056472653956918756586304635843436449623792063844464850115897148866975029032560664410614009671645937049005382462274646 0 0 0 0 0 0 0 0 0 0 0 0 0 0 0 0 0 0 0 0 0 0 0 0 0 0 0 0 0 0 0 0 0 0 0 0 0 0 0 0 0 0 0 0 0 0 0 0 0 0 1 0 0 0 0 0 0 0 0]
[815668739718193278525896589089100545074854698485191477976534061728502890359786533618925253012623929235419020388895541232249324964901280818819963365701132774141827998523981226794673 0 0 0 0 0 0 0 0 0 0 0 0 0 0 0 0 0 0 0 0 0 0 0 0 0 0 0 0 0 0 0 0 0 0 0 0 0 0 0 0 0 0 0 0 0 0 0 0 0 0 0 1 0 0 0 0 0 0 0]
[273089639542612212794919986612513525051194800578600326762839967218775655827804988697939855862520978651324216357837161538626072114611236158016752867826942175887800699132845962144657 0 0 0 0 0 0 0 0 0 0 0 0 0 0 0 0 0 0 0 0 0 0 0 0 0 0 0 0 0 0 0 0 0 0 0 0 0 0 0 0 0 0 0 0 0 0 0 0 0 0 0 0 1 0 0 0 0 0 0]
[2824823449971188471009535103209034825749396596145158802904421838702212524450146147186536981032207360227183467009676761552722864428791117262873734825160672722768025649012723164983308 0 0 0 0 0 0 0 0 0 0 0 0 0 0 0 0 0 0 0 0 0 0 0 0 0 0 0 0 0 0 0 0 0 0 0 0 0 0 0 0 0 0 0 0 0 0 0 0 0 0 0 0 0 1 0 0 0 0 0]
[144226754314296171651819026192072608307520322303147934289773231116876931269465914018415751799814749151184705419594081279976381441321868089946895501902243063115093105629729391155018 0 0 0 0 0 0 0 0 0 0 0 0 0 0 0 0 0 0 0 0 0 0 0 0 0 0 0 0 0 0 0 0 0 0 0 0 0 0 0 0 0 0 0 0 0 0 0 0 0 0 0 0 0 0 1 0 0 0 0]
[1243778977969609023376022779664411293049434143775234120137481108761932969729453495826804238139514143469457202043692734185442528781283753780059928516338412025186447422676682023894667 0 0 0 0 0 0 0 0 0 0 0 0 0 0 0 0 0 0 0 0 0 0 0 0 0 0 0 0 0 0 0 0 0 0 0 0 0 0 0 0 0 0 0 0 0 0 0 0 0 0 0 0 0 0 0 1 0 0 0]
[752348823161008574544582105226770343092200690923562326577524883074861690790633128218870714834267690429052333655632906210203879649676568180082845855620736445954083933485512464462265 0 0 0 0 0 0 0 0 0 0 0 0 0 0 0 0 0 0 0 0 0 0 0 0 0 0 0 0 0 0 0 0 0 0 0 0 0 0 0 0 0 0 0 0 0 0 0 0 0 0 0 0 0 0 0 0 1 0 0]
[2501294935496108657715534231220230528689465267553884263686961240224308259540204803757330922556528270185069217225257689098802217336655051985489297997356203697968263596219118089357010 0 0 0 0 0 0 0 0 0 0 0 0 0 0 0 0 0 0 0 0 0 0 0 0 0 0 0 0 0 0 0 0 0 0 0 0 0 0 0 0 0 0 0 0 0 0 0 0 0 0 0 0 0 0 0 0 0 1 0]
[2422260578049634835180529830437893321198119067074522324935070457409729305017365423083600919785743574440338846277861787513439037732777141908784284178674033100005351975109202067668503 0 0 0 0 0 0 0 0 0 0 0 0 0 0 0 0 0 0 0 0 0 0 0 0 0 0 0 0 0 0 0 0 0 0 0 0 0 0 0 0 0 0 0 0 0 0 0 0 0 0 0 0 0 0 0 0 0 0 1]
]
60 61 6
[1 1 1 1 1 1 1 1 1 1 1 1 1 1 1 1 1 1 1 1 1 1 1 1 1 1 1 1 1 1 1 1 1 1 1 1 1 1 1 1 1 1 1 1 1 1 1 1 1 1 1 1 1 1 1 1 1 1 1 1 1]
