[[2742473368790677035758630627069333711312089768069101775191468667898547902946883443888727012494069776202942054581119982991811347711832070917987963850273960206499906213755667673010151 0 0 0 0 0 0 0 0 0 0 0 0 0 0 0 0 0 0 0 0 0 0 0 0 0 0 0 0 0 0 0 0 0 0 0 0 0 0 0 0 0 0 0 0 0 0 0 0 0 0 0 0 0 0 0 0 0 0 0]
[1505805127782661384389438299816201100037740799626959274000950836376614058044293019944646229834985335809393494093791278876051175830461837375130376359632382178759323661617296702836564 1 0 0 0 0 0 0 0 0 0 0 0 0 0 0 0 0 0 0 0 0 0 0 0 0 0 0 0 0 0 0 0 0 0 0 0 0 0 0 0 0 0 0 0 0 0 0 0 0 0 0 0 0 0 0 0 0 0 0]
[801644496551207543365018607033567618631452792013069513359287849973064593899610286561823700469131594761015966766979596579494894364050548048964149451216146047497759102196356196099594 0 1 0 0 0 0 0 0 0 0 0 0 0 0 0 0 0 0 0 0 0 0 0 0 0 0 0 0 0 0 0 0 0 0 0 0 0 0 0 0 0 0 0 0 0 0 0 0 0 0 0 0 0 0 0 0 0 0 0]
[1665378005172305084255007216188285122801830213773293599406246127278622744562258076587317242838472713787039385459550553596127072275611003522554149846165013652850599598441471662349075 0 0 1 0 0 0 0 0 0 0 0 0 0 0 0 0 0 0 0 0 0 0 0 0 0 0 0 0 0 0 0 0 0 0 0 0 0 0 0 0 0 0 0 0 0 0 0 0 0 0 0 0 0 0 0 0 0 0 0]
[2245178725442261813721899732672718062635567757125169776411003744279133976108389940588701678755284293157675064895924056714250754322703369691760413676335985867812742331267218588153757 0 0 0 1 0 0 0 0 0 0 0 0 0 0 0 0 0 0 0 0 0 0 0 0 0 0 0 0 0 0 0 0 0 0 0 0 0 0 0 0 0 0 0 0 0 0 0 0 0 0 0 0 0 0 0 0 0 0 0]
[2464360160487158230524754062557000822194969640863756065829920407495993951125543860921052636288351021672302945661086006307359634653511346658946570926251109133222209901549774979328207 0 0 0 0 1 0 0 0 0 0 0 0 0 0 0 0 0 0 0 0 0 0 0 0 0 0 0 0 0 0 0 0 0 0 0 0 0 0 0 0 0 0 0 0 0 0 0 0 0 0 0 0 0 0 0 0 0 0 0]
[1622952196632390039239986981889616830176509138560529900197718563800771891137443223356850969645793048562559596911538357627785440857424734349144077608158704263601543133777355276892729 0 0 0 0 0 1 0 0 0 0 0 0 0 0 0 0 0 0 0 0 0 0 0 0 0 0 0 0 0 0 0 0 0 0 0 0 0 0 0 0 0 0 0 0 0 0 0 0 0 0 0 0 0 0 0 0 0 0 0]
[843509013322938250118090860401714840527113967776904558593113283648695094841656008349753808741614994824393083244157810895647039256776510681874102725046484653330341568611612236312045 0 0 0 0 0 0 1 0 0 0 0 0 0 0 0 0 0 0 0 0 0 0 0 0 0 0 0 0 0 0 0 0 0 0 0 0 0 0 0 0 0 0 0 0 0 0 0 0 0 0 0 0 0 0 0 0 0 0 0]
[712840763720412793642334024943399995679307716194763109552172980488168327106516345936344028208771622762082116697215709092282026007027733267695532479845639040683873520477740249512393 0 0 0 0 0 0 0 1 0 0 0 0 0 0 0 0 0 0 0 0 0 0 0 0 0 0 0 0 0 0 0 0 0 0 0 0 0 0 0 0 0 0 0 0 0 0 0 0 0 0 0 0 0 0 0 0 0 0 0]
[926481891637322119213297587285120022825298304298360788660875845437332170474536091149124706709574080441314094549619740702014495067826120181459120865127564372701882869715811160100606 0 0 0 0 0 0 0 0 1 0 0 0 0 0 0 0 0 0 0 0 0 0 0 0 0 0 0 0 0 0 0 0 0 0 0 0 0 0 0 0 0 0 0 0 0 0 0 0 0 0 0 0 0 0 0 0 0 0 0]
[2212812136494159121124713902524150075216546519645481223412506424257597645940961921245357161033413964969380965203646504681748558770676658102662279523371019498626690329462621262806154 0 0 0 0 0 0 0 0 0 1 0 0 0 0 0 0 0 0 0 0 0 0 0 0 0 0 0 0 0 0 0 0 0 0 0 0 0 0 0 0 0 0 0 0 0 0 0 0 0 0 0 0 0 0 0 0 0 0 0]
[589123270123471761384292458466974330445373950343777038444116053919127072703870088122570283795902100233417479818029235135436859164605157821163725933595293047985305568507048414686255 0 0 0 0 0 0 0 0 0 0 1 0 0 0 0 0 0 0 0 0 0 0 0 0 0 0 0 0 0 0 0 0 0 0 0 0 0 0 0 0 0 0 0 0 0 0 0 0 0 0 0 0 0 0 0 0 0 0 0]
[2019314787212096205581736602604245521235414004081051341957410344414744340551008027228730846713582785497247647829692305123172427694103118708608303095844833882630082969043701765140756 0 0 0 0 0 0 0 0 0 0 0 1 0 0 0 0 0 0 0 0 0 0 0 0 0 0 0 0 0 0 0 0 0 0 0 0 0 0 0 0 0 0 0 0 0 0 0 0 0 0 0 0 0 0 0 0 0 0 0]
[2674319438103545668570096309774704130279316542863316609538127653298373066260336334206520601608540317721758575414119964767887141447043433887048954897698059425026920652347408421066322 0 0 0 0 0 0 0 0 0 0 0 0 1 0 0 0 0 0 0 0 0 0 0 0 0 0 0 0 0 0 0 0 0 0 0 0 0 0 0 0 0 0 0 0 0 0 0 0 0 0 0 0 0 0 0 0 0 0 0]
[308323310608425375388779340270460600938290986606438284219135215402373417726256077519387327156572929761996954049885425010038879191170888178252618992007693517702252329328779119887816 0 0 0 0 0 0 0 0 0 0 0 0 0 1 0 0 0 0 0 0 0 0 0 0 0 0 0 0 0 0 0 0 0 0 0 0 0 0 0 0 0 0 0 0 0 0 0 0 0 0 0 0 0 0 0 0 0 0 0]
[1371418024057374623451746108652318397901171922362035604881910542222553945688365848954204113567525182411510585320480727710914367622680957615547987575944695839002219990644017482388085 0 0 0 0 0 0 0 0 0 0 0 0 0 0 1 0 0 0 0 0 0 0 0 0 0 0 0 0 0 0 0 0 0 0 0 0 0 0 0 0 0 0 0 0 0 0 0 0 0 0 0 0 0 0 0 0 0 0 0]
[2100536097460486224207293011029515488456845754309700354278887333688188029265080678249487632536552465521461531615301974126779360446568375395877756317490181937834757672877357944206826 0 0 0 0 0 0 0 0 0 0 0 0 0 0 0 1 0 0 0 0 0 0 0 0 0 0 0 0 0 0 0 0 0 0 0 0 0 0 0 0 0 0 0 0 0 0 0 0 0 0 0 0 0 0 0 0 0 0 0]
[1399992932389972488599319963874255066184845779871038486700545584649912055087940446780388212290829843012406842435931745861616410165415915189851402412988765149926323021608435249762473 0 0 0 0 0 0 0 0 0 0 0 0 0 0 0 0 1 0 0 0 0 0 0 0 0 0 0 0 0 0 0 0 0 0 0 0 0 0 0 0 0 0 0 0 0 0 0 0 0 0 0 0 0 0 0 0 0 0 0]
[1063878743961547446036473749519864050209398444726797941633518162191021695732152139319696282151069545434510104377330114517192222414947934779452099295436140768023702948728175978335631 0 0 0 0 0 0 0 0 0 0 0 0 0 0 0 0 0 1 0 0 0 0 0 0 0 0 0 0 0 0 0 0 0 0 0 0 0 0 0 0 0 0 0 0 0 0 0 0 0 0 0 0 0 0 0 0 0 0 0]
[1268967717321820430033983800292960639584064059612073021845531382359451362311715443021135658904151862135376796047428481455497952381505225959466892914332220176214892703884381479626447 0 0 0 0 0 0 0 0 0 0 0 0 0 0 0 0 0 0 1 0 0 0 0 0 0 0 0 0 0 0 0 0 0 0 0 0 0 0 0 0 0 0 0 0 0 0 0 0 0 0 0 0 0 0 0 0 0 0 0]
[2216581209495573651056014537011273098910289230488258675110969201099407291793905913600197894060852306050653616439135430294403185403179811959210345451812357713023895303961796454439558 0 0 0 0 0 0 0 0 0 0 0 0 0 0 0 0 0 0 0 1 0 0 0 0 0 0 0 0 0 0 0 0 0 0 0 0 0 0 0 0 0 0 0 0 0 0 0 0 0 0 0 0 0 0 0 0 0 0 0]
[225284292666555181607150639809961459352109041268661836186291388472833406500874346384672205685595056298357223198791634246206293010038849770387818689908369789080187075605893010867032 0 0 0 0 0 0 0 0 0 0 0 0 0 0 0 0 0 0 0 0 1 0 0 0 0 0 0 0 0 0 0 0 0 0 0 0 0 0 0 0 0 0 0 0 0 0 0 0 0 0 0 0 0 0 0 0 0 0 0]
[2552320813288261868106343931222885658103502472370539383011580790440130998687030675001862162055129165973079172861913378847357184725621775491963962862247590350770070134844111321758537 0 0 0 0 0 0 0 0 0 0 0 0 0 0 0 0 0 0 0 0 0 1 0 0 0 0 0 0 0 0 0 0 0 0 0 0 0 0 0 0 0 0 0 0 0 0 0 0 0 0 0 0 0 0 0 0 0 0 0]
[2509417434909360702478440293268396056081557639792568763485588119938410554086079975808292314244093561991566301129799048777690561643375668444042917995731372218799676018128233035631584 0 0 0 0 0 0 0 0 0 0 0 0 0 0 0 0 0 0 0 0 0 0 1 0 0 0 0 0 0 0 0 0 0 0 0 0 0 0 0 0 0 0 0 0 0 0 0 0 0 0 0 0 0 0 0 0 0 0 0]
[2212357359719406899523084530510584023222038175234072172595396628960450108509921454748356679281868997433752034865769844305094863822654601325826850098214485298653373613563470031279090 0 0 0 0 0 0 0 0 0 0 0 0 0 0 0 0 0 0 0 0 0 0 0 1 0 0 0 0 0 0 0 0 0 0 0 0 0 0 0 0 0 0 0 0 0 0 0 0 0 0 0 0 0 0 0 0 0 0 0]
[1258972175685166416748089283521118146907411651180185397339393774349348692139854341485770913556609434723540960682345339551904312969603478580333888622448099177158103433619033328072571 0 0 0 0 0 0 0 0 0 0 0 0 0 0 0 0 0 0 0 0 0 0 0 0 1 0 0 0 0 0 0 0 0 0 0 0 0 0 0 0 0 0 0 0 0 0 0 0 0 0 0 0 0 0 0 0 0 0 0]
[1736325100645321679323606756005974647235462150185386320146226358090708170257370337418130715635891419884067098296719888798991993734248396605720742130228386484062911016974372052227412 0 0 0 0 0 0 0 0 0 0 0 0 0 0 0 0 0 0 0 0 0 0 0 0 0 1 0 0 0 0 0 0 0 0 0 0 0 0 0 0 0 0 0 0 0 0 0 0 0 0 0 0 0 0 0 0 0 0 0]
[2400763359642002836397454859341636641136182452293735635533887229903941571220108114839468946458135487279239947930129775163106657690641888651507165746752898960161282584382604787400212 0 0 0 0 0 0 0 0 0 0 0 0 0 0 0 0 0 0 0 0 0 0 0 0 0 0 1 0 0 0 0 0 0 0 0 0 0 0 0 0 0 0 0 0 0 0 0 0 0 0 0 0 0 0 0 0 0 0 0]
[916147431257737692783150265702593312465463270604509703001119610752348245060022333276908038681262965798997813679641373878443078288590417606174446156626282168771579239615173821995174 0 0 0 0 0 0 0 0 0 0 0 0 0 0 0 0 0 0 0 0 0 0 0 0 0 0 0 1 0 0 0 0 0 0 0 0 0 0 0 0 0 0 0 0 0 0 0 0 0 0 0 0 0 0 0 0 0 0 0]
[1262645783711054991139343067699818963592756254826482144756269033919841131704217808644489285730178962192624263419663740721464971856319968688758599368872143018090157068011761194772442 0 0 0 0 0 0 0 0 0 0 0 0 0 0 0 0 0 0 0 0 0 0 0 0 0 0 0 0 1 0 0 0 0 0 0 0 0 0 0 0 0 0 0 0 0 0 0 0 0 0 0 0 0 0 0 0 0 0 0]
[2518042191986957515341026545627915117851895414809805057496949565080538303433706508246055667307117533869479486233774373622769968585665208956907398244634157086215483212666601208609255 0 0 0 0 0 0 0 0 0 0 0 0 0 0 0 0 0 0 0 0 0 0 0 0 0 0 0 0 0 1 0 0 0 0 0 0 0 0 0 0 0 0 0 0 0 0 0 0 0 0 0 0 0 0 0 0 0 0 0]
[2101627333601446096281098945668475508590572191305480133164327062677214815962034873593183096457731441663474599092216313678165571368331534534913558759779556025736987074479275476802440 0 0 0 0 0 0 0 0 0 0 0 0 0 0 0 0 0 0 0 0 0 0 0 0 0 0 0 0 0 0 1 0 0 0 0 0 0 0 0 0 0 0 0 0 0 0 0 0 0 0 0 0 0 0 0 0 0 0 0]
[2276778010716784566907023999195176839705011118199486040061147837334419681431088948077306954584475370671879391895461581910084393626885798421821343313823210221880374009390341177647747 0 0 0 0 0 0 0 0 0 0 0 0 0 0 0 0 0 0 0 0 0 0 0 0 0 0 0 0 0 0 0 1 0 0 0 0 0 0 0 0 0 0 0 0 0 0 0 0 0 0 0 0 0 0 0 0 0 0 0]
[2319577636309487128312423053162323103507419950480371702100398300709252104435721805571642605014933452232186129541113989574021230418662779111310931485624254400864791181503600924297339 0 0 0 0 0 0 0 0 0 0 0 0 0 0 0 0 0 0 0 0 0 0 0 0 0 0 0 0 0 0 0 0 1 0 0 0 0 0 0 0 0 0 0 0 0 0 0 0 0 0 0 0 0 0 0 0 0 0 0]
[1154446279099311365552597841049307075939478371566604414076016589551455591355722523566951106397192656928763041147024028469765481606022658130860927579931327981861389952781425136055300 0 0 0 0 0 0 0 0 0 0 0 0 0 0 0 0 0 0 0 0 0 0 0 0 0 0 0 0 0 0 0 0 0 1 0 0 0 0 0 0 0 0 0 0 0 0 0 0 0 0 0 0 0 0 0 0 0 0 0]
[1639825417369680162807396425434319864977226968122192660449007645831532059332303653219969123232075775787521267285187352427417840428181777814532353784119191491277012949275617926285248 0 0 0 0 0 0 0 0 0 0 0 0 0 0 0 0 0 0 0 0 0 0 0 0 0 0 0 0 0 0 0 0 0 0 1 0 0 0 0 0 0 0 0 0 0 0 0 0 0 0 0 0 0 0 0 0 0 0 0]
[1818037379762736398091729100768520455097525146568955202835483692873117201381398239003975505541125160310881277711400819510807008686143145665683443435661864407776848906624014422863497 0 0 0 0 0 0 0 0 0 0 0 0 0 0 0 0 0 0 0 0 0 0 0 0 0 0 0 0 0 0 0 0 0 0 0 1 0 0 0 0 0 0 0 0 0 0 0 0 0 0 0 0 0 0 0 0 0 0 0]
[109185179606210799914807882132676067554165953574464163661771316809857492790050328898053097728031723596488603541534369664268742561621858921473417876095832423448845887515564815752779 0 0 0 0 0 0 0 0 0 0 0 0 0 0 0 0 0 0 0 0 0 0 0 0 0 0 0 0 0 0 0 0 0 0 0 0 1 0 0 0 0 0 0 0 0 0 0 0 0 0 0 0 0 0 0 0 0 0 0]
[283891606287586455816419588420530617799012083657759487284020731054289723028787304593148254871899113127256867574259258868868017340681834744621557851615658000073303040822150735839987 0 0 0 0 0 0 0 0 0 0 0 0 0 0 0 0 0 0 0 0 0 0 0 0 0 0 0 0 0 0 0 0 0 0 0 0 0 1 0 0 0 0 0 0 0 0 0 0 0 0 0 0 0 0 0 0 0 0 0]
[2628999412514552086513223680631758070083891776803373685701871740431703100475107381946980833190064021855962511780193488670197409569023630434182790969445572928297866159046140513427207 0 0 0 0 0 0 0 0 0 0 0 0 0 0 0 0 0 0 0 0 0 0 0 0 0 0 0 0 0 0 0 0 0 0 0 0 0 0 1 0 0 0 0 0 0 0 0 0 0 0 0 0 0 0 0 0 0 0 0]
[860143225662403433207065210796213116755383959528693686963596523280598840727547947976176443350743071237826096609440016648672441413085344831761518407494114872019444682930226108957921 0 0 0 0 0 0 0 0 0 0 0 0 0 0 0 0 0 0 0 0 0 0 0 0 0 0 0 0 0 0 0 0 0 0 0 0 0 0 0 1 0 0 0 0 0 0 0 0 0 0 0 0 0 0 0 0 0 0 0]
[1835367524498824279714135982078446541111952692386903993052433726784271661163858282463680759168330633684959366170684061742236731461632860775802140909758212000773566868751329857287083 0 0 0 0 0 0 0 0 0 0 0 0 0 0 0 0 0 0 0 0 0 0 0 0 0 0 0 0 0 0 0 0 0 0 0 0 0 0 0 0 1 0 0 0 0 0 0 0 0 0 0 0 0 0 0 0 0 0 0]
[2610506853534798042523023317302498712204749616842265170207002811568814391897452958892825835238514072549824444157744220125410913157486372673829720707815945975895628763017938064397041 0 0 0 0 0 0 0 0 0 0 0 0 0 0 0 0 0 0 0 0 0 0 0 0 0 0 0 0 0 0 0 0 0 0 0 0 0 0 0 0 0 1 0 0 0 0 0 0 0 0 0 0 0 0 0 0 0 0 0]
[1096285070209710838148283150119816301434498361769653223048930878583965209663872162794793598314369299755228051879475337907773563824016844217797125101900867931827750275586553867772242 0 0 0 0 0 0 0 0 0 0 0 0 0 0 0 0 0 0 0 0 0 0 0 0 0 0 0 0 0 0 0 0 0 0 0 0 0 0 0 0 0 0 1 0 0 0 0 0 0 0 0 0 0 0 0 0 0 0 0]
[18907576234098713406733804497031811074463766494699121439493935305993073378913283554238233085473385922127271845685987563381763208792532124289055503216940541853611250730945502584580 0 0 0 0 0 0 0 0 0 0 0 0 0 0 0 0 0 0 0 0 0 0 0 0 0 0 0 0 0 0 0 0 0 0 0 0 0 0 0 0 0 0 0 1 0 0 0 0 0 0 0 0 0 0 0 0 0 0 0]
[525802448390641870872476026305953135282098475717725825070754635715883376771109308840802971471205498531257143263637435014621832796868806643640781160381233886007407140987325724555171 0 0 0 0 0 0 0 0 0 0 0 0 0 0 0 0 0 0 0 0 0 0 0 0 0 0 0 0 0 0 0 0 0 0 0 0 0 0 0 0 0 0 0 0 1 0 0 0 0 0 0 0 0 0 0 0 0 0 0]
[1148549511508815709343307784251827809241770988183020205408434029154394775249013889322552415362729470378521194188067839124446713141400099266124812400917335459411622379023929577897197 0 0 0 0 0 0 0 0 0 0 0 0 0 0 0 0 0 0 0 0 0 0 0 0 0 0 0 0 0 0 0 0 0 0 0 0 0 0 0 0 0 0 0 0 0 1 0 0 0 0 0 0 0 0 0 0 0 0 0]
[445406755354281091851874844463408545201992258162712830345221863347691595405287348880551921311108772968286721505632774422755672228481359507993999688655677730071028100101821037199982 0 0 0 0 0 0 0 0 0 0 0 0 0 0 0 0 0 0 0 0 0 0 0 0 0 0 0 0 0 0 0 0 0 0 0 0 0 0 0 0 0 0 0 0 0 0 1 0 0 0 0 0 0 0 0 0 0 0 0]
[952607071397715525758927431985299023586145390902723942349467503487699866549937949800714537710057468688844528517103312163225353913500947304431571044552196160837355716259359451580776 0 0 0 0 0 0 0 0 0 0 0 0 0 0 0 0 0 0 0 0 0 0 0 0 0 0 0 0 0 0 0 0 0 0 0 0 0 0 0 0 0 0 0 0 0 0 0 1 0 0 0 0 0 0 0 0 0 0 0]
[252741900914988609198104339051375795982227238115331035039434015067091244011556703786239899615244612321016966810530184928088385914728938078870779608385431962396941837122467300766875 0 0 0 0 0 0 0 0 0 0 0 0 0 0 0 0 0 0 0 0 0 0 0 0 0 0 0 0 0 0 0 0 0 0 0 0 0 0 0 0 0 0 0 0 0 0 0 0 1 0 0 0 0 0 0 0 0 0 0]
[1391496679235966291246822505184994760234007554910793965307688158240161144603572906044199011401180342617443487411063483063923294550922198620114252033525238337246851052405698195943836 0 0 0 0 0 0 0 0 0 0 0 0 0 0 0 0 0 0 0 0 0 0 0 0 0 0 0 0 0 0 0 0 0 0 0 0 0 0 0 0 0 0 0 0 0 0 0 0 0 1 0 0 0 0 0 0 0 0 0]
[1708989524243784048113099013863619711437593220898781808915680371340631164830281037159871245000322185960977142055326935112172347008393721190270027789172031938508038282408152248167149 0 0 0 0 0 0 0 0 0 0 0 0 0 0 0 0 0 0 0 0 0 0 0 0 0 0 0 0 0 0 0 0 0 0 0 0 0 0 0 0 0 0 0 0 0 0 0 0 0 0 1 0 0 0 0 0 0 0 0]
[845821768000360767343010288784149581916427761078472570939226767766197744823089083502010138400909722744321115158588317298329435699867973390692335552444724292251966329628912390308404 0 0 0 0 0 0 0 0 0 0 0 0 0 0 0 0 0 0 0 0 0 0 0 0 0 0 0 0 0 0 0 0 0 0 0 0 0 0 0 0 0 0 0 0 0 0 0 0 0 0 0 1 0 0 0 0 0 0 0]
[326567752880128948820037082878721160437650880599386831681247268015745929481153032304137932304538448277767796370442657395254172238161903593668561643811271301036993633322455528737894 0 0 0 0 0 0 0 0 0 0 0 0 0 0 0 0 0 0 0 0 0 0 0 0 0 0 0 0 0 0 0 0 0 0 0 0 0 0 0 0 0 0 0 0 0 0 0 0 0 0 0 0 1 0 0 0 0 0 0]
[1591836537771150923925013249151421406437711820363689747393093975604446053424984029456339684773879206178287150289087629378248680034210772672724082325390435730924154609051417866521478 0 0 0 0 0 0 0 0 0 0 0 0 0 0 0 0 0 0 0 0 0 0 0 0 0 0 0 0 0 0 0 0 0 0 0 0 0 0 0 0 0 0 0 0 0 0 0 0 0 0 0 0 0 1 0 0 0 0 0]
[1309286678465985419360645841993147674440198455287098877693012069010272761478808785768779283027879793546453704785611141816918739160848151983709473315311344374611980274114068814136390 0 0 0 0 0 0 0 0 0 0 0 0 0 0 0 0 0 0 0 0 0 0 0 0 0 0 0 0 0 0 0 0 0 0 0 0 0 0 0 0 0 0 0 0 0 0 0 0 0 0 0 0 0 0 1 0 0 0 0]
[1425656328954827321696414264899602893827422841033450502114194562348164351600187768093144250135616347711203245710893050936383311576101449732485386094605818092710340860077418929389901 0 0 0 0 0 0 0 0 0 0 0 0 0 0 0 0 0 0 0 0 0 0 0 0 0 0 0 0 0 0 0 0 0 0 0 0 0 0 0 0 0 0 0 0 0 0 0 0 0 0 0 0 0 0 0 1 0 0 0]
[966266152724039981701177510611149034262269293902440202606268904047319267148710820657908941849259925783400478843978887646004533940617246161007913965082463126866270263597012610725340 0 0 0 0 0 0 0 0 0 0 0 0 0 0 0 0 0 0 0 0 0 0 0 0 0 0 0 0 0 0 0 0 0 0 0 0 0 0 0 0 0 0 0 0 0 0 0 0 0 0 0 0 0 0 0 0 1 0 0]
[757622845411033793912166312207941910534882093251879676993451581766332594350115976116960679999354352879785967567609319649397274951128257485611910917193647395677743526529384147933714 0 0 0 0 0 0 0 0 0 0 0 0 0 0 0 0 0 0 0 0 0 0 0 0 0 0 0 0 0 0 0 0 0 0 0 0 0 0 0 0 0 0 0 0 0 0 0 0 0 0 0 0 0 0 0 0 0 1 0]
[1638638306965024614337068884968912326554024011559621163884841865685116712254034939571051578324138240650981597995592938519263955556590743419385654023996250212375665491688984443994435 0 0 0 0 0 0 0 0 0 0 0 0 0 0 0 0 0 0 0 0 0 0 0 0 0 0 0 0 0 0 0 0 0 0 0 0 0 0 0 0 0 0 0 0 0 0 0 0 0 0 0 0 0 0 0 0 0 0 1]
]
60 61 0
[1 1 1 1 1 1 1 1 1 1 1 1 1 1 1 1 1 1 1 1 1 1 1 1 1 1 1 1 1 1 1 1 1 1 1 1 1 1 1 1 1 1 1 1 1 1 1 1 1 1 1 1 1 1 1 1 1 1 1 1 1]
