[[3216315029449279833013101073980670237068534719191491527378595440854498432097752226011902408497312756402996262293895702742486345134330608213021280408014069639427312787549165778736109 0 0 0 0 0 0 0 0 0 0 0 0 0 0 0 0 0 0 0 0 0 0 0 0 0 0 0 0 0 0 0 0 0 0 0 0 0 0 0 0 0 0 0 0 0 0 0 0 0 0 0 0 0 0 0 0 0 0 0]
[506910818038215658468239992971666628107686810432114299479471683155399400879415122738939422634046480017677206330483495711425038391227265216492080327917101446045486771706321217049693 1 0 0 0 0 0 0 0 0 0 0 0 0 0 0 0 0 0 0 0 0 0 0 0 0 0 0 0 0 0 0 0 0 0 0 0 0 0 0 0 0 0 0 0 0 0 0 0 0 0 0 0 0 0 0 0 0 0 0]
[2991571101140828012742395705370119191313780043094478387221700043524470296938116538378361388633797884702307645792610877483159099006731207891244732968110530849787917301995831408422683 0 1 0 0 0 0 0 0 0 0 0 0 0 0 0 0 0 0 0 0 0 0 0 0 0 0 0 0 0 0 0 0 0 0 0 0 0 0 0 0 0 0 0 0 0 0 0 0 0 0 0 0 0 0 0 0 0 0 0]
[2240222200690220722596369900407194422953275465528684362103831394085838372134287484689927584764907898741620468197092521739189388614608835360157121777163666790437535776168962731931417 0 0 1 0 0 0 0 0 0 0 0 0 0 0 0 0 0 0 0 0 0 0 0 0 0 0 0 0 0 0 0 0 0 0 0 0 0 0 0 0 0 0 0 0 0 0 0 0 0 0 0 0 0 0 0 0 0 0 0]
[1387789708318779408265287860981574362563156647448529914713556782813636976579986273601759485932788695857330166789233431049170687614290607639989472733973324330643718388580302073230901 0 0 0 1 0 0 0 0 0 0 0 0 0 0 0 0 0 0 0 0 0 0 0 0 0 0 0 0 0 0 0 0 0 0 0 0 0 0 0 0 0 0 0 0 0 0 0 0 0 0 0 0 0 0 0 0 0 0 0]
[2543603074330609347380131692881278379106822091684837018245787051510403791102057294349425854494597258777720238181763184957215332872432510366121907988434739281829572609393764295194102 0 0 0 0 1 0 0 0 0 0 0 0 0 0 0 0 0 0 0 0 0 0 0 0 0 0 0 0 0 0 0 0 0 0 0 0 0 0 0 0 0 0 0 0 0 0 0 0 0 0 0 0 0 0 0 0 0 0 0]
[834262779901286603360015351648327809409697282395121901584171786418115244718370335564637131199706517713189518061267015424813803493155759951059273913337666052294259255913173975739612 0 0 0 0 0 1 0 0 0 0 0 0 0 0 0 0 0 0 0 0 0 0 0 0 0 0 0 0 0 0 0 0 0 0 0 0 0 0 0 0 0 0 0 0 0 0 0 0 0 0 0 0 0 0 0 0 0 0 0]
[42366912905395840747591043919809114715930239069768617485063110458664489408414520589755043571123531423448145223281844543552540172119046764587565208104704286842059628389531379174605 0 0 0 0 0 0 1 0 0 0 0 0 0 0 0 0 0 0 0 0 0 0 0 0 0 0 0 0 0 0 0 0 0 0 0 0 0 0 0 0 0 0 0 0 0 0 0 0 0 0 0 0 0 0 0 0 0 0 0]
[2897755422173319833827555259288976354113357675474387703014795408340456547144975461786036400698663864025623727278439561660405804499877076624236732541350424736664971726481399379536847 0 0 0 0 0 0 0 1 0 0 0 0 0 0 0 0 0 0 0 0 0 0 0 0 0 0 0 0 0 0 0 0 0 0 0 0 0 0 0 0 0 0 0 0 0 0 0 0 0 0 0 0 0 0 0 0 0 0 0]
[2053638765243496519579136467514485265402303847103776750019200957338557851210722978420931536178469906264485679869574106674874240647779912732298685220854016143674167454646753004311986 0 0 0 0 0 0 0 0 1 0 0 0 0 0 0 0 0 0 0 0 0 0 0 0 0 0 0 0 0 0 0 0 0 0 0 0 0 0 0 0 0 0 0 0 0 0 0 0 0 0 0 0 0 0 0 0 0 0 0]
[3153920910348152244804479567157078234149247235925630679561795123964591461823477025631197397181563771960055035342134431237165261870656480822873420734987613473244033862932461458312708 0 0 0 0 0 0 0 0 0 1 0 0 0 0 0 0 0 0 0 0 0 0 0 0 0 0 0 0 0 0 0 0 0 0 0 0 0 0 0 0 0 0 0 0 0 0 0 0 0 0 0 0 0 0 0 0 0 0 0]
[2996880191309068971873580626609962524948902932801847154101709118933231188731247834082709696479067838328458071550507283597639332848340039796473471062684511277837105189029282288193945 0 0 0 0 0 0 0 0 0 0 1 0 0 0 0 0 0 0 0 0 0 0 0 0 0 0 0 0 0 0 0 0 0 0 0 0 0 0 0 0 0 0 0 0 0 0 0 0 0 0 0 0 0 0 0 0 0 0 0]
[2532299573599613229792628219166509699084071717458111058272591285759120277774881825235778938626871616894522098729161773120322367414417006538604433982989617716907538129910612371716210 0 0 0 0 0 0 0 0 0 0 0 1 0 0 0 0 0 0 0 0 0 0 0 0 0 0 0 0 0 0 0 0 0 0 0 0 0 0 0 0 0 0 0 0 0 0 0 0 0 0 0 0 0 0 0 0 0 0 0]
[2400325471420695995532389485911997206343368169660882780739210288263073833858230234204994454516064782529760717518156196347504335210559923935073042644649886103582959478672142680050413 0 0 0 0 0 0 0 0 0 0 0 0 1 0 0 0 0 0 0 0 0 0 0 0 0 0 0 0 0 0 0 0 0 0 0 0 0 0 0 0 0 0 0 0 0 0 0 0 0 0 0 0 0 0 0 0 0 0 0]
[1975254851350598699627941098850768101251676642415029486536603580869338604067511314636276346061043651968309532102932016165573816713549622377340153728969143088896641527735905454176185 0 0 0 0 0 0 0 0 0 0 0 0 0 1 0 0 0 0 0 0 0 0 0 0 0 0 0 0 0 0 0 0 0 0 0 0 0 0 0 0 0 0 0 0 0 0 0 0 0 0 0 0 0 0 0 0 0 0 0]
[3033069096436299552757935075110725833090450537042484044325564654207433994645726673161354459124370459387773542152355895226247171839414932378725863191595491641670279886259889805632113 0 0 0 0 0 0 0 0 0 0 0 0 0 0 1 0 0 0 0 0 0 0 0 0 0 0 0 0 0 0 0 0 0 0 0 0 0 0 0 0 0 0 0 0 0 0 0 0 0 0 0 0 0 0 0 0 0 0 0]
[2185500632291187596519776133369302263489295000159743226626265583776762509760009341353553941582528628988084251054731580686701112432946241464514798431468039730806723730674070039498461 0 0 0 0 0 0 0 0 0 0 0 0 0 0 0 1 0 0 0 0 0 0 0 0 0 0 0 0 0 0 0 0 0 0 0 0 0 0 0 0 0 0 0 0 0 0 0 0 0 0 0 0 0 0 0 0 0 0 0]
[1642381578426754264027148445975233936652935577360323899515839357435028477619599561569123618896138255972827628951410136392525459147906868296610771216229923098948391432632996220740207 0 0 0 0 0 0 0 0 0 0 0 0 0 0 0 0 1 0 0 0 0 0 0 0 0 0 0 0 0 0 0 0 0 0 0 0 0 0 0 0 0 0 0 0 0 0 0 0 0 0 0 0 0 0 0 0 0 0 0]
[1571584030984981400889649844284618202336704629045938295326107245229774213452425191909711078254059917841662584935403548374918219186628710610527512842631490871590522506577476555964949 0 0 0 0 0 0 0 0 0 0 0 0 0 0 0 0 0 1 0 0 0 0 0 0 0 0 0 0 0 0 0 0 0 0 0 0 0 0 0 0 0 0 0 0 0 0 0 0 0 0 0 0 0 0 0 0 0 0 0]
[2054733517877241271160230657947754095020095329201036377726573533378634853934294950524555174781132640858823229797343354038646394759311051843413773038445256417732490872323657660201862 0 0 0 0 0 0 0 0 0 0 0 0 0 0 0 0 0 0 1 0 0 0 0 0 0 0 0 0 0 0 0 0 0 0 0 0 0 0 0 0 0 0 0 0 0 0 0 0 0 0 0 0 0 0 0 0 0 0 0]
[2325854691362792381484047393058167716707530359835441625772509685268359212413899426177796409097876415926279234998000384798694831704370359817252119194276322454489741031120613960156032 0 0 0 0 0 0 0 0 0 0 0 0 0 0 0 0 0 0 0 1 0 0 0 0 0 0 0 0 0 0 0 0 0 0 0 0 0 0 0 0 0 0 0 0 0 0 0 0 0 0 0 0 0 0 0 0 0 0 0]
[3122702767220646572618115498492799691254388083328228746104069927110723895405765558363829862052037412347812829465789524179651785760152837461294678419500824142428908942970652573330664 0 0 0 0 0 0 0 0 0 0 0 0 0 0 0 0 0 0 0 0 1 0 0 0 0 0 0 0 0 0 0 0 0 0 0 0 0 0 0 0 0 0 0 0 0 0 0 0 0 0 0 0 0 0 0 0 0 0 0]
[863888631627129022959061377499926351181817893452525161916004203772325746489002584187754891437688739112361313581858701883308948299867337950196623443167734658655148130233327571531356 0 0 0 0 0 0 0 0 0 0 0 0 0 0 0 0 0 0 0 0 0 1 0 0 0 0 0 0 0 0 0 0 0 0 0 0 0 0 0 0 0 0 0 0 0 0 0 0 0 0 0 0 0 0 0 0 0 0 0]
[1389064326749817722196683152597788362026977177541892478081723765062856740319438390913068810602098507300815985607035666526669405380165037131947363172448256484150329301559851120022260 0 0 0 0 0 0 0 0 0 0 0 0 0 0 0 0 0 0 0 0 0 0 1 0 0 0 0 0 0 0 0 0 0 0 0 0 0 0 0 0 0 0 0 0 0 0 0 0 0 0 0 0 0 0 0 0 0 0 0]
[3093411781808618872345327569663335895875578399485958550730214536719443555428545126204354253605136302945251149261651154711544076502034553493476173293409262612093356271077994440204005 0 0 0 0 0 0 0 0 0 0 0 0 0 0 0 0 0 0 0 0 0 0 0 1 0 0 0 0 0 0 0 0 0 0 0 0 0 0 0 0 0 0 0 0 0 0 0 0 0 0 0 0 0 0 0 0 0 0 0]
[482831101168938819909582234025441458500583238893423467373964693209854460731817802751972818466300778506526549921372900907161419881602957060921248111970432703780708655767507669959312 0 0 0 0 0 0 0 0 0 0 0 0 0 0 0 0 0 0 0 0 0 0 0 0 1 0 0 0 0 0 0 0 0 0 0 0 0 0 0 0 0 0 0 0 0 0 0 0 0 0 0 0 0 0 0 0 0 0 0]
[865929318435203594335843269132758833757305191937161293864617745457822741562429372700966459875496196028292752942905011801935320180858675655948055795214250275854363077206220148324925 0 0 0 0 0 0 0 0 0 0 0 0 0 0 0 0 0 0 0 0 0 0 0 0 0 1 0 0 0 0 0 0 0 0 0 0 0 0 0 0 0 0 0 0 0 0 0 0 0 0 0 0 0 0 0 0 0 0 0]
[1741827977210276555886262599689877598329659244109287429154793963578774850401326865454574614603898198434090758241920516840161384295277232629626809428749399272389678447415300384847170 0 0 0 0 0 0 0 0 0 0 0 0 0 0 0 0 0 0 0 0 0 0 0 0 0 0 1 0 0 0 0 0 0 0 0 0 0 0 0 0 0 0 0 0 0 0 0 0 0 0 0 0 0 0 0 0 0 0 0]
[157328671596290068587919146995240080400633826040936027633786786871132173048569120094075980530413049439406190348374895107360255507664448227394603211890237477082374207082017713589047 0 0 0 0 0 0 0 0 0 0 0 0 0 0 0 0 0 0 0 0 0 0 0 0 0 0 0 1 0 0 0 0 0 0 0 0 0 0 0 0 0 0 0 0 0 0 0 0 0 0 0 0 0 0 0 0 0 0 0]
[2015652781409938794986843988438265466199877605824949240917339434814993415274492165328244188386031086986568700473992938606090461347782791766197584626030953591379325921085174219996182 0 0 0 0 0 0 0 0 0 0 0 0 0 0 0 0 0 0 0 0 0 0 0 0 0 0 0 0 1 0 0 0 0 0 0 0 0 0 0 0 0 0 0 0 0 0 0 0 0 0 0 0 0 0 0 0 0 0 0]
[1735740007307006875912356698955015023456727510954341666148896212474782634785911175210707174087903401965933170977191533555117401632335774411459828595819600777045427801391848268411558 0 0 0 0 0 0 0 0 0 0 0 0 0 0 0 0 0 0 0 0 0 0 0 0 0 0 0 0 0 1 0 0 0 0 0 0 0 0 0 0 0 0 0 0 0 0 0 0 0 0 0 0 0 0 0 0 0 0 0]
[156254440880963453740469764799444276580119707505020987192274255104536324054194369442056385269705820678435252033591755324522564442438363882335683935314379868157137607376939183087539 0 0 0 0 0 0 0 0 0 0 0 0 0 0 0 0 0 0 0 0 0 0 0 0 0 0 0 0 0 0 1 0 0 0 0 0 0 0 0 0 0 0 0 0 0 0 0 0 0 0 0 0 0 0 0 0 0 0 0]
[2682367498018226353458764984036001500365255556516328291659931506039425123604417095519433826372247976413119259275669577665811341613402806542659233261435524817235935247223508878322351 0 0 0 0 0 0 0 0 0 0 0 0 0 0 0 0 0 0 0 0 0 0 0 0 0 0 0 0 0 0 0 1 0 0 0 0 0 0 0 0 0 0 0 0 0 0 0 0 0 0 0 0 0 0 0 0 0 0 0]
[3207564210750111792604796071753256918861034939685061068677253521389544854560862182691468527941950421488767100869154012425576985141220341068547785331829352060822592536906778724912563 0 0 0 0 0 0 0 0 0 0 0 0 0 0 0 0 0 0 0 0 0 0 0 0 0 0 0 0 0 0 0 0 1 0 0 0 0 0 0 0 0 0 0 0 0 0 0 0 0 0 0 0 0 0 0 0 0 0 0]
[248008613165951407346944292512557256852907535634170858030943349058522775659985619940321288858693345183666755936906070418877392968095080592582857115390328356733700259554948725323726 0 0 0 0 0 0 0 0 0 0 0 0 0 0 0 0 0 0 0 0 0 0 0 0 0 0 0 0 0 0 0 0 0 1 0 0 0 0 0 0 0 0 0 0 0 0 0 0 0 0 0 0 0 0 0 0 0 0 0]
[2892135766079096531205798147090971822335405851183034539870377020056897115966991428279138029043857437001566199527982529486718307752505868503683858947487656927482390837187350212550887 0 0 0 0 0 0 0 0 0 0 0 0 0 0 0 0 0 0 0 0 0 0 0 0 0 0 0 0 0 0 0 0 0 0 1 0 0 0 0 0 0 0 0 0 0 0 0 0 0 0 0 0 0 0 0 0 0 0 0]
[1120226401119969572092967220703819308697781766427460017868865322944525286587505923900994799014642189906491582171478610805630940121278313908320613488821448286969164083960564686792927 0 0 0 0 0 0 0 0 0 0 0 0 0 0 0 0 0 0 0 0 0 0 0 0 0 0 0 0 0 0 0 0 0 0 0 1 0 0 0 0 0 0 0 0 0 0 0 0 0 0 0 0 0 0 0 0 0 0 0]
[2498423567439770539878912688775335503597596434432951823290266904638587770913060481969900317212773195974985360184693409751892961084649530563818931314184124286052901593899815033946445 0 0 0 0 0 0 0 0 0 0 0 0 0 0 0 0 0 0 0 0 0 0 0 0 0 0 0 0 0 0 0 0 0 0 0 0 1 0 0 0 0 0 0 0 0 0 0 0 0 0 0 0 0 0 0 0 0 0 0]
[3206452616760315179477327899816560961976987793412313524537753310696381345982138481706111346915906049661944721717399388239794724809658081790391591266608280004869413343034355578823715 0 0 0 0 0 0 0 0 0 0 0 0 0 0 0 0 0 0 0 0 0 0 0 0 0 0 0 0 0 0 0 0 0 0 0 0 0 1 0 0 0 0 0 0 0 0 0 0 0 0 0 0 0 0 0 0 0 0 0]
[284317569385439892583532796479409730578795642275485064331927190395557502465021965148428004239859272468427168945058896348793383896078166313423064510719635832358798889242468286138610 0 0 0 0 0 0 0 0 0 0 0 0 0 0 0 0 0 0 0 0 0 0 0 0 0 0 0 0 0 0 0 0 0 0 0 0 0 0 1 0 0 0 0 0 0 0 0 0 0 0 0 0 0 0 0 0 0 0 0]
[1066463317488546171547870525812870543790232437465704135801886594629836342148382860536022890856156590106184766575926651121248014724464075824058612999861831737988668893572356304044919 0 0 0 0 0 0 0 0 0 0 0 0 0 0 0 0 0 0 0 0 0 0 0 0 0 0 0 0 0 0 0 0 0 0 0 0 0 0 0 1 0 0 0 0 0 0 0 0 0 0 0 0 0 0 0 0 0 0 0]
[2853351228558928709345005473881142422001111405136536479849667321683382148588974951455267539306821583522876542813137107160987568520235392921451975785610478836277558578755537386654300 0 0 0 0 0 0 0 0 0 0 0 0 0 0 0 0 0 0 0 0 0 0 0 0 0 0 0 0 0 0 0 0 0 0 0 0 0 0 0 0 1 0 0 0 0 0 0 0 0 0 0 0 0 0 0 0 0 0 0]
[706684578007891272875049261487158253554242848616028601212163944446105355450677482426314884453801827593490480309624311582584137859798238532070106799903679434499736643881839570164992 0 0 0 0 0 0 0 0 0 0 0 0 0 0 0 0 0 0 0 0 0 0 0 0 0 0 0 0 0 0 0 0 0 0 0 0 0 0 0 0 0 1 0 0 0 0 0 0 0 0 0 0 0 0 0 0 0 0 0]
[228814868683293166532404482201095969201907152038378283558973676126117909723307376338584656295040222434372741886354023768674227424478070320084607563848475059651373312193044721519147 0 0 0 0 0 0 0 0 0 0 0 0 0 0 0 0 0 0 0 0 0 0 0 0 0 0 0 0 0 0 0 0 0 0 0 0 0 0 0 0 0 0 1 0 0 0 0 0 0 0 0 0 0 0 0 0 0 0 0]
[242218474083155180109325504905864516927980244017134710105551769836203500312671000088911880243357732050473635441721140996464660085731838946472010632619329806827959782238575702226266 0 0 0 0 0 0 0 0 0 0 0 0 0 0 0 0 0 0 0 0 0 0 0 0 0 0 0 0 0 0 0 0 0 0 0 0 0 0 0 0 0 0 0 1 0 0 0 0 0 0 0 0 0 0 0 0 0 0 0]
[2101551021272407922208771698259899367169907064851280689629740423085537300123744299920556272646098436085583909801734948592110890902854358820515093364633679124090208274017425052892736 0 0 0 0 0 0 0 0 0 0 0 0 0 0 0 0 0 0 0 0 0 0 0 0 0 0 0 0 0 0 0 0 0 0 0 0 0 0 0 0 0 0 0 0 1 0 0 0 0 0 0 0 0 0 0 0 0 0 0]
[1153458972847332694751911712631476374674853260925314493265507779999599013383405756220237455727736293049700866501939929251510753720331292064713644829694910580292879504973344029779816 0 0 0 0 0 0 0 0 0 0 0 0 0 0 0 0 0 0 0 0 0 0 0 0 0 0 0 0 0 0 0 0 0 0 0 0 0 0 0 0 0 0 0 0 0 1 0 0 0 0 0 0 0 0 0 0 0 0 0]
[349957732201956993406454801447656555856430711894378389997252695438962936517878192492876636776758944619873535399589343481972768281243899874812350395695001599745488463573771727230703 0 0 0 0 0 0 0 0 0 0 0 0 0 0 0 0 0 0 0 0 0 0 0 0 0 0 0 0 0 0 0 0 0 0 0 0 0 0 0 0 0 0 0 0 0 0 1 0 0 0 0 0 0 0 0 0 0 0 0]
[94285769701946402710046124715394258539636583808368551064332961054302098790024078734741580313055160691573204039205329451811951461322163699647818476094945190702581198517845976629986 0 0 0 0 0 0 0 0 0 0 0 0 0 0 0 0 0 0 0 0 0 0 0 0 0 0 0 0 0 0 0 0 0 0 0 0 0 0 0 0 0 0 0 0 0 0 0 1 0 0 0 0 0 0 0 0 0 0 0]
[842053946338051896444951800345406743412897196170825521520547751347594970120890037975450499351235744768422502759546979336039764177549043319169631109805418854383131258363719418811143 0 0 0 0 0 0 0 0 0 0 0 0 0 0 0 0 0 0 0 0 0 0 0 0 0 0 0 0 0 0 0 0 0 0 0 0 0 0 0 0 0 0 0 0 0 0 0 0 1 0 0 0 0 0 0 0 0 0 0]
[786663474211057994040085545799764916742046155213254690257455575892223081579528998510346031240899448458889420911398209906745202403086609411754059274667224237245368351395797650227284 0 0 0 0 0 0 0 0 0 0 0 0 0 0 0 0 0 0 0 0 0 0 0 0 0 0 0 0 0 0 0 0 0 0 0 0 0 0 0 0 0 0 0 0 0 0 0 0 0 1 0 0 0 0 0 0 0 0 0]
[524646225478920165380336968186261246523351089287017331396282678152851704265110419527708572147138273787445839139193293213356141909327115904795048535897466431306569144769357904161978 0 0 0 0 0 0 0 0 0 0 0 0 0 0 0 0 0 0 0 0 0 0 0 0 0 0 0 0 0 0 0 0 0 0 0 0 0 0 0 0 0 0 0 0 0 0 0 0 0 0 1 0 0 0 0 0 0 0 0]
[2761756536746400305730725137453442488572709119229825606642659115720831065545010062849587408850044597804734256346730767638577682217595537766409617989340232061950689197715910549902912 0 0 0 0 0 0 0 0 0 0 0 0 0 0 0 0 0 0 0 0 0 0 0 0 0 0 0 0 0 0 0 0 0 0 0 0 0 0 0 0 0 0 0 0 0 0 0 0 0 0 0 1 0 0 0 0 0 0 0]
[2561279898866777776414211352344803358052305263399807349228095264120362618391507335090916507928496954722774532128431725518568571479521733389862488924484143003195205969804994376182065 0 0 0 0 0 0 0 0 0 0 0 0 0 0 0 0 0 0 0 0 0 0 0 0 0 0 0 0 0 0 0 0 0 0 0 0 0 0 0 0 0 0 0 0 0 0 0 0 0 0 0 0 1 0 0 0 0 0 0]
[615367684680931810387573666923148596096591734983477206198344713125103468542860727468589668011566171495495663078202200643796998964852836597696938882820636920899875707555215166015597 0 0 0 0 0 0 0 0 0 0 0 0 0 0 0 0 0 0 0 0 0 0 0 0 0 0 0 0 0 0 0 0 0 0 0 0 0 0 0 0 0 0 0 0 0 0 0 0 0 0 0 0 0 1 0 0 0 0 0]
[1244430962041701335269040295382709996109503682698409758556017767065833319536617281480578370551399908397169329300541317267582404227901795225617247052335079525044697960503970188516868 0 0 0 0 0 0 0 0 0 0 0 0 0 0 0 0 0 0 0 0 0 0 0 0 0 0 0 0 0 0 0 0 0 0 0 0 0 0 0 0 0 0 0 0 0 0 0 0 0 0 0 0 0 0 1 0 0 0 0]
[1983147527463767197961035483126370413853576358397921294071065780903498985992517339041613394358714756803184929765021075158977647292439764909538641015377568842272690259369511146363407 0 0 0 0 0 0 0 0 0 0 0 0 0 0 0 0 0 0 0 0 0 0 0 0 0 0 0 0 0 0 0 0 0 0 0 0 0 0 0 0 0 0 0 0 0 0 0 0 0 0 0 0 0 0 0 1 0 0 0]
[1791266107434419110479444964145367114940094844698671450943259044728715538563300489865856354718034854617788418538616125572903869077017365529242639594996122573270367470608113023053329 0 0 0 0 0 0 0 0 0 0 0 0 0 0 0 0 0 0 0 0 0 0 0 0 0 0 0 0 0 0 0 0 0 0 0 0 0 0 0 0 0 0 0 0 0 0 0 0 0 0 0 0 0 0 0 0 1 0 0]
[1431046682365591122549593165550404321075921202108297154920869582939083482456669536004666490942359079745159597883720145896840381420897888834039040288579909592235098913227825004739012 0 0 0 0 0 0 0 0 0 0 0 0 0 0 0 0 0 0 0 0 0 0 0 0 0 0 0 0 0 0 0 0 0 0 0 0 0 0 0 0 0 0 0 0 0 0 0 0 0 0 0 0 0 0 0 0 0 1 0]
[2246889201824785010678388706600583459502014459397766639268916920843199843576331609186290689201364026271380204151656285921170372318785567285449111318163378724384534350638391310976611 0 0 0 0 0 0 0 0 0 0 0 0 0 0 0 0 0 0 0 0 0 0 0 0 0 0 0 0 0 0 0 0 0 0 0 0 0 0 0 0 0 0 0 0 0 0 0 0 0 0 0 0 0 0 0 0 0 0 1]
]
60 61 1
[1 1 1 1 1 1 1 1 1 1 1 1 1 1 1 1 1 1 1 1 1 1 1 1 1 1 1 1 1 1 1 1 1 1 1 1 1 1 1 1 1 1 1 1 1 1 1 1 1 1 1 1 1 1 1 1 1 1 1 1 1]
