[[3287280233529973547719935958917097538711763198367166841278553515083270785622871650718310331699612601440415009648020070880866511264479324702364742343363653520192237410007423630711599 0 0 0 0 0 0 0 0 0 0 0 0 0 0 0 0 0 0 0 0 0 0 0 0 0 0 0 0 0 0 0 0 0 0 0 0 0 0 0 0 0 0 0 0 0 0 0 0 0 0 0 0 0 0 0 0 0 0 0]
[1415818379483723004998785541278285793462920433871581565827890082882446395182604151674439250384646349812881574530316079272043601470739395999552665155942480451892110793185258143198913 1 0 0 0 0 0 0 0 0 0 0 0 0 0 0 0 0 0 0 0 0 0 0 0 0 0 0 0 0 0 0 0 0 0 0 0 0 0 0 0 0 0 0 0 0 0 0 0 0 0 0 0 0 0 0 0 0 0 0]
[2559679774620427580264661511045956464367150936008388505216726887669592192768989845910875020424757496257065567923580140069923479141126316051412727380442100660079979527208133005208188 0 1 0 0 0 0 0 0 0 0 0 0 0 0 0 0 0 0 0 0 0 0 0 0 0 0 0 0 0 0 0 0 0 0 0 0 0 0 0 0 0 0 0 0 0 0 0 0 0 0 0 0 0 0 0 0 0 0 0]
[2085571219641270985086248496968962032527149069968974854306223045148151534441011490835166454571676949636474191603996772120568838055376570975610124415156509200414374034028477740113275 0 0 1 0 0 0 0 0 0 0 0 0 0 0 0 0 0 0 0 0 0 0 0 0 0 0 0 0 0 0 0 0 0 0 0 0 0 0 0 0 0 0 0 0 0 0 0 0 0 0 0 0 0 0 0 0 0 0 0]
[1801031239059440365129424700044252012402679765746015002066075534456657164329615167581740132520229505995020465655862106216762282450312435007692051079426337598819717716645299493882756 0 0 0 1 0 0 0 0 0 0 0 0 0 0 0 0 0 0 0 0 0 0 0 0 0 0 0 0 0 0 0 0 0 0 0 0 0 0 0 0 0 0 0 0 0 0 0 0 0 0 0 0 0 0 0 0 0 0 0]
[469266041650687951562356181837574579578345161312644695591550411811241208416253697538703836578101370208612230449974462085655585165344948471292142087634441078152006235855551182032585 0 0 0 0 1 0 0 0 0 0 0 0 0 0 0 0 0 0 0 0 0 0 0 0 0 0 0 0 0 0 0 0 0 0 0 0 0 0 0 0 0 0 0 0 0 0 0 0 0 0 0 0 0 0 0 0 0 0 0]
[1266427834253870250415490164349016533445409996565482194710505655230498751700641927594211388572125738888499368852317921714329290238574975665214013130562526195394557346020347241359374 0 0 0 0 0 1 0 0 0 0 0 0 0 0 0 0 0 0 0 0 0 0 0 0 0 0 0 0 0 0 0 0 0 0 0 0 0 0 0 0 0 0 0 0 0 0 0 0 0 0 0 0 0 0 0 0 0 0 0]
[1409081796017643440676019952664774010274274337744959773025958913596717185006749753974691021247883333580244589310029896666768945079031309205224603991564576696134752333889357551758069 0 0 0 0 0 0 1 0 0 0 0 0 0 0 0 0 0 0 0 0 0 0 0 0 0 0 0 0 0 0 0 0 0 0 0 0 0 0 0 0 0 0 0 0 0 0 0 0 0 0 0 0 0 0 0 0 0 0 0]
[1125001484360222357523455380822480437413928897652668002033525322368695118636388118906249976540153544756380121949894009736342896815144479502744808558621804927046327532660362237449459 0 0 0 0 0 0 0 1 0 0 0 0 0 0 0 0 0 0 0 0 0 0 0 0 0 0 0 0 0 0 0 0 0 0 0 0 0 0 0 0 0 0 0 0 0 0 0 0 0 0 0 0 0 0 0 0 0 0 0]
[1710528634165970192233714809238934018135794298618394514963767152192450893193924645373312131090547329784717932597961308823000885662609293760578850528533890735541343413104802171677046 0 0 0 0 0 0 0 0 1 0 0 0 0 0 0 0 0 0 0 0 0 0 0 0 0 0 0 0 0 0 0 0 0 0 0 0 0 0 0 0 0 0 0 0 0 0 0 0 0 0 0 0 0 0 0 0 0 0 0]
[1040185514856186384553147894538887261286078102588670557764594540241301175304276134172607342701546561999071106175704927815861110482948812363508348162445291825094411217731188321462236 0 0 0 0 0 0 0 0 0 1 0 0 0 0 0 0 0 0 0 0 0 0 0 0 0 0 0 0 0 0 0 0 0 0 0 0 0 0 0 0 0 0 0 0 0 0 0 0 0 0 0 0 0 0 0 0 0 0 0]
[3018987276314218254372056973408956547670440615814439210450120693399881234220719610977015957791902137693233191933908788736087560067635745876521862519843111952483155867672067613260361 0 0 0 0 0 0 0 0 0 0 1 0 0 0 0 0 0 0 0 0 0 0 0 0 0 0 0 0 0 0 0 0 0 0 0 0 0 0 0 0 0 0 0 0 0 0 0 0 0 0 0 0 0 0 0 0 0 0 0]
[1581067155078874787593031245903144630612565151864200316488669423660533411379811614426796699834992051096987670203819062259967773071108639270555205948928462760015764458558137574958625 0 0 0 0 0 0 0 0 0 0 0 1 0 0 0 0 0 0 0 0 0 0 0 0 0 0 0 0 0 0 0 0 0 0 0 0 0 0 0 0 0 0 0 0 0 0 0 0 0 0 0 0 0 0 0 0 0 0 0]
[2790960895831465721391003015523159319228363004108582760980900114372158659322704641238838786605345978539940632998147237633867154709746715359535692143473499133769496106168500652117887 0 0 0 0 0 0 0 0 0 0 0 0 1 0 0 0 0 0 0 0 0 0 0 0 0 0 0 0 0 0 0 0 0 0 0 0 0 0 0 0 0 0 0 0 0 0 0 0 0 0 0 0 0 0 0 0 0 0 0]
[55095615631629426224390372654905623363009118111430303808153334211167512852012815103606944360887875505557464916487744978601261733409753997849452951840768109820527956523320167517415 0 0 0 0 0 0 0 0 0 0 0 0 0 1 0 0 0 0 0 0 0 0 0 0 0 0 0 0 0 0 0 0 0 0 0 0 0 0 0 0 0 0 0 0 0 0 0 0 0 0 0 0 0 0 0 0 0 0 0]
[2428687363384439392736672701538763496581065358250606616483886634197235607542201247606188953357825158785209665587548302950746266160565204739264137409519084553132109306905142745171168 0 0 0 0 0 0 0 0 0 0 0 0 0 0 1 0 0 0 0 0 0 0 0 0 0 0 0 0 0 0 0 0 0 0 0 0 0 0 0 0 0 0 0 0 0 0 0 0 0 0 0 0 0 0 0 0 0 0 0]
[2911704911883557044199082330104032554725708034297517101749435724572240386944156771924944525391667498630172592984479471630581313558806445919254198780177559914863127696995939564459698 0 0 0 0 0 0 0 0 0 0 0 0 0 0 0 1 0 0 0 0 0 0 0 0 0 0 0 0 0 0 0 0 0 0 0 0 0 0 0 0 0 0 0 0 0 0 0 0 0 0 0 0 0 0 0 0 0 0 0]
[1053667466304813828130900118617920992965460407317746203116064949206804327306286416871062167229909539948255132594477548852205045056290041642200277320911054442073493432987846245633648 0 0 0 0 0 0 0 0 0 0 0 0 0 0 0 0 1 0 0 0 0 0 0 0 0 0 0 0 0 0 0 0 0 0 0 0 0 0 0 0 0 0 0 0 0 0 0 0 0 0 0 0 0 0 0 0 0 0 0]
[2680024940829847601946687152003176892647519360337254450065346995960677523132934917750068240702437161240228572196216683221475387475991436146310528342779756407945012968975099454218564 0 0 0 0 0 0 0 0 0 0 0 0 0 0 0 0 0 1 0 0 0 0 0 0 0 0 0 0 0 0 0 0 0 0 0 0 0 0 0 0 0 0 0 0 0 0 0 0 0 0 0 0 0 0 0 0 0 0 0]
[3159807304102141707684976773918410650411845082887959433713522242791474323876426933950792423721846516578046536651465862931545876145565471370004552895655062862631586739353095560439318 0 0 0 0 0 0 0 0 0 0 0 0 0 0 0 0 0 0 1 0 0 0 0 0 0 0 0 0 0 0 0 0 0 0 0 0 0 0 0 0 0 0 0 0 0 0 0 0 0 0 0 0 0 0 0 0 0 0 0]
[915175019142441875262165531624229619751844995262432505091275997226059625865959955185828735028184123703784001973063488985771095805736517862913389346551636922919659485493019199216795 0 0 0 0 0 0 0 0 0 0 0 0 0 0 0 0 0 0 0 1 0 0 0 0 0 0 0 0 0 0 0 0 0 0 0 0 0 0 0 0 0 0 0 0 0 0 0 0 0 0 0 0 0 0 0 0 0 0 0]
[1071689679246854334316304256158534881866346015104571321217800050556586516315635782257554444417527994109780652210020180253521980381609856986296448792361504536365343496006513105356730 0 0 0 0 0 0 0 0 0 0 0 0 0 0 0 0 0 0 0 0 1 0 0 0 0 0 0 0 0 0 0 0 0 0 0 0 0 0 0 0 0 0 0 0 0 0 0 0 0 0 0 0 0 0 0 0 0 0 0]
[1412808201210452590680483920211356947501945764415523033411979669140680204314845555468477227592345734594816225181113041446233382462240836874922583694433162501513687558599303149571806 0 0 0 0 0 0 0 0 0 0 0 0 0 0 0 0 0 0 0 0 0 1 0 0 0 0 0 0 0 0 0 0 0 0 0 0 0 0 0 0 0 0 0 0 0 0 0 0 0 0 0 0 0 0 0 0 0 0 0]
[3117840145748362937273633562987628925180531883915579778963526490363984969794261774171418597317123298767853594308618048629132492764251157255975741983086064274261619586887873052795564 0 0 0 0 0 0 0 0 0 0 0 0 0 0 0 0 0 0 0 0 0 0 1 0 0 0 0 0 0 0 0 0 0 0 0 0 0 0 0 0 0 0 0 0 0 0 0 0 0 0 0 0 0 0 0 0 0 0 0]
[1714506331536803496723451321207152260973665585989439651192849499162375799007954258306579548059112011435684336939533072042681092375800770930883150391466756573287471234217497152007651 0 0 0 0 0 0 0 0 0 0 0 0 0 0 0 0 0 0 0 0 0 0 0 1 0 0 0 0 0 0 0 0 0 0 0 0 0 0 0 0 0 0 0 0 0 0 0 0 0 0 0 0 0 0 0 0 0 0 0]
[2076348847201497093705248925702746680351420591102072007814123672659505440869549125223569812587168913914321049307677955405811894385976606794261444166869807221637349078936055082831613 0 0 0 0 0 0 0 0 0 0 0 0 0 0 0 0 0 0 0 0 0 0 0 0 1 0 0 0 0 0 0 0 0 0 0 0 0 0 0 0 0 0 0 0 0 0 0 0 0 0 0 0 0 0 0 0 0 0 0]
[2036873933420814471321006040320915711029237290771550830923957874865869852563836967077270055673759195190555451585061872173057800479690575036411593500307633094229272766336865820209290 0 0 0 0 0 0 0 0 0 0 0 0 0 0 0 0 0 0 0 0 0 0 0 0 0 1 0 0 0 0 0 0 0 0 0 0 0 0 0 0 0 0 0 0 0 0 0 0 0 0 0 0 0 0 0 0 0 0 0]
[681779024086988820443609707979839122985437134984908837227568521792970918140669019065025889066682860187445728829793626332031710635889141888828960685983590278071497669152079649599483 0 0 0 0 0 0 0 0 0 0 0 0 0 0 0 0 0 0 0 0 0 0 0 0 0 0 1 0 0 0 0 0 0 0 0 0 0 0 0 0 0 0 0 0 0 0 0 0 0 0 0 0 0 0 0 0 0 0 0]
[2842323865212992686529038413500442106992198620292170642247531134386667264482329251854560637875266874272996538332643899512431927985629429183509177354300667646890373051856958402975180 0 0 0 0 0 0 0 0 0 0 0 0 0 0 0 0 0 0 0 0 0 0 0 0 0 0 0 1 0 0 0 0 0 0 0 0 0 0 0 0 0 0 0 0 0 0 0 0 0 0 0 0 0 0 0 0 0 0 0]
[2694475144706881552728027397592334582551502866355983927075999038483839336706266863355380476390146774674551915913051418049809587802509814490072203721970452900138294434331166850616451 0 0 0 0 0 0 0 0 0 0 0 0 0 0 0 0 0 0 0 0 0 0 0 0 0 0 0 0 1 0 0 0 0 0 0 0 0 0 0 0 0 0 0 0 0 0 0 0 0 0 0 0 0 0 0 0 0 0 0]
[349475376036612433824822496454125078655516569472592970208960301624017297371982332025011804191794249835733289905575052642662029070799943945396899693980136126618161904567189327504527 0 0 0 0 0 0 0 0 0 0 0 0 0 0 0 0 0 0 0 0 0 0 0 0 0 0 0 0 0 1 0 0 0 0 0 0 0 0 0 0 0 0 0 0 0 0 0 0 0 0 0 0 0 0 0 0 0 0 0]
[1710053517741157789417459820891320416500472039260303543534285101526253591916381809832269718890267631473113675768952876653271774376185865639669494133176936538787258324343949644908223 0 0 0 0 0 0 0 0 0 0 0 0 0 0 0 0 0 0 0 0 0 0 0 0 0 0 0 0 0 0 1 0 0 0 0 0 0 0 0 0 0 0 0 0 0 0 0 0 0 0 0 0 0 0 0 0 0 0 0]
[1284086835194859210689271943826810307616281010667453563291425269270065553350512469670564649375272217270389396368594899137366716986351030837860047454472418830695807042785401728136330 0 0 0 0 0 0 0 0 0 0 0 0 0 0 0 0 0 0 0 0 0 0 0 0 0 0 0 0 0 0 0 1 0 0 0 0 0 0 0 0 0 0 0 0 0 0 0 0 0 0 0 0 0 0 0 0 0 0 0]
[739816651587031447570268008006651497405740484973405069799226790499322016971257962824691661265316542629039768327627007369917453623796134292495852113950411099790733229655861789913055 0 0 0 0 0 0 0 0 0 0 0 0 0 0 0 0 0 0 0 0 0 0 0 0 0 0 0 0 0 0 0 0 1 0 0 0 0 0 0 0 0 0 0 0 0 0 0 0 0 0 0 0 0 0 0 0 0 0 0]
[2297870401704454136157389117836207768102677956295063475342770871477919694232447347594486103104491133049004591250153791635439909453291241688700637716213400640952059244468996992447632 0 0 0 0 0 0 0 0 0 0 0 0 0 0 0 0 0 0 0 0 0 0 0 0 0 0 0 0 0 0 0 0 0 1 0 0 0 0 0 0 0 0 0 0 0 0 0 0 0 0 0 0 0 0 0 0 0 0 0]
[2472904384924643608488832668694776834826358505241961606700203390461579575281482680524206780755035071502803311005332702009589724585772502373324908811425652072114787754477716215176105 0 0 0 0 0 0 0 0 0 0 0 0 0 0 0 0 0 0 0 0 0 0 0 0 0 0 0 0 0 0 0 0 0 0 1 0 0 0 0 0 0 0 0 0 0 0 0 0 0 0 0 0 0 0 0 0 0 0 0]
[2765740774302603311697744998298392005922625742151386334927932363809105772150144256289156014402678209423702811648268100312662517463071247651326529649212019983918445529892840312521405 0 0 0 0 0 0 0 0 0 0 0 0 0 0 0 0 0 0 0 0 0 0 0 0 0 0 0 0 0 0 0 0 0 0 0 1 0 0 0 0 0 0 0 0 0 0 0 0 0 0 0 0 0 0 0 0 0 0 0]
[1763270604308452106979882721699171294475690801196788727405312306119585677350461782794813008853294709710873198469980650670319002722112868236094812750854250479960838490112874182663171 0 0 0 0 0 0 0 0 0 0 0 0 0 0 0 0 0 0 0 0 0 0 0 0 0 0 0 0 0 0 0 0 0 0 0 0 1 0 0 0 0 0 0 0 0 0 0 0 0 0 0 0 0 0 0 0 0 0 0]
[2050115856830286156643276589724913714364087891553358175482337278949888688821971938671162383943805385870210936901097330376278405976162145024886959399219287899704535782621829858622887 0 0 0 0 0 0 0 0 0 0 0 0 0 0 0 0 0 0 0 0 0 0 0 0 0 0 0 0 0 0 0 0 0 0 0 0 0 1 0 0 0 0 0 0 0 0 0 0 0 0 0 0 0 0 0 0 0 0 0]
[1880522879069915501554607237732330007573346457406266222785293110224330323643299103069583939278616096380671374942825127336493146019624837822195629361693413813544561858673043689277503 0 0 0 0 0 0 0 0 0 0 0 0 0 0 0 0 0 0 0 0 0 0 0 0 0 0 0 0 0 0 0 0 0 0 0 0 0 0 1 0 0 0 0 0 0 0 0 0 0 0 0 0 0 0 0 0 0 0 0]
[79651796826910948692725310372522923330466417941240765321890028141926814841506492578188851468264044070438565738989443668603608774892927967973928225831976720285669074820096986278920 0 0 0 0 0 0 0 0 0 0 0 0 0 0 0 0 0 0 0 0 0 0 0 0 0 0 0 0 0 0 0 0 0 0 0 0 0 0 0 1 0 0 0 0 0 0 0 0 0 0 0 0 0 0 0 0 0 0 0]
[35242249518361366073416216611268703147695209133325782526609541903970563824530866261670336458309913567930977677522376075046253216796061216671501563606089952996146566534715015126721 0 0 0 0 0 0 0 0 0 0 0 0 0 0 0 0 0 0 0 0 0 0 0 0 0 0 0 0 0 0 0 0 0 0 0 0 0 0 0 0 1 0 0 0 0 0 0 0 0 0 0 0 0 0 0 0 0 0 0]
[3113616598910907971252774619413782157226405897122704765197235205043861923736301734963583546481287059480061355523486007459836421725393399099457868599710088144744033677862622605174872 0 0 0 0 0 0 0 0 0 0 0 0 0 0 0 0 0 0 0 0 0 0 0 0 0 0 0 0 0 0 0 0 0 0 0 0 0 0 0 0 0 1 0 0 0 0 0 0 0 0 0 0 0 0 0 0 0 0 0]
[2363321208739670172685743856102971010259123858494154974106176226365462308908246646051232718191256300258760491439385059317335800062918686671969585804963835718045737657493939118842476 0 0 0 0 0 0 0 0 0 0 0 0 0 0 0 0 0 0 0 0 0 0 0 0 0 0 0 0 0 0 0 0 0 0 0 0 0 0 0 0 0 0 1 0 0 0 0 0 0 0 0 0 0 0 0 0 0 0 0]
[2785520884342952828986920606559731506912662725962394297750673979378913169802199308700984306770839091096803483552667311703604482666911315078145460549466105702989975616300916877756831 0 0 0 0 0 0 0 0 0 0 0 0 0 0 0 0 0 0 0 0 0 0 0 0 0 0 0 0 0 0 0 0 0 0 0 0 0 0 0 0 0 0 0 1 0 0 0 0 0 0 0 0 0 0 0 0 0 0 0]
[3102672333208795158340103330342455555696901529737986853604321665937282750684052955589624807710754721954946159641095847737073342832239460700918966821707202462898076191408192462414841 0 0 0 0 0 0 0 0 0 0 0 0 0 0 0 0 0 0 0 0 0 0 0 0 0 0 0 0 0 0 0 0 0 0 0 0 0 0 0 0 0 0 0 0 1 0 0 0 0 0 0 0 0 0 0 0 0 0 0]
[1713387969993998576113378104729407668740135738320363415081183910010562748554336096324430699411182478356684663291682003489110953380328255787737887667261572483098355421107046514206683 0 0 0 0 0 0 0 0 0 0 0 0 0 0 0 0 0 0 0 0 0 0 0 0 0 0 0 0 0 0 0 0 0 0 0 0 0 0 0 0 0 0 0 0 0 1 0 0 0 0 0 0 0 0 0 0 0 0 0]
[2323415817659012761760029825109689465985079420276597850250075957199902978748158086608125101523099291593035651776678915676877326014359635774688523310122435325847765495823199156468790 0 0 0 0 0 0 0 0 0 0 0 0 0 0 0 0 0 0 0 0 0 0 0 0 0 0 0 0 0 0 0 0 0 0 0 0 0 0 0 0 0 0 0 0 0 0 1 0 0 0 0 0 0 0 0 0 0 0 0]
[519935200151620748388268308079843140205217261336515948483154512463241689500051162051646074265876279711717779008729649613392704306935081014073900553356848199657574435244490173608395 0 0 0 0 0 0 0 0 0 0 0 0 0 0 0 0 0 0 0 0 0 0 0 0 0 0 0 0 0 0 0 0 0 0 0 0 0 0 0 0 0 0 0 0 0 0 0 1 0 0 0 0 0 0 0 0 0 0 0]
[925422598693939665658429177076646234911743283053227534236013028848755239605932594085244795245552606507523883316866476859607077068205402194354913440067542302764799234102234947188894 0 0 0 0 0 0 0 0 0 0 0 0 0 0 0 0 0 0 0 0 0 0 0 0 0 0 0 0 0 0 0 0 0 0 0 0 0 0 0 0 0 0 0 0 0 0 0 0 1 0 0 0 0 0 0 0 0 0 0]
[1637257215858092534978203081205088483328668304806145397177752406696352481042442190722916428585073159588061542532568221063783799042951758329655705762506486551344495281680215647678757 0 0 0 0 0 0 0 0 0 0 0 0 0 0 0 0 0 0 0 0 0 0 0 0 0 0 0 0 0 0 0 0 0 0 0 0 0 0 0 0 0 0 0 0 0 0 0 0 0 1 0 0 0 0 0 0 0 0 0]
[2755456052075146328394330838196214813067724846436543602899695615786193699945438933564567850379019422490448793204611136080493255122800573264483427951064927500187311487925717724250085 0 0 0 0 0 0 0 0 0 0 0 0 0 0 0 0 0 0 0 0 0 0 0 0 0 0 0 0 0 0 0 0 0 0 0 0 0 0 0 0 0 0 0 0 0 0 0 0 0 0 1 0 0 0 0 0 0 0 0]
[670500846493901174451070289945135117797795354526764329850248989008037320143592177678286007387484644395792375602584127169370597127264936187742212372337474233352247179459102139111017 0 0 0 0 0 0 0 0 0 0 0 0 0 0 0 0 0 0 0 0 0 0 0 0 0 0 0 0 0 0 0 0 0 0 0 0 0 0 0 0 0 0 0 0 0 0 0 0 0 0 0 1 0 0 0 0 0 0 0]
[898251187094141059593520100237305852349199694373070060011109695121046827781314683938355020836659872777921956219989963356618116851668461462487967690567569801994306168916980287664460 0 0 0 0 0 0 0 0 0 0 0 0 0 0 0 0 0 0 0 0 0 0 0 0 0 0 0 0 0 0 0 0 0 0 0 0 0 0 0 0 0 0 0 0 0 0 0 0 0 0 0 0 1 0 0 0 0 0 0]
[2438048558451438913322450904788313371096442015618158614592874273138653713884232083195177451256329275773133540408335533634767020631602438155410647258003604157677566996607517312808945 0 0 0 0 0 0 0 0 0 0 0 0 0 0 0 0 0 0 0 0 0 0 0 0 0 0 0 0 0 0 0 0 0 0 0 0 0 0 0 0 0 0 0 0 0 0 0 0 0 0 0 0 0 1 0 0 0 0 0]
[2811580472232889514933260399023186831325366357619579218784957786870993920922791473341951835474671602963747612667893254546193383166529585922793158043639547151782628999679407334830113 0 0 0 0 0 0 0 0 0 0 0 0 0 0 0 0 0 0 0 0 0 0 0 0 0 0 0 0 0 0 0 0 0 0 0 0 0 0 0 0 0 0 0 0 0 0 0 0 0 0 0 0 0 0 1 0 0 0 0]
[1497111249253522508959965444284850970053251921470841261598646673769500086010641931533454884909959671954495446975888681976947206305623557134646546849861706875601737842335213374421400 0 0 0 0 0 0 0 0 0 0 0 0 0 0 0 0 0 0 0 0 0 0 0 0 0 0 0 0 0 0 0 0 0 0 0 0 0 0 0 0 0 0 0 0 0 0 0 0 0 0 0 0 0 0 0 1 0 0 0]
[2462362323008531004050544564075087804601110081912179319176869529802928143526499150784249617693797447183229668334229366514670865867675381386445384640015819094860615173802730521045022 0 0 0 0 0 0 0 0 0 0 0 0 0 0 0 0 0 0 0 0 0 0 0 0 0 0 0 0 0 0 0 0 0 0 0 0 0 0 0 0 0 0 0 0 0 0 0 0 0 0 0 0 0 0 0 0 1 0 0]
[125790021963560793042178815460057575523866710557741913940555732319305146780710447617096578915045252335740971379165241422116257715391112411975003074466739058790176813985363846204955 0 0 0 0 0 0 0 0 0 0 0 0 0 0 0 0 0 0 0 0 0 0 0 0 0 0 0 0 0 0 0 0 0 0 0 0 0 0 0 0 0 0 0 0 0 0 0 0 0 0 0 0 0 0 0 0 0 1 0]
[2964616527183684554645380077243722125858113349994250373162614879351971248411360138401794610181951443631328954282003540630453413329959023217418803003828405541708763496341678517993175 0 0 0 0 0 0 0 0 0 0 0 0 0 0 0 0 0 0 0 0 0 0 0 0 0 0 0 0 0 0 0 0 0 0 0 0 0 0 0 0 0 0 0 0 0 0 0 0 0 0 0 0 0 0 0 0 0 0 1]
]
60 61 5
[1 1 1 1 1 1 1 1 1 1 1 1 1 1 1 1 1 1 1 1 1 1 1 1 1 1 1 1 1 1 1 1 1 1 1 1 1 1 1 1 1 1 1 1 1 1 1 1 1 1 1 1 1 1 1 1 1 1 1 1 1]
