[[3115022278537234406767356285696431850855526016397584205974442273056008378470654684074594772339422353364670544975241539995477789689436510555723481974640402714462822206877179611218177 0 0 0 0 0 0 0 0 0 0 0 0 0 0 0 0 0 0 0 0 0 0 0 0 0 0 0 0 0 0 0 0 0 0 0 0 0 0 0 0 0 0 0 0 0 0 0 0 0 0 0 0 0 0 0 0 0 0 0]
[972320839004612898377663576257764816690776306129140964095343505951022577641205346850901748763728128405465686021459649358611750629170518495132782060227079640615936943310234211729942 1 0 0 0 0 0 0 0 0 0 0 0 0 0 0 0 0 0 0 0 0 0 0 0 0 0 0 0 0 0 0 0 0 0 0 0 0 0 0 0 0 0 0 0 0 0 0 0 0 0 0 0 0 0 0 0 0 0 0]
[1614424521245856134138224908384430126350633877163073193041237083024486767509544153808799494454885283788137375194007078067964792734458555547887695940045982443016991895475998476163605 0 1 0 0 0 0 0 0 0 0 0 0 0 0 0 0 0 0 0 0 0 0 0 0 0 0 0 0 0 0 0 0 0 0 0 0 0 0 0 0 0 0 0 0 0 0 0 0 0 0 0 0 0 0 0 0 0 0 0]
[2649125546686154063261263792673495578290552804671808615382533543668826867585423880424834616206594684017063139695479173558309257779291841805254476899439536780662855949457215331940462 0 0 1 0 0 0 0 0 0 0 0 0 0 0 0 0 0 0 0 0 0 0 0 0 0 0 0 0 0 0 0 0 0 0 0 0 0 0 0 0 0 0 0 0 0 0 0 0 0 0 0 0 0 0 0 0 0 0 0]
[2707339206145613828572666897823501410834580734711351471630445003438953935487401230831467292748148393504158329230225173329277034433691411341030105559026438332047540552083303995203226 0 0 0 1 0 0 0 0 0 0 0 0 0 0 0 0 0 0 0 0 0 0 0 0 0 0 0 0 0 0 0 0 0 0 0 0 0 0 0 0 0 0 0 0 0 0 0 0 0 0 0 0 0 0 0 0 0 0 0]
[1932392457584753507527127950511569721452531424383821367032991067087038528657380886466471318000112424870131315487743170779795660945178792527250913063715704122561112106348655577444234 0 0 0 0 1 0 0 0 0 0 0 0 0 0 0 0 0 0 0 0 0 0 0 0 0 0 0 0 0 0 0 0 0 0 0 0 0 0 0 0 0 0 0 0 0 0 0 0 0 0 0 0 0 0 0 0 0 0 0]
[234150908345579818522970095539597389983934673753680962704678165280460479688297485117660600010154252031101370398744105019917026826167780926251063760721024067108203404684711001939239 0 0 0 0 0 1 0 0 0 0 0 0 0 0 0 0 0 0 0 0 0 0 0 0 0 0 0 0 0 0 0 0 0 0 0 0 0 0 0 0 0 0 0 0 0 0 0 0 0 0 0 0 0 0 0 0 0 0 0]
[631423628538902949182779722764531045300138524773981915152127003918386869991316447398728050811935338836630890898805792144230995013215395144568317320310099627290930832400823863563051 0 0 0 0 0 0 1 0 0 0 0 0 0 0 0 0 0 0 0 0 0 0 0 0 0 0 0 0 0 0 0 0 0 0 0 0 0 0 0 0 0 0 0 0 0 0 0 0 0 0 0 0 0 0 0 0 0 0 0]
[534537528162006061181066220781051702879979046986303730807433058386644616493903909764783717595324553542592351683018184938420294282984320269363514266101753711186267607400722547765540 0 0 0 0 0 0 0 1 0 0 0 0 0 0 0 0 0 0 0 0 0 0 0 0 0 0 0 0 0 0 0 0 0 0 0 0 0 0 0 0 0 0 0 0 0 0 0 0 0 0 0 0 0 0 0 0 0 0 0]
[1704914386956609035761933947587166858337340313347651507297445045144744575173389153208766769575020009878249190478839714649380918873432042430155037846200274549589080789213789178247227 0 0 0 0 0 0 0 0 1 0 0 0 0 0 0 0 0 0 0 0 0 0 0 0 0 0 0 0 0 0 0 0 0 0 0 0 0 0 0 0 0 0 0 0 0 0 0 0 0 0 0 0 0 0 0 0 0 0 0]
[1969984897660857511000949661247439827584087056214656489835365578152624290493264720639159929385364348605522190501647910803637180052806959520525614916033575387122195074475945461955783 0 0 0 0 0 0 0 0 0 1 0 0 0 0 0 0 0 0 0 0 0 0 0 0 0 0 0 0 0 0 0 0 0 0 0 0 0 0 0 0 0 0 0 0 0 0 0 0 0 0 0 0 0 0 0 0 0 0 0]
[44630375956684229402919695368727628739800118454457855208922998099439985213972539808680874576883066220253313381474475504849269385189190584136538328184660909830319357207240983788106 0 0 0 0 0 0 0 0 0 0 1 0 0 0 0 0 0 0 0 0 0 0 0 0 0 0 0 0 0 0 0 0 0 0 0 0 0 0 0 0 0 0 0 0 0 0 0 0 0 0 0 0 0 0 0 0 0 0 0]
[535270900891354774552781116025924227966143227554268367082868735001121481970283113202473405026314029591760220054819600265521694677819573306566339489148728968489515291671421789546901 0 0 0 0 0 0 0 0 0 0 0 1 0 0 0 0 0 0 0 0 0 0 0 0 0 0 0 0 0 0 0 0 0 0 0 0 0 0 0 0 0 0 0 0 0 0 0 0 0 0 0 0 0 0 0 0 0 0 0]
[1665175304604112959184135125368680746424786552622098918133179785916772115374014429380906679349289856730308555898675820230627763275277362331607408991840416306620775714472756375046973 0 0 0 0 0 0 0 0 0 0 0 0 1 0 0 0 0 0 0 0 0 0 0 0 0 0 0 0 0 0 0 0 0 0 0 0 0 0 0 0 0 0 0 0 0 0 0 0 0 0 0 0 0 0 0 0 0 0 0]
[392095641815052210426400116375329244262951192760979410980309115513415385666320473942413348923354600073887255366898503097031775668211631255437803727815040595786266250817712781733785 0 0 0 0 0 0 0 0 0 0 0 0 0 1 0 0 0 0 0 0 0 0 0 0 0 0 0 0 0 0 0 0 0 0 0 0 0 0 0 0 0 0 0 0 0 0 0 0 0 0 0 0 0 0 0 0 0 0 0]
[1316861011353527725433118559168453838772279279678441016006749215586339700326982964236093948436621197182681321645048858140066991463413704212899354555954120703573431016068695658541749 0 0 0 0 0 0 0 0 0 0 0 0 0 0 1 0 0 0 0 0 0 0 0 0 0 0 0 0 0 0 0 0 0 0 0 0 0 0 0 0 0 0 0 0 0 0 0 0 0 0 0 0 0 0 0 0 0 0 0]
[1731095595692583654045829102146462054457628281838707893330965334308606818058037176466824237091514306724377976256697048961915181098487080610742245949055728117280870553588968479451869 0 0 0 0 0 0 0 0 0 0 0 0 0 0 0 1 0 0 0 0 0 0 0 0 0 0 0 0 0 0 0 0 0 0 0 0 0 0 0 0 0 0 0 0 0 0 0 0 0 0 0 0 0 0 0 0 0 0 0]
[1654820193742416704915912803060845686769929966572757363984745492109733910344557634637319607613956302649682595700612475371733791227613630481187409901892248773431526862323452105045806 0 0 0 0 0 0 0 0 0 0 0 0 0 0 0 0 1 0 0 0 0 0 0 0 0 0 0 0 0 0 0 0 0 0 0 0 0 0 0 0 0 0 0 0 0 0 0 0 0 0 0 0 0 0 0 0 0 0 0]
[2316513945960674488033171036708366402800674983402612735863275287261763358139732791847474714213726005147060388453683494986123635997358173983737572476741891326320419773579755871622651 0 0 0 0 0 0 0 0 0 0 0 0 0 0 0 0 0 1 0 0 0 0 0 0 0 0 0 0 0 0 0 0 0 0 0 0 0 0 0 0 0 0 0 0 0 0 0 0 0 0 0 0 0 0 0 0 0 0 0]
[564230431296761789939291713639835318894920270456283047400897337138480934282993525601084528514530599544672923709058526425415185918339716901845727571553395800943522761132100034969491 0 0 0 0 0 0 0 0 0 0 0 0 0 0 0 0 0 0 1 0 0 0 0 0 0 0 0 0 0 0 0 0 0 0 0 0 0 0 0 0 0 0 0 0 0 0 0 0 0 0 0 0 0 0 0 0 0 0 0]
[108994624982959057507955791507007478859793522273613676806507197493155895539270445617324080115271151978884623714576571861624670741628957726348785428208235114061427263953221864373630 0 0 0 0 0 0 0 0 0 0 0 0 0 0 0 0 0 0 0 1 0 0 0 0 0 0 0 0 0 0 0 0 0 0 0 0 0 0 0 0 0 0 0 0 0 0 0 0 0 0 0 0 0 0 0 0 0 0 0]
[1768983671001828636873006997022920271023574109820031713987069425275730253142955575207069490534024330275883778208126671869352659156308947539860468736533738833707635672502887324237229 0 0 0 0 0 0 0 0 0 0 0 0 0 0 0 0 0 0 0 0 1 0 0 0 0 0 0 0 0 0 0 0 0 0 0 0 0 0 0 0 0 0 0 0 0 0 0 0 0 0 0 0 0 0 0 0 0 0 0]
[650603887554496639407567106380730303416991932597726153766061755843321032037581836114565497867013792248668436881918681544080982816501485778014451682155214413234536151747949868608845 0 0 0 0 0 0 0 0 0 0 0 0 0 0 0 0 0 0 0 0 0 1 0 0 0 0 0 0 0 0 0 0 0 0 0 0 0 0 0 0 0 0 0 0 0 0 0 0 0 0 0 0 0 0 0 0 0 0 0]
[2299674528156274458559460309419194524438058079432081197303946208604909018816763145169618178380007407242470957220354189842586084902127647154313252638348411898342568425116278735080974 0 0 0 0 0 0 0 0 0 0 0 0 0 0 0 0 0 0 0 0 0 0 1 0 0 0 0 0 0 0 0 0 0 0 0 0 0 0 0 0 0 0 0 0 0 0 0 0 0 0 0 0 0 0 0 0 0 0 0]
[1567127955295603021740346676915364461094022832040485821528110604983243078822632962939480511472463094121331700424352826213253413027915407511335516480709680601708701999343747701919702 0 0 0 0 0 0 0 0 0 0 0 0 0 0 0 0 0 0 0 0 0 0 0 1 0 0 0 0 0 0 0 0 0 0 0 0 0 0 0 0 0 0 0 0 0 0 0 0 0 0 0 0 0 0 0 0 0 0 0]
[2765993124069808499575825709719736968027305884658118695419775659101848161435941609767377276519509475833243996787757472099620479713640317188361651588099413395593607347354006204812033 0 0 0 0 0 0 0 0 0 0 0 0 0 0 0 0 0 0 0 0 0 0 0 0 1 0 0 0 0 0 0 0 0 0 0 0 0 0 0 0 0 0 0 0 0 0 0 0 0 0 0 0 0 0 0 0 0 0 0]
[1405281247464748270290136701783937891265913411167550513848507220418804791361179549183046459228621283678607282769147252259579712036186055472954331057765560441967626968584876772551232 0 0 0 0 0 0 0 0 0 0 0 0 0 0 0 0 0 0 0 0 0 0 0 0 0 1 0 0 0 0 0 0 0 0 0 0 0 0 0 0 0 0 0 0 0 0 0 0 0 0 0 0 0 0 0 0 0 0 0]
[830646561342455493491485387961803589031769313139312332843422055625083330806110961513900707800673859520998073991834633825133042780942423621932797072003125537045836062216502451912605 0 0 0 0 0 0 0 0 0 0 0 0 0 0 0 0 0 0 0 0 0 0 0 0 0 0 1 0 0 0 0 0 0 0 0 0 0 0 0 0 0 0 0 0 0 0 0 0 0 0 0 0 0 0 0 0 0 0 0]
[1432261762042349737924223177753137285204297573644281378648662065602839753298466567400405826507539201961919584434272049070104849539186499460762603173658607299240050650086636862718732 0 0 0 0 0 0 0 0 0 0 0 0 0 0 0 0 0 0 0 0 0 0 0 0 0 0 0 1 0 0 0 0 0 0 0 0 0 0 0 0 0 0 0 0 0 0 0 0 0 0 0 0 0 0 0 0 0 0 0]
[47536320736857658964315901432953663076971532035172998754174078816567674073017671556146375679663320010758671176043729265663649324065926303506725297995746665305328433961399444075448 0 0 0 0 0 0 0 0 0 0 0 0 0 0 0 0 0 0 0 0 0 0 0 0 0 0 0 0 1 0 0 0 0 0 0 0 0 0 0 0 0 0 0 0 0 0 0 0 0 0 0 0 0 0 0 0 0 0 0]
[1152802011180429720766173874106216888656777753296806618776107040324917714934033822867716396653591952635385018063988907488965825629434686383406037624209095588064731535137784209518981 0 0 0 0 0 0 0 0 0 0 0 0 0 0 0 0 0 0 0 0 0 0 0 0 0 0 0 0 0 1 0 0 0 0 0 0 0 0 0 0 0 0 0 0 0 0 0 0 0 0 0 0 0 0 0 0 0 0 0]
[2326519662404180856914550407412389682928261136844617759008138913839249009977780366989208740039977079978242214590270372079343746017564872972897177809258464291732877266398777074398097 0 0 0 0 0 0 0 0 0 0 0 0 0 0 0 0 0 0 0 0 0 0 0 0 0 0 0 0 0 0 1 0 0 0 0 0 0 0 0 0 0 0 0 0 0 0 0 0 0 0 0 0 0 0 0 0 0 0 0]
[165964099624297625513990847082041109873419599052335070337454764882628931869126052786490078166294485135693314871262951781689915386518645351540622553160693687967361670656883090845567 0 0 0 0 0 0 0 0 0 0 0 0 0 0 0 0 0 0 0 0 0 0 0 0 0 0 0 0 0 0 0 1 0 0 0 0 0 0 0 0 0 0 0 0 0 0 0 0 0 0 0 0 0 0 0 0 0 0 0]
[1296548395014276264711085652197385943516769449952915654200396584101802055055665942873796010587204658859052289605876464374604217436912267677255413297729479515223138353342955469401920 0 0 0 0 0 0 0 0 0 0 0 0 0 0 0 0 0 0 0 0 0 0 0 0 0 0 0 0 0 0 0 0 1 0 0 0 0 0 0 0 0 0 0 0 0 0 0 0 0 0 0 0 0 0 0 0 0 0 0]
[87189332357602235865023556720448992914754203839523647603650890603112086205723679678312669760137457969762465636208082416180546536436116623414226755068137276994924390302280491529761 0 0 0 0 0 0 0 0 0 0 0 0 0 0 0 0 0 0 0 0 0 0 0 0 0 0 0 0 0 0 0 0 0 1 0 0 0 0 0 0 0 0 0 0 0 0 0 0 0 0 0 0 0 0 0 0 0 0 0]
[2892045276117967100460935781493056617386143893299622647797885899814621707912002458772223915347955425519169310594602831126469798605932411497018039153431806702421897064725830017928717 0 0 0 0 0 0 0 0 0 0 0 0 0 0 0 0 0 0 0 0 0 0 0 0 0 0 0 0 0 0 0 0 0 0 1 0 0 0 0 0 0 0 0 0 0 0 0 0 0 0 0 0 0 0 0 0 0 0 0]
[2191398707033838037413691788230328267841442656962874851351600034145580373501074495441151629226006955850930829345596501333993796737913563065478565962556771244546021423465451620529716 0 0 0 0 0 0 0 0 0 0 0 0 0 0 0 0 0 0 0 0 0 0 0 0 0 0 0 0 0 0 0 0 0 0 0 1 0 0 0 0 0 0 0 0 0 0 0 0 0 0 0 0 0 0 0 0 0 0 0]
[68020056450119934960570682869583494173872583256358097059639414983825101415270360553637803109685133818376602459799661514723604879553177001020456107254301024953611093307463214332318 0 0 0 0 0 0 0 0 0 0 0 0 0 0 0 0 0 0 0 0 0 0 0 0 0 0 0 0 0 0 0 0 0 0 0 0 1 0 0 0 0 0 0 0 0 0 0 0 0 0 0 0 0 0 0 0 0 0 0]
[2401139388956931499689954514432627990138456962027003190619934073695585372606539165438569465711956562345478595292658515973182019292974798328710781886779799083503786700323785002560599 0 0 0 0 0 0 0 0 0 0 0 0 0 0 0 0 0 0 0 0 0 0 0 0 0 0 0 0 0 0 0 0 0 0 0 0 0 1 0 0 0 0 0 0 0 0 0 0 0 0 0 0 0 0 0 0 0 0 0]
[30644032576619561163768246819325038325101128672260882458616951551332940112235269286860266520845168814334584611781846423312504724542779043006810105753273891875148145826490363500886 0 0 0 0 0 0 0 0 0 0 0 0 0 0 0 0 0 0 0 0 0 0 0 0 0 0 0 0 0 0 0 0 0 0 0 0 0 0 1 0 0 0 0 0 0 0 0 0 0 0 0 0 0 0 0 0 0 0 0]
[2571498883201279471922605642790635105187436210836737713696071509503413455156443433814404471882920058016935804902215722763041206137121938257719835895355955334385625342917164855097102 0 0 0 0 0 0 0 0 0 0 0 0 0 0 0 0 0 0 0 0 0 0 0 0 0 0 0 0 0 0 0 0 0 0 0 0 0 0 0 1 0 0 0 0 0 0 0 0 0 0 0 0 0 0 0 0 0 0 0]
[169517655233511536530811320835581167578082711354343233754798150324963416753648107522554479980013144146090797437363754432392291929556098571284524899355329113778447872188343266715374 0 0 0 0 0 0 0 0 0 0 0 0 0 0 0 0 0 0 0 0 0 0 0 0 0 0 0 0 0 0 0 0 0 0 0 0 0 0 0 0 1 0 0 0 0 0 0 0 0 0 0 0 0 0 0 0 0 0 0]
[447497543310504296829726540325661343687076813113556108919635203409644764571631888909167921238027335878275860707041377493988708245040999869783787304838754060792748513520961085820029 0 0 0 0 0 0 0 0 0 0 0 0 0 0 0 0 0 0 0 0 0 0 0 0 0 0 0 0 0 0 0 0 0 0 0 0 0 0 0 0 0 1 0 0 0 0 0 0 0 0 0 0 0 0 0 0 0 0 0]
[140425563880408553329128886953018285565584783222190773829842806216086647699227964781563928526300329517128904219619363886732328367525192356441567493956565664984522280559389238224663 0 0 0 0 0 0 0 0 0 0 0 0 0 0 0 0 0 0 0 0 0 0 0 0 0 0 0 0 0 0 0 0 0 0 0 0 0 0 0 0 0 0 1 0 0 0 0 0 0 0 0 0 0 0 0 0 0 0 0]
[2388970626541181649501542505300378956669386459849530188900950330473556523199118917407944396047922252048290720711397881840175432340171895035285506828263692399898545769340813179744107 0 0 0 0 0 0 0 0 0 0 0 0 0 0 0 0 0 0 0 0 0 0 0 0 0 0 0 0 0 0 0 0 0 0 0 0 0 0 0 0 0 0 0 1 0 0 0 0 0 0 0 0 0 0 0 0 0 0 0]
[2002741830321479629181091005410855439881415070943962551953476010955268642731220803950009786776403086179098731133214965059439643048957607313114130075874060288705777327663182860485990 0 0 0 0 0 0 0 0 0 0 0 0 0 0 0 0 0 0 0 0 0 0 0 0 0 0 0 0 0 0 0 0 0 0 0 0 0 0 0 0 0 0 0 0 1 0 0 0 0 0 0 0 0 0 0 0 0 0 0]
[542931612693213129984026614369778635274273667124333296955976043888736853539931731069389624102674481370331807636590016359525975241124787725842401686495788833532854658844381705724543 0 0 0 0 0 0 0 0 0 0 0 0 0 0 0 0 0 0 0 0 0 0 0 0 0 0 0 0 0 0 0 0 0 0 0 0 0 0 0 0 0 0 0 0 0 1 0 0 0 0 0 0 0 0 0 0 0 0 0]
[2131783337781268500783206520760817383026484297340399133237203632962529738427168024967058835772160370482954715498952299868786046651579784557928328971095887140134107348810702662833922 0 0 0 0 0 0 0 0 0 0 0 0 0 0 0 0 0 0 0 0 0 0 0 0 0 0 0 0 0 0 0 0 0 0 0 0 0 0 0 0 0 0 0 0 0 0 1 0 0 0 0 0 0 0 0 0 0 0 0]
[2038508721270979931821151482976627126085009894751714265471792082143611153472056512560409249504893248291113974804104739838965751350133747777416107676948443245727103087531151671461708 0 0 0 0 0 0 0 0 0 0 0 0 0 0 0 0 0 0 0 0 0 0 0 0 0 0 0 0 0 0 0 0 0 0 0 0 0 0 0 0 0 0 0 0 0 0 0 1 0 0 0 0 0 0 0 0 0 0 0]
[916405987027629816181716287312840313361982314163147421846671965211015537891480264954815456397211295930658711231674680166617694052544262547460826408652771982875764225171632075985630 0 0 0 0 0 0 0 0 0 0 0 0 0 0 0 0 0 0 0 0 0 0 0 0 0 0 0 0 0 0 0 0 0 0 0 0 0 0 0 0 0 0 0 0 0 0 0 0 1 0 0 0 0 0 0 0 0 0 0]
[2943043087340957093049281994637153972918729370417556921048650479907844147472535759350371890911449435225497676008058852800253898109898860498511113559710768167109187366654045990222276 0 0 0 0 0 0 0 0 0 0 0 0 0 0 0 0 0 0 0 0 0 0 0 0 0 0 0 0 0 0 0 0 0 0 0 0 0 0 0 0 0 0 0 0 0 0 0 0 0 1 0 0 0 0 0 0 0 0 0]
[1104055249958064150137070017661918115770938318551639261189542777841895816021001108808774626961519679789054606574824694624125123138416867548576435618303797221270538259844893911332686 0 0 0 0 0 0 0 0 0 0 0 0 0 0 0 0 0 0 0 0 0 0 0 0 0 0 0 0 0 0 0 0 0 0 0 0 0 0 0 0 0 0 0 0 0 0 0 0 0 0 1 0 0 0 0 0 0 0 0]
[500563639023479939664531639476211510316047349346024604042403867661683048526550748660962035205404693153185253874292028426827511431795298687019593502357236175332214655468289866684925 0 0 0 0 0 0 0 0 0 0 0 0 0 0 0 0 0 0 0 0 0 0 0 0 0 0 0 0 0 0 0 0 0 0 0 0 0 0 0 0 0 0 0 0 0 0 0 0 0 0 0 1 0 0 0 0 0 0 0]
[233325593241705744887834043990854398518295372206994083913369057967489776512109153591789324769258709222571424233141658702975706506023641333858914177074338943272991427107288637236131 0 0 0 0 0 0 0 0 0 0 0 0 0 0 0 0 0 0 0 0 0 0 0 0 0 0 0 0 0 0 0 0 0 0 0 0 0 0 0 0 0 0 0 0 0 0 0 0 0 0 0 0 1 0 0 0 0 0 0]
[1401803840883414787958299999227934536179820706238185478011171797979065003802600148019898843572753864941302725914351387533289304618564278390212269235697248174771974015556890411056363 0 0 0 0 0 0 0 0 0 0 0 0 0 0 0 0 0 0 0 0 0 0 0 0 0 0 0 0 0 0 0 0 0 0 0 0 0 0 0 0 0 0 0 0 0 0 0 0 0 0 0 0 0 1 0 0 0 0 0]
[2810964360414949093151887292300552127135506306322885174708854261060576698130720081778869202490761080281785070728353057718657602599168557271232054360239802867634323677865202644325238 0 0 0 0 0 0 0 0 0 0 0 0 0 0 0 0 0 0 0 0 0 0 0 0 0 0 0 0 0 0 0 0 0 0 0 0 0 0 0 0 0 0 0 0 0 0 0 0 0 0 0 0 0 0 1 0 0 0 0]
[455476810805760045557285300803276187221071420005111850277630877143893672661160199887654123598789674678564315523871491669659935601222234936585490110779249217839354015153873581997482 0 0 0 0 0 0 0 0 0 0 0 0 0 0 0 0 0 0 0 0 0 0 0 0 0 0 0 0 0 0 0 0 0 0 0 0 0 0 0 0 0 0 0 0 0 0 0 0 0 0 0 0 0 0 0 1 0 0 0]
[900499463737712258789749050226209854472657207172467988755881847666486047670538216894053897352857356993667878782545009206271684623285787912133443428413942285549053589546106813985330 0 0 0 0 0 0 0 0 0 0 0 0 0 0 0 0 0 0 0 0 0 0 0 0 0 0 0 0 0 0 0 0 0 0 0 0 0 0 0 0 0 0 0 0 0 0 0 0 0 0 0 0 0 0 0 0 1 0 0]
[1922300860049577299461032087307342532567358141226339517996686711028879203021431619030432239758679664519568056755007196481256887282783977610303301898317086265373756905846814348963192 0 0 0 0 0 0 0 0 0 0 0 0 0 0 0 0 0 0 0 0 0 0 0 0 0 0 0 0 0 0 0 0 0 0 0 0 0 0 0 0 0 0 0 0 0 0 0 0 0 0 0 0 0 0 0 0 0 1 0]
[1408058064676799763544500899016998796227320099670717561860016605085374874649885712238561764615617179441369405321193543814108460127142144273345096668338210532088471490782174806984600 0 0 0 0 0 0 0 0 0 0 0 0 0 0 0 0 0 0 0 0 0 0 0 0 0 0 0 0 0 0 0 0 0 0 0 0 0 0 0 0 0 0 0 0 0 0 0 0 0 0 0 0 0 0 0 0 0 0 1]
]
60 61 7
[1 1 1 1 1 1 1 1 1 1 1 1 1 1 1 1 1 1 1 1 1 1 1 1 1 1 1 1 1 1 1 1 1 1 1 1 1 1 1 1 1 1 1 1 1 1 1 1 1 1 1 1 1 1 1 1 1 1 1 1 1]
