[[2043544686631387013969496758605964034773674267653168927591139940164604120663168539683387532718163101961328419442298179144947085674907692109 0 0 0 0 0 0 0 0 0 0 0 0 0 0 0 0 0 0 0 0 0 0 0 0 0 0 0 0 0 0 0 0 0 0 0 0 0 0 0 0 0 0 0 0 0]
[1998548828590828942763096287483028063543644194548867396539194015032115366650398208333042456216955564881195004773028599217345428883875554977 1 0 0 0 0 0 0 0 0 0 0 0 0 0 0 0 0 0 0 0 0 0 0 0 0 0 0 0 0 0 0 0 0 0 0 0 0 0 0 0 0 0 0 0 0]
[905046106942465789147816917831001219712062472146498319486497915242646540232739824054289890513863157032730550593551398836252324311865100985 0 1 0 0 0 0 0 0 0 0 0 0 0 0 0 0 0 0 0 0 0 0 0 0 0 0 0 0 0 0 0 0 0 0 0 0 0 0 0 0 0 0 0 0 0]
[123682103246405425064826570759138185691616191747070184888899256899720719755074410979044839829333342359009136348265769005398982894205150181 0 0 1 0 0 0 0 0 0 0 0 0 0 0 0 0 0 0 0 0 0 0 0 0 0 0 0 0 0 0 0 0 0 0 0 0 0 0 0 0 0 0 0 0 0]
[1458240745917013124355151579301832519621967831011902398410839751674164172187126152671259344673211215920581248859835799552613964154764719580 0 0 0 1 0 0 0 0 0 0 0 0 0 0 0 0 0 0 0 0 0 0 0 0 0 0 0 0 0 0 0 0 0 0 0 0 0 0 0 0 0 0 0 0 0]
[2026190005891518244514201357046295684780242392344465426982322937923078536852668660849788045424334771788381001890386639231602580784858041388 0 0 0 0 1 0 0 0 0 0 0 0 0 0 0 0 0 0 0 0 0 0 0 0 0 0 0 0 0 0 0 0 0 0 0 0 0 0 0 0 0 0 0 0 0]
[43087847494178204058864078752323714928713106502277942745712504066422992203656978769788312262386504886034545909786836726014740561175592334 0 0 0 0 0 1 0 0 0 0 0 0 0 0 0 0 0 0 0 0 0 0 0 0 0 0 0 0 0 0 0 0 0 0 0 0 0 0 0 0 0 0 0 0 0]
[2012865306070737262420744305805568824105015146581533190096605133540508275699390881444018169669793925506014369432856323103864804069916963683 0 0 0 0 0 0 1 0 0 0 0 0 0 0 0 0 0 0 0 0 0 0 0 0 0 0 0 0 0 0 0 0 0 0 0 0 0 0 0 0 0 0 0 0 0]
[467258564463484356273638900743953258391023403295367144594449315144063272455619451666134548064267347195531778628400187437106101896703776586 0 0 0 0 0 0 0 1 0 0 0 0 0 0 0 0 0 0 0 0 0 0 0 0 0 0 0 0 0 0 0 0 0 0 0 0 0 0 0 0 0 0 0 0 0]
[1346450295144892992270500144758313132119488483738338183086564712285094090296644529436808274239596869278713845160002805409581872417988660624 0 0 0 0 0 0 0 0 1 0 0 0 0 0 0 0 0 0 0 0 0 0 0 0 0 0 0 0 0 0 0 0 0 0 0 0 0 0 0 0 0 0 0 0 0]
[213987288535322669634223284201119753229701654209642984348377015534794326900729178102005751382266130880454313081285345993428238140218118213 0 0 0 0 0 0 0 0 0 1 0 0 0 0 0 0 0 0 0 0 0 0 0 0 0 0 0 0 0 0 0 0 0 0 0 0 0 0 0 0 0 0 0 0 0]
[1694698062132719811901981898685131924738748403100799150132697654607560751932846380875062238603960035448605706297785894891885457338177158328 0 0 0 0 0 0 0 0 0 0 1 0 0 0 0 0 0 0 0 0 0 0 0 0 0 0 0 0 0 0 0 0 0 0 0 0 0 0 0 0 0 0 0 0 0]
[813076618365730562957374686280057040488838981728751761362322109255810191114927679063675263736753711208615288140687025066776730268324040195 0 0 0 0 0 0 0 0 0 0 0 1 0 0 0 0 0 0 0 0 0 0 0 0 0 0 0 0 0 0 0 0 0 0 0 0 0 0 0 0 0 0 0 0 0]
[944216321450697947624330952090644646730999184928055870107394135110585442186636625649353632281365762170760647910326279500492728144095376791 0 0 0 0 0 0 0 0 0 0 0 0 1 0 0 0 0 0 0 0 0 0 0 0 0 0 0 0 0 0 0 0 0 0 0 0 0 0 0 0 0 0 0 0 0]
[633270720807185483643263522246447159207876193089112370868359222253370376322530041280050323172544872760340492661657381723268378050339121931 0 0 0 0 0 0 0 0 0 0 0 0 0 1 0 0 0 0 0 0 0 0 0 0 0 0 0 0 0 0 0 0 0 0 0 0 0 0 0 0 0 0 0 0 0]
[2022594673460981193471532573517023551214850086978057838725159481938323354312778494336342807865021921098325843546262440995181405382674033015 0 0 0 0 0 0 0 0 0 0 0 0 0 0 1 0 0 0 0 0 0 0 0 0 0 0 0 0 0 0 0 0 0 0 0 0 0 0 0 0 0 0 0 0 0]
[610422609002412610915628150126187146794408034447644915086432142340510410711168892502617695154264201650293107376406848650398211800146443078 0 0 0 0 0 0 0 0 0 0 0 0 0 0 0 1 0 0 0 0 0 0 0 0 0 0 0 0 0 0 0 0 0 0 0 0 0 0 0 0 0 0 0 0 0]
[567174359878434690921142518984898255993076501374870811938958062078048972717969419384624890043221716782663236728153882250378932850998537977 0 0 0 0 0 0 0 0 0 0 0 0 0 0 0 0 1 0 0 0 0 0 0 0 0 0 0 0 0 0 0 0 0 0 0 0 0 0 0 0 0 0 0 0 0]
[1547482887479765096894374565429089647665855846451651107916385284807316144148669401703804969349071935426094972936439462981882664839886913657 0 0 0 0 0 0 0 0 0 0 0 0 0 0 0 0 0 1 0 0 0 0 0 0 0 0 0 0 0 0 0 0 0 0 0 0 0 0 0 0 0 0 0 0 0]
[1582507063891572088838238969314359316621764430526026811880432291858580372693131513184252988877154843694745999499370842802027046824073751045 0 0 0 0 0 0 0 0 0 0 0 0 0 0 0 0 0 0 1 0 0 0 0 0 0 0 0 0 0 0 0 0 0 0 0 0 0 0 0 0 0 0 0 0 0]
[1096851840961752741895632730845916898861801103776852854233970036697975124253736552365141352857824628297065855742625741889153509804406539648 0 0 0 0 0 0 0 0 0 0 0 0 0 0 0 0 0 0 0 1 0 0 0 0 0 0 0 0 0 0 0 0 0 0 0 0 0 0 0 0 0 0 0 0 0]
[1508603924141433246541553283789630672530944722657001175162292406173174358378915710696764444159574175285212911572192572869807712673928138670 0 0 0 0 0 0 0 0 0 0 0 0 0 0 0 0 0 0 0 0 1 0 0 0 0 0 0 0 0 0 0 0 0 0 0 0 0 0 0 0 0 0 0 0 0]
[1101890566747019718103350723410207268982061369818152928072274054773196106175177021294585166814069350962318831968464882437409052498432337016 0 0 0 0 0 0 0 0 0 0 0 0 0 0 0 0 0 0 0 0 0 1 0 0 0 0 0 0 0 0 0 0 0 0 0 0 0 0 0 0 0 0 0 0 0]
[420337770302015325168119733505651370709795114793527458516353220934751958520220472094326790946026113948491360928421011052464489563688216787 0 0 0 0 0 0 0 0 0 0 0 0 0 0 0 0 0 0 0 0 0 0 1 0 0 0 0 0 0 0 0 0 0 0 0 0 0 0 0 0 0 0 0 0 0]
[368282777708614999548928296207456222513066794765349755399042972305018120892925070064521600670010614982767057505528621966365089474966910743 0 0 0 0 0 0 0 0 0 0 0 0 0 0 0 0 0 0 0 0 0 0 0 1 0 0 0 0 0 0 0 0 0 0 0 0 0 0 0 0 0 0 0 0 0]
[1224802404685243336519365387159347658667009918102834607054056752590574231874928459337636066525550238322766023191555952802405288518136139029 0 0 0 0 0 0 0 0 0 0 0 0 0 0 0 0 0 0 0 0 0 0 0 0 1 0 0 0 0 0 0 0 0 0 0 0 0 0 0 0 0 0 0 0 0]
[1105086453496935813249023267789407154781779862882815606440774039138633346873078885362209524656705299753543862654818033074574012543988254005 0 0 0 0 0 0 0 0 0 0 0 0 0 0 0 0 0 0 0 0 0 0 0 0 0 1 0 0 0 0 0 0 0 0 0 0 0 0 0 0 0 0 0 0 0]
[26283349375878409801263443391747341950773712836196010459722713225210565772855638235912901337203257496202477874465848310906885090494068134 0 0 0 0 0 0 0 0 0 0 0 0 0 0 0 0 0 0 0 0 0 0 0 0 0 0 1 0 0 0 0 0 0 0 0 0 0 0 0 0 0 0 0 0 0]
[1010184396088990265259955545254996077471577121887933866276857313282151350443350377910748175364943133999902692088979660132288398735253758705 0 0 0 0 0 0 0 0 0 0 0 0 0 0 0 0 0 0 0 0 0 0 0 0 0 0 0 1 0 0 0 0 0 0 0 0 0 0 0 0 0 0 0 0 0]
[963167713825519734953934482461050210855908884737632128844808305864609279353926475016424230197636044578992231893742167603054558879745431451 0 0 0 0 0 0 0 0 0 0 0 0 0 0 0 0 0 0 0 0 0 0 0 0 0 0 0 0 1 0 0 0 0 0 0 0 0 0 0 0 0 0 0 0 0]
[693273919264221163601471818842586613830282675025458494088631111668547528508592117636605092272136321929850356207872964140591998617197801602 0 0 0 0 0 0 0 0 0 0 0 0 0 0 0 0 0 0 0 0 0 0 0 0 0 0 0 0 0 1 0 0 0 0 0 0 0 0 0 0 0 0 0 0 0]
[1737317083734080229487532983325971433550382886151122483069408576873569646289567079879218145914504103585804102115023366507618760378769112189 0 0 0 0 0 0 0 0 0 0 0 0 0 0 0 0 0 0 0 0 0 0 0 0 0 0 0 0 0 0 1 0 0 0 0 0 0 0 0 0 0 0 0 0 0]
[2029475407325090958443595732389703185477706553651052354759801262973788418778771247716343860946649407705908033828276131260951890435298005253 0 0 0 0 0 0 0 0 0 0 0 0 0 0 0 0 0 0 0 0 0 0 0 0 0 0 0 0 0 0 0 1 0 0 0 0 0 0 0 0 0 0 0 0 0]
[163146728072542857964990243480258452912443716168256265122077693484147170533878236224139306470352769493138610122265849267811147111034389164 0 0 0 0 0 0 0 0 0 0 0 0 0 0 0 0 0 0 0 0 0 0 0 0 0 0 0 0 0 0 0 0 1 0 0 0 0 0 0 0 0 0 0 0 0]
[691584432417110193370328032750255821826217395989197253084553040835865806485834529827826028952863051465700891883501186346708268515113149049 0 0 0 0 0 0 0 0 0 0 0 0 0 0 0 0 0 0 0 0 0 0 0 0 0 0 0 0 0 0 0 0 0 1 0 0 0 0 0 0 0 0 0 0 0]
[1963440721834635397482891342119052482833138918520102786723636914559801939797929090600269494300306501212209648605669406719542221712367333135 0 0 0 0 0 0 0 0 0 0 0 0 0 0 0 0 0 0 0 0 0 0 0 0 0 0 0 0 0 0 0 0 0 0 1 0 0 0 0 0 0 0 0 0 0]
[472624637748367749210269267740505123233582577398152889955813489445562688862436694399852272495761704039358664675329284980551057166781007446 0 0 0 0 0 0 0 0 0 0 0 0 0 0 0 0 0 0 0 0 0 0 0 0 0 0 0 0 0 0 0 0 0 0 0 1 0 0 0 0 0 0 0 0 0]
[1141846453163921589343956529264787251943144189373610530492613317472038111082243378158156074861931209419965701768044966061045809814290717669 0 0 0 0 0 0 0 0 0 0 0 0 0 0 0 0 0 0 0 0 0 0 0 0 0 0 0 0 0 0 0 0 0 0 0 0 1 0 0 0 0 0 0 0 0]
[5225725337153802061882843558673104490309288143535472961728568377406401948646784793248216742396467484177588342363217568896616410958089275 0 0 0 0 0 0 0 0 0 0 0 0 0 0 0 0 0 0 0 0 0 0 0 0 0 0 0 0 0 0 0 0 0 0 0 0 0 1 0 0 0 0 0 0 0]
[1887288936332423495388526011916403536466229242345419672403644566823363438207920808867611770537485143933493693483227875116169082724699457017 0 0 0 0 0 0 0 0 0 0 0 0 0 0 0 0 0 0 0 0 0 0 0 0 0 0 0 0 0 0 0 0 0 0 0 0 0 0 1 0 0 0 0 0 0]
[1346628184426763714841360980023442238417484466882101184307628770034972359169052526702769836523815382363366947663523717819527716362824188578 0 0 0 0 0 0 0 0 0 0 0 0 0 0 0 0 0 0 0 0 0 0 0 0 0 0 0 0 0 0 0 0 0 0 0 0 0 0 0 1 0 0 0 0 0]
[1077121645860289152219787396915875690960016234374723753931731712260433265262108078942511299771069901220283308176189411808356884434852864218 0 0 0 0 0 0 0 0 0 0 0 0 0 0 0 0 0 0 0 0 0 0 0 0 0 0 0 0 0 0 0 0 0 0 0 0 0 0 0 0 1 0 0 0 0]
[1205747273978752232115896573258441288505141423066596592208548826262465563691461372242367490654329213174133793906290346783114158447781199660 0 0 0 0 0 0 0 0 0 0 0 0 0 0 0 0 0 0 0 0 0 0 0 0 0 0 0 0 0 0 0 0 0 0 0 0 0 0 0 0 0 1 0 0 0]
[1243564087390371817383869310242000169708934932182807219351708868827186382254865519573507520319523942891234447279463734050722382848487481941 0 0 0 0 0 0 0 0 0 0 0 0 0 0 0 0 0 0 0 0 0 0 0 0 0 0 0 0 0 0 0 0 0 0 0 0 0 0 0 0 0 0 1 0 0]
[445113747764481108282171415744378465853935112689291140286457582089205909835431357511208021150989266207783806437435082034131651998519917851 0 0 0 0 0 0 0 0 0 0 0 0 0 0 0 0 0 0 0 0 0 0 0 0 0 0 0 0 0 0 0 0 0 0 0 0 0 0 0 0 0 0 0 1 0]
[584653542075822942563720939469950360064301147215441411839950617014622629145220378887069359027915895032409180290109006055076039145055608308 0 0 0 0 0 0 0 0 0 0 0 0 0 0 0 0 0 0 0 0 0 0 0 0 0 0 0 0 0 0 0 0 0 0 0 0 0 0 0 0 0 0 0 0 1]
]
46 47 2
[1 1 1 1 1 1 1 1 1 1 1 1 1 1 1 1 1 1 1 1 1 1 1 1 1 1 1 1 1 1 1 1 1 1 1 1 1 1 1 1 1 1 1 1 1 1 1]
