[[2288211499291103365690862016502764065947084454514747431273716003124461110226075301535266479988673403766242855141823592374160690371997662597 0 0 0 0 0 0 0 0 0 0 0 0 0 0 0 0 0 0 0 0 0 0 0 0 0 0 0 0 0 0 0 0 0 0 0 0 0 0 0 0 0 0 0 0 0]
[1581561765624022971180131397581073001194626755586469301788016245033782270256617582050408391004788713545159707581975827261428938169353652838 1 0 0 0 0 0 0 0 0 0 0 0 0 0 0 0 0 0 0 0 0 0 0 0 0 0 0 0 0 0 0 0 0 0 0 0 0 0 0 0 0 0 0 0 0]
[711932466974371763598838684722783536350077106930849407940167379114495975352567286930144144210728948823332733161063180533430792893233800672 0 1 0 0 0 0 0 0 0 0 0 0 0 0 0 0 0 0 0 0 0 0 0 0 0 0 0 0 0 0 0 0 0 0 0 0 0 0 0 0 0 0 0 0 0]
[1144117644459044755037577606061059371773801512906164005641689740978528994149320450597769833581801517754211895351408103724378986145035778354 0 0 1 0 0 0 0 0 0 0 0 0 0 0 0 0 0 0 0 0 0 0 0 0 0 0 0 0 0 0 0 0 0 0 0 0 0 0 0 0 0 0 0 0 0]
[133803574158245270559718049723856965190368067226288496115074613378099119752095701261440174934602406860204389348145116383844479761219644556 0 0 0 1 0 0 0 0 0 0 0 0 0 0 0 0 0 0 0 0 0 0 0 0 0 0 0 0 0 0 0 0 0 0 0 0 0 0 0 0 0 0 0 0 0]
[243189465645478263603958346171543306880383112042344127936697557049398094959716385936175800116942499707802880157758118869538535107660988680 0 0 0 0 1 0 0 0 0 0 0 0 0 0 0 0 0 0 0 0 0 0 0 0 0 0 0 0 0 0 0 0 0 0 0 0 0 0 0 0 0 0 0 0 0]
[225306402432366307188950543556969952683617941568927243395989158269126203784475108772322842431103403705186442700058745239449842963506392654 0 0 0 0 0 1 0 0 0 0 0 0 0 0 0 0 0 0 0 0 0 0 0 0 0 0 0 0 0 0 0 0 0 0 0 0 0 0 0 0 0 0 0 0 0]
[1447389848891155048235087327089406160380862528465798776780649401161313258156795065148905330296850127002009444880436759619172574510652048507 0 0 0 0 0 0 1 0 0 0 0 0 0 0 0 0 0 0 0 0 0 0 0 0 0 0 0 0 0 0 0 0 0 0 0 0 0 0 0 0 0 0 0 0 0]
[77440640710131943665945374075658829041003623586374844309193223775286773861788116481929554537195005583454180683528973179824526600200997651 0 0 0 0 0 0 0 1 0 0 0 0 0 0 0 0 0 0 0 0 0 0 0 0 0 0 0 0 0 0 0 0 0 0 0 0 0 0 0 0 0 0 0 0 0]
[491179769466665516372219298686463978192590845166498328979296747392475248091193957475193719038452799080960929417280508749771781290593816967 0 0 0 0 0 0 0 0 1 0 0 0 0 0 0 0 0 0 0 0 0 0 0 0 0 0 0 0 0 0 0 0 0 0 0 0 0 0 0 0 0 0 0 0 0]
[1608468681846960085326637328863722773863343438859165524724880224581230668666141740554880679107184066760812129837564973828447386610020809027 0 0 0 0 0 0 0 0 0 1 0 0 0 0 0 0 0 0 0 0 0 0 0 0 0 0 0 0 0 0 0 0 0 0 0 0 0 0 0 0 0 0 0 0 0]
[1274409848666708909502973221232933306356106701923813003472690529715682831973622222391981603694854460779577087428539286159299578940887569895 0 0 0 0 0 0 0 0 0 0 1 0 0 0 0 0 0 0 0 0 0 0 0 0 0 0 0 0 0 0 0 0 0 0 0 0 0 0 0 0 0 0 0 0 0]
[2038518103793202169512575846139862515363753388624887622360316843791258104367215655061788359556227236948272704624542117552015107753819547401 0 0 0 0 0 0 0 0 0 0 0 1 0 0 0 0 0 0 0 0 0 0 0 0 0 0 0 0 0 0 0 0 0 0 0 0 0 0 0 0 0 0 0 0 0]
[2146022768673850813684110024257903117874011288710360600592998204034049455609175038774632632105770605069317565812387718089418464374965100212 0 0 0 0 0 0 0 0 0 0 0 0 1 0 0 0 0 0 0 0 0 0 0 0 0 0 0 0 0 0 0 0 0 0 0 0 0 0 0 0 0 0 0 0 0]
[1845668637478251729123510385601577953976528166872698854987209878845353753532979733569148910623008067567180550802917636109964826517615592071 0 0 0 0 0 0 0 0 0 0 0 0 0 1 0 0 0 0 0 0 0 0 0 0 0 0 0 0 0 0 0 0 0 0 0 0 0 0 0 0 0 0 0 0 0]
[991255025054108572052592945117538103140400292717124337059946674201993847150810607973820730017618319146413554948836891457712681310701108294 0 0 0 0 0 0 0 0 0 0 0 0 0 0 1 0 0 0 0 0 0 0 0 0 0 0 0 0 0 0 0 0 0 0 0 0 0 0 0 0 0 0 0 0 0]
[398491949016438485868662660719034289962636490920066902743565402497062449391964723191651975235148167157931826465073322427674242585230866073 0 0 0 0 0 0 0 0 0 0 0 0 0 0 0 1 0 0 0 0 0 0 0 0 0 0 0 0 0 0 0 0 0 0 0 0 0 0 0 0 0 0 0 0 0]
[2000837370649881650535880317399370726408064724483082074721138551863364477840484065972798160779606178050095838882002288780097988111811050817 0 0 0 0 0 0 0 0 0 0 0 0 0 0 0 0 1 0 0 0 0 0 0 0 0 0 0 0 0 0 0 0 0 0 0 0 0 0 0 0 0 0 0 0 0]
[1597660903159513842119870497890710461779549004986701074489961653145661643478584013342156095208780748579345776251659155543043027533689644910 0 0 0 0 0 0 0 0 0 0 0 0 0 0 0 0 0 1 0 0 0 0 0 0 0 0 0 0 0 0 0 0 0 0 0 0 0 0 0 0 0 0 0 0 0]
[141509066497228633193019008264586436526341069694488013852607113219355263680214216613131761976991667188146797378723531550524360101743000277 0 0 0 0 0 0 0 0 0 0 0 0 0 0 0 0 0 0 1 0 0 0 0 0 0 0 0 0 0 0 0 0 0 0 0 0 0 0 0 0 0 0 0 0 0]
[1540258944109529587799499965926642292649337324454243061233144773872030997140641228885230109935652104071818327460644117972551932323788551477 0 0 0 0 0 0 0 0 0 0 0 0 0 0 0 0 0 0 0 1 0 0 0 0 0 0 0 0 0 0 0 0 0 0 0 0 0 0 0 0 0 0 0 0 0]
[18807834633212318123862756435623004722013672190227149621117398743704845290147198165036541921292996361834764504655623206398455776052418964 0 0 0 0 0 0 0 0 0 0 0 0 0 0 0 0 0 0 0 0 1 0 0 0 0 0 0 0 0 0 0 0 0 0 0 0 0 0 0 0 0 0 0 0 0]
[737991596484844983744870360843006240421162502745338489501214585028797209866723255942844754677171621634045867795929278825102498574338409790 0 0 0 0 0 0 0 0 0 0 0 0 0 0 0 0 0 0 0 0 0 1 0 0 0 0 0 0 0 0 0 0 0 0 0 0 0 0 0 0 0 0 0 0 0]
[349227659133312532610309050314343372173544488195278484767308429778439148782872019994495257305329629648151407203742650569952839379685563779 0 0 0 0 0 0 0 0 0 0 0 0 0 0 0 0 0 0 0 0 0 0 1 0 0 0 0 0 0 0 0 0 0 0 0 0 0 0 0 0 0 0 0 0 0]
[878118388444182764592591430671244593100374172333229768778463921332137516334217165113930630111416955061814881522123749589622735779137461048 0 0 0 0 0 0 0 0 0 0 0 0 0 0 0 0 0 0 0 0 0 0 0 1 0 0 0 0 0 0 0 0 0 0 0 0 0 0 0 0 0 0 0 0 0]
[917311970094591309831910535404852664119731600476712574895152938024225170889579414104109809690707181769869597945004765036706970254386195214 0 0 0 0 0 0 0 0 0 0 0 0 0 0 0 0 0 0 0 0 0 0 0 0 1 0 0 0 0 0 0 0 0 0 0 0 0 0 0 0 0 0 0 0 0]
[1967102833006056748528314584828419430143764050444229973137645771090755728455556588709998012491281918413164777580193614972156285298651735621 0 0 0 0 0 0 0 0 0 0 0 0 0 0 0 0 0 0 0 0 0 0 0 0 0 1 0 0 0 0 0 0 0 0 0 0 0 0 0 0 0 0 0 0 0]
[216675064750612896054875945499820699090436410477807105469103881237769985349658872232619093396213921854739377510334216385011902451676247159 0 0 0 0 0 0 0 0 0 0 0 0 0 0 0 0 0 0 0 0 0 0 0 0 0 0 1 0 0 0 0 0 0 0 0 0 0 0 0 0 0 0 0 0 0]
[1918801245791989746716799595119672963039614799009845494695770293187117098969881922258148140923019924561134541035508590409300408351569056968 0 0 0 0 0 0 0 0 0 0 0 0 0 0 0 0 0 0 0 0 0 0 0 0 0 0 0 1 0 0 0 0 0 0 0 0 0 0 0 0 0 0 0 0 0]
[1750429451750058414619652460615342278536806871156713853931080158379190576488196211305454715596477082110845145702269186583361356329545637327 0 0 0 0 0 0 0 0 0 0 0 0 0 0 0 0 0 0 0 0 0 0 0 0 0 0 0 0 1 0 0 0 0 0 0 0 0 0 0 0 0 0 0 0 0]
[596020229019097128582895369660007561352732137081139199834995591601973033898642630881863624823959422541903045856965620921157842008212874463 0 0 0 0 0 0 0 0 0 0 0 0 0 0 0 0 0 0 0 0 0 0 0 0 0 0 0 0 0 1 0 0 0 0 0 0 0 0 0 0 0 0 0 0 0]
[1951084783638764319920277141305145976491954776784156904693586730929920301035134414575362637866865905459618092243805978149327498850808165696 0 0 0 0 0 0 0 0 0 0 0 0 0 0 0 0 0 0 0 0 0 0 0 0 0 0 0 0 0 0 1 0 0 0 0 0 0 0 0 0 0 0 0 0 0]
[89461419972584694046118454660116857310669532001379367073619124315774968839512531906041699292716072739896595425092611898248303138180588050 0 0 0 0 0 0 0 0 0 0 0 0 0 0 0 0 0 0 0 0 0 0 0 0 0 0 0 0 0 0 0 1 0 0 0 0 0 0 0 0 0 0 0 0 0]
[1290621595224574757329768667973563342984531790620842449482090910597447057681016343073100396725911404382407615183951020084065501217188374525 0 0 0 0 0 0 0 0 0 0 0 0 0 0 0 0 0 0 0 0 0 0 0 0 0 0 0 0 0 0 0 0 1 0 0 0 0 0 0 0 0 0 0 0 0]
[154286815520056518255664855015860210612684505840597177454503325050078393009687348606476081089379504848428875317635010124712693712965802762 0 0 0 0 0 0 0 0 0 0 0 0 0 0 0 0 0 0 0 0 0 0 0 0 0 0 0 0 0 0 0 0 0 1 0 0 0 0 0 0 0 0 0 0 0]
[2158134193351230943298920021786764457064737473185585077560037995183936335233085433442767904677302427268776606909640316324557845887695183142 0 0 0 0 0 0 0 0 0 0 0 0 0 0 0 0 0 0 0 0 0 0 0 0 0 0 0 0 0 0 0 0 0 0 1 0 0 0 0 0 0 0 0 0 0]
[2240188439167107989901623413296727333368250015385484262807504691505713381307371953472768903556303299209881767223567340225049952967880165651 0 0 0 0 0 0 0 0 0 0 0 0 0 0 0 0 0 0 0 0 0 0 0 0 0 0 0 0 0 0 0 0 0 0 0 1 0 0 0 0 0 0 0 0 0]
[332486430458544553696429823153173669182195662412170989450705302130916017376634324027687703303044485930946372947426315929821002646516784972 0 0 0 0 0 0 0 0 0 0 0 0 0 0 0 0 0 0 0 0 0 0 0 0 0 0 0 0 0 0 0 0 0 0 0 0 1 0 0 0 0 0 0 0 0]
[1394489046379861662013694460258577132336103966276424772758880373298294236736878828896416545059789015914400597261477605208273918636415152961 0 0 0 0 0 0 0 0 0 0 0 0 0 0 0 0 0 0 0 0 0 0 0 0 0 0 0 0 0 0 0 0 0 0 0 0 0 1 0 0 0 0 0 0 0]
[2183191444953652170110235272809885631241935604909681144256314068844593929254443147407394456817736408460136303519686394847582861591114782295 0 0 0 0 0 0 0 0 0 0 0 0 0 0 0 0 0 0 0 0 0 0 0 0 0 0 0 0 0 0 0 0 0 0 0 0 0 0 1 0 0 0 0 0 0]
[2150381946484184707964126546584960127961060518273425315023573353305576083553641606091955014043372854370443759604630643177784003986700037036 0 0 0 0 0 0 0 0 0 0 0 0 0 0 0 0 0 0 0 0 0 0 0 0 0 0 0 0 0 0 0 0 0 0 0 0 0 0 0 1 0 0 0 0 0]
[596737197861029408826797193210522181952060919095067284492941932904200188033814822443585507969949850952333716498388144004260483993412367908 0 0 0 0 0 0 0 0 0 0 0 0 0 0 0 0 0 0 0 0 0 0 0 0 0 0 0 0 0 0 0 0 0 0 0 0 0 0 0 0 1 0 0 0 0]
[1015998053109093597676307715225465086956717315812386906277652899232146580513658872456415596905605666033099768204224682522306945091376416866 0 0 0 0 0 0 0 0 0 0 0 0 0 0 0 0 0 0 0 0 0 0 0 0 0 0 0 0 0 0 0 0 0 0 0 0 0 0 0 0 0 1 0 0 0]
[1268149976357820485751713883563289258674672188832185016495141884471842925766227863128935872213516619142153785364995416099688895507326618477 0 0 0 0 0 0 0 0 0 0 0 0 0 0 0 0 0 0 0 0 0 0 0 0 0 0 0 0 0 0 0 0 0 0 0 0 0 0 0 0 0 0 1 0 0]
[409847955341753008482678345761893162011644400475492187404185620871012290992081026544860420892579141287101533900245153886220658913779936117 0 0 0 0 0 0 0 0 0 0 0 0 0 0 0 0 0 0 0 0 0 0 0 0 0 0 0 0 0 0 0 0 0 0 0 0 0 0 0 0 0 0 0 1 0]
[382050433538241952721858597492431025568271613377504061419522692746017967933095486703328305279536568772662702113378883757506686487677484252 0 0 0 0 0 0 0 0 0 0 0 0 0 0 0 0 0 0 0 0 0 0 0 0 0 0 0 0 0 0 0 0 0 0 0 0 0 0 0 0 0 0 0 0 1]
]
46 47 6
[1 1 1 1 1 1 1 1 1 1 1 1 1 1 1 1 1 1 1 1 1 1 1 1 1 1 1 1 1 1 1 1 1 1 1 1 1 1 1 1 1 1 1 1 1 1 1]
