[[1490171047937563697455579419865866695454546546628988479203361899782164612168877591383510738490296067445184757730387157935700373171799861029 0 0 0 0 0 0 0 0 0 0 0 0 0 0 0 0 0 0 0 0 0 0 0 0 0 0 0 0 0 0 0 0 0 0 0 0 0 0 0 0 0 0 0 0 0]
[10872510329050503034596264467427610674040724653561577107265869029440211584795820940748153111118163082841957642392680928138552998029778291 1 0 0 0 0 0 0 0 0 0 0 0 0 0 0 0 0 0 0 0 0 0 0 0 0 0 0 0 0 0 0 0 0 0 0 0 0 0 0 0 0 0 0 0 0]
[29803633608360824803233299930509714948266289645034218851854357958672581603203065775862348110893419393944715272372511399790827642320192133 0 1 0 0 0 0 0 0 0 0 0 0 0 0 0 0 0 0 0 0 0 0 0 0 0 0 0 0 0 0 0 0 0 0 0 0 0 0 0 0 0 0 0 0 0]
[1252637173607462077374424601947395480317575513326029314207010312064060358630025740969930432647459160621206432273057078011737876509254786188 0 0 1 0 0 0 0 0 0 0 0 0 0 0 0 0 0 0 0 0 0 0 0 0 0 0 0 0 0 0 0 0 0 0 0 0 0 0 0 0 0 0 0 0 0]
[383279648912278526435818977899288167175627608618215471924566172152002222675862040873485151168297553004458458451843883389837884160411972005 0 0 0 1 0 0 0 0 0 0 0 0 0 0 0 0 0 0 0 0 0 0 0 0 0 0 0 0 0 0 0 0 0 0 0 0 0 0 0 0 0 0 0 0 0]
[124198846163292161808029257771129145935338365801985859217990323114235295006804151078070460856604777010903406047462704197829635470079006442 0 0 0 0 1 0 0 0 0 0 0 0 0 0 0 0 0 0 0 0 0 0 0 0 0 0 0 0 0 0 0 0 0 0 0 0 0 0 0 0 0 0 0 0 0]
[1269646022281832580783708248568159120889200154993175421907572256688853596840940278713260356444206448169336376179162564435953153441520373627 0 0 0 0 0 1 0 0 0 0 0 0 0 0 0 0 0 0 0 0 0 0 0 0 0 0 0 0 0 0 0 0 0 0 0 0 0 0 0 0 0 0 0 0 0]
[681097154535363946240520206632053488885987477988237754525682038960096602895115609869248599537373490692742963631613783082997141582859835934 0 0 0 0 0 0 1 0 0 0 0 0 0 0 0 0 0 0 0 0 0 0 0 0 0 0 0 0 0 0 0 0 0 0 0 0 0 0 0 0 0 0 0 0 0]
[1406395695740590703841775364150320381625792541306493617560857026923857472353840714885427137781323355721064032206998802569998054623795753669 0 0 0 0 0 0 0 1 0 0 0 0 0 0 0 0 0 0 0 0 0 0 0 0 0 0 0 0 0 0 0 0 0 0 0 0 0 0 0 0 0 0 0 0 0]
[1431681262354108251339292109481015946204104607997215044941842680123215242718283384117102924650367340012355718385378469459455272765390125781 0 0 0 0 0 0 0 0 1 0 0 0 0 0 0 0 0 0 0 0 0 0 0 0 0 0 0 0 0 0 0 0 0 0 0 0 0 0 0 0 0 0 0 0 0]
[1080209279328923973720078048310090639070617296917803570301314217876435131091655093646425261547670334727297650735682000296660195591760530817 0 0 0 0 0 0 0 0 0 1 0 0 0 0 0 0 0 0 0 0 0 0 0 0 0 0 0 0 0 0 0 0 0 0 0 0 0 0 0 0 0 0 0 0 0]
[322869746228430601928057690258581987009236034980542808592884833744989043465913222737361687147331814936739064178206383952063710147689487466 0 0 0 0 0 0 0 0 0 0 1 0 0 0 0 0 0 0 0 0 0 0 0 0 0 0 0 0 0 0 0 0 0 0 0 0 0 0 0 0 0 0 0 0 0]
[844971661822243931965647719476327437478686061583540229815177053815061594056139596278102879888996841068887136403463691398361229318203354420 0 0 0 0 0 0 0 0 0 0 0 1 0 0 0 0 0 0 0 0 0 0 0 0 0 0 0 0 0 0 0 0 0 0 0 0 0 0 0 0 0 0 0 0 0]
[1430573882964132173934532776420407341074540870456902104608119739082977926660247001854544533416104831975164615775323855084256714618178472550 0 0 0 0 0 0 0 0 0 0 0 0 1 0 0 0 0 0 0 0 0 0 0 0 0 0 0 0 0 0 0 0 0 0 0 0 0 0 0 0 0 0 0 0 0]
[699017500143407994661711355555251047303181334401166200288096107348379172511668563822516024980180092838161532564481306407542793117996067462 0 0 0 0 0 0 0 0 0 0 0 0 0 1 0 0 0 0 0 0 0 0 0 0 0 0 0 0 0 0 0 0 0 0 0 0 0 0 0 0 0 0 0 0 0]
[1140677518040886466027821657347382044969844546061783988256866609773588780312838012567415986416036256298569011344232474384211393368525998998 0 0 0 0 0 0 0 0 0 0 0 0 0 0 1 0 0 0 0 0 0 0 0 0 0 0 0 0 0 0 0 0 0 0 0 0 0 0 0 0 0 0 0 0 0]
[1142524469934372576618239180577304182272982139670555571358252997683292282916493090297532691112293373449689511002328754634430605458799828289 0 0 0 0 0 0 0 0 0 0 0 0 0 0 0 1 0 0 0 0 0 0 0 0 0 0 0 0 0 0 0 0 0 0 0 0 0 0 0 0 0 0 0 0 0]
[513246363049936723422178982140761284092977497551542262852626022573555765833995236136651417982844086427289548125345758250568533610697876616 0 0 0 0 0 0 0 0 0 0 0 0 0 0 0 0 1 0 0 0 0 0 0 0 0 0 0 0 0 0 0 0 0 0 0 0 0 0 0 0 0 0 0 0 0]
[594920008124638840026018543217320519832670839396764537510069379374036570741833081246358915169301520919448337548195794513871816074341451519 0 0 0 0 0 0 0 0 0 0 0 0 0 0 0 0 0 1 0 0 0 0 0 0 0 0 0 0 0 0 0 0 0 0 0 0 0 0 0 0 0 0 0 0 0]
[1354758366891025164518037349475744701349053916079414804879809937186170805751579991279460518278332234899934272303873308016723497200849370571 0 0 0 0 0 0 0 0 0 0 0 0 0 0 0 0 0 0 1 0 0 0 0 0 0 0 0 0 0 0 0 0 0 0 0 0 0 0 0 0 0 0 0 0 0]
[495974765146352476621124343295370007789109044980917474913998664861499741933039483326167925567298942609216838220019676045179166824106762919 0 0 0 0 0 0 0 0 0 0 0 0 0 0 0 0 0 0 0 1 0 0 0 0 0 0 0 0 0 0 0 0 0 0 0 0 0 0 0 0 0 0 0 0 0]
[423198500245065114986480506929798147518009435968747216618357402787307440052771460098864015379966757357579342415424193961580652619518776000 0 0 0 0 0 0 0 0 0 0 0 0 0 0 0 0 0 0 0 0 1 0 0 0 0 0 0 0 0 0 0 0 0 0 0 0 0 0 0 0 0 0 0 0 0]
[1005062081022321361725965934396890119344449806798485949709025051321975086869426427981231298894064188097335497106189633112254174347405801053 0 0 0 0 0 0 0 0 0 0 0 0 0 0 0 0 0 0 0 0 0 1 0 0 0 0 0 0 0 0 0 0 0 0 0 0 0 0 0 0 0 0 0 0 0]
[62175036329029195483227125265526808860592696629552605847345877605023410234745515644130493427117933014275191529452853225075513001827231118 0 0 0 0 0 0 0 0 0 0 0 0 0 0 0 0 0 0 0 0 0 0 1 0 0 0 0 0 0 0 0 0 0 0 0 0 0 0 0 0 0 0 0 0 0]
[1267947517325930000823036135544655814621877120803448085497890828203806896450079570162630002270496574912820405598866281388856535189384420695 0 0 0 0 0 0 0 0 0 0 0 0 0 0 0 0 0 0 0 0 0 0 0 1 0 0 0 0 0 0 0 0 0 0 0 0 0 0 0 0 0 0 0 0 0]
[357921638095402045410202345346261488895098178160099509076428631754775899387825805865030352900502418249495395665733121020540220051297985122 0 0 0 0 0 0 0 0 0 0 0 0 0 0 0 0 0 0 0 0 0 0 0 0 1 0 0 0 0 0 0 0 0 0 0 0 0 0 0 0 0 0 0 0 0]
[1454431055060916156776009374910990491789907319001443930088712770760927161507975423044845316706117589840412594529092057185637500491482948291 0 0 0 0 0 0 0 0 0 0 0 0 0 0 0 0 0 0 0 0 0 0 0 0 0 1 0 0 0 0 0 0 0 0 0 0 0 0 0 0 0 0 0 0 0]
[661703372397751138328976174541218528629850507477450699358149627632849062737770009509366011392654412592949901067859863137479982161598765478 0 0 0 0 0 0 0 0 0 0 0 0 0 0 0 0 0 0 0 0 0 0 0 0 0 0 1 0 0 0 0 0 0 0 0 0 0 0 0 0 0 0 0 0 0]
[530012444973582120705395660858775229188049839716178664744536977460845501334410498536867897604229039181753181616418066482029450414580726010 0 0 0 0 0 0 0 0 0 0 0 0 0 0 0 0 0 0 0 0 0 0 0 0 0 0 0 1 0 0 0 0 0 0 0 0 0 0 0 0 0 0 0 0 0]
[1247560918716283868191103521984899452603463419475061516117486013915025622860190745480350039187081078599805766605094620066330315269394965337 0 0 0 0 0 0 0 0 0 0 0 0 0 0 0 0 0 0 0 0 0 0 0 0 0 0 0 0 1 0 0 0 0 0 0 0 0 0 0 0 0 0 0 0 0]
[6885102739279151129715616374144151403649388227553697980144350354762045811717135223116161633266913200802278123635052734139280375269618558 0 0 0 0 0 0 0 0 0 0 0 0 0 0 0 0 0 0 0 0 0 0 0 0 0 0 0 0 0 1 0 0 0 0 0 0 0 0 0 0 0 0 0 0 0]
[731097089724492667123159257943205657379331229934933754532786885271930462187770741563575953915677580126708435144227107010171410215278486567 0 0 0 0 0 0 0 0 0 0 0 0 0 0 0 0 0 0 0 0 0 0 0 0 0 0 0 0 0 0 1 0 0 0 0 0 0 0 0 0 0 0 0 0 0]
[1303623050807070162990248882309119092626329596497766570353517440967087108892476239933213577450369185728809191243255083322869852927265340387 0 0 0 0 0 0 0 0 0 0 0 0 0 0 0 0 0 0 0 0 0 0 0 0 0 0 0 0 0 0 0 1 0 0 0 0 0 0 0 0 0 0 0 0 0]
[388768863922199662537973627318785716446204267354105769295287801010520626585584473827166575243989790585004307677517054135815555904987210750 0 0 0 0 0 0 0 0 0 0 0 0 0 0 0 0 0 0 0 0 0 0 0 0 0 0 0 0 0 0 0 0 1 0 0 0 0 0 0 0 0 0 0 0 0]
[723745736758862834771388966292694882052650118067660759034845717947190243582581381870492457430448091379978783403297571032357024278763640550 0 0 0 0 0 0 0 0 0 0 0 0 0 0 0 0 0 0 0 0 0 0 0 0 0 0 0 0 0 0 0 0 0 1 0 0 0 0 0 0 0 0 0 0 0]
[1195227211516803664516620016599812006224508374568536657757370221853765156957853240463007652244151304680845385258737507737012574470394525527 0 0 0 0 0 0 0 0 0 0 0 0 0 0 0 0 0 0 0 0 0 0 0 0 0 0 0 0 0 0 0 0 0 0 1 0 0 0 0 0 0 0 0 0 0]
[1194510711507539233560452226325206660755024047859783685135164480762413247065901922694567007676693532624640340172040932638558637765876703480 0 0 0 0 0 0 0 0 0 0 0 0 0 0 0 0 0 0 0 0 0 0 0 0 0 0 0 0 0 0 0 0 0 0 0 1 0 0 0 0 0 0 0 0 0]
[959007214907100454096588007700264209739923493762147366046451402802354101831078198291122927476775039270600204335827883303018374008476028129 0 0 0 0 0 0 0 0 0 0 0 0 0 0 0 0 0 0 0 0 0 0 0 0 0 0 0 0 0 0 0 0 0 0 0 0 1 0 0 0 0 0 0 0 0]
[631621120824419366571387580374998177680848376178843658820206284419311398891364143378395305184630117045226295184407543914613342962713864921 0 0 0 0 0 0 0 0 0 0 0 0 0 0 0 0 0 0 0 0 0 0 0 0 0 0 0 0 0 0 0 0 0 0 0 0 0 1 0 0 0 0 0 0 0]
[1229108672063820564345694517278393407256966754274159747767337255005919881675440174058251029407482645333238516046634639438381897172386457617 0 0 0 0 0 0 0 0 0 0 0 0 0 0 0 0 0 0 0 0 0 0 0 0 0 0 0 0 0 0 0 0 0 0 0 0 0 0 1 0 0 0 0 0 0]
[1079863471186113618464320361671869629503606558695866582855636670291198934312378576832426546397502565605692073071673681571752640591960613351 0 0 0 0 0 0 0 0 0 0 0 0 0 0 0 0 0 0 0 0 0 0 0 0 0 0 0 0 0 0 0 0 0 0 0 0 0 0 0 1 0 0 0 0 0]
[1350877175940406689258011537944694620668187279168126958153349062821370328049820416511094088499530116057943143130512607374429097194900076855 0 0 0 0 0 0 0 0 0 0 0 0 0 0 0 0 0 0 0 0 0 0 0 0 0 0 0 0 0 0 0 0 0 0 0 0 0 0 0 0 1 0 0 0 0]
[1058096926181061883081993267238865678240493855288463231542669039005518771104618231991966120542038153309901972135524653306424124293484941476 0 0 0 0 0 0 0 0 0 0 0 0 0 0 0 0 0 0 0 0 0 0 0 0 0 0 0 0 0 0 0 0 0 0 0 0 0 0 0 0 0 1 0 0 0]
[615573045020362020762150484583480798797969819582073954053127556378897528822687160587090643732128948178181466573767414744983742160625485932 0 0 0 0 0 0 0 0 0 0 0 0 0 0 0 0 0 0 0 0 0 0 0 0 0 0 0 0 0 0 0 0 0 0 0 0 0 0 0 0 0 0 1 0 0]
[1404067149894996299156302335000992052435289505940328296205310448896121310763810136578927511751157197691887580135036375284397488005948497931 0 0 0 0 0 0 0 0 0 0 0 0 0 0 0 0 0 0 0 0 0 0 0 0 0 0 0 0 0 0 0 0 0 0 0 0 0 0 0 0 0 0 0 1 0]
[1068882169444572578587855284630812454782839824831419011628032077833265962459263967143987710142452223833325366376997140014605373104094961623 0 0 0 0 0 0 0 0 0 0 0 0 0 0 0 0 0 0 0 0 0 0 0 0 0 0 0 0 0 0 0 0 0 0 0 0 0 0 0 0 0 0 0 0 1]
]
46 47 7
[1 1 1 1 1 1 1 1 1 1 1 1 1 1 1 1 1 1 1 1 1 1 1 1 1 1 1 1 1 1 1 1 1 1 1 1 1 1 1 1 1 1 1 1 1 1 1]
