[[1779566883460742463739934327169897177086454876260362502829932120495442290932535408960962111520687033525303135579767520983582260642747115799 0 0 0 0 0 0 0 0 0 0 0 0 0 0 0 0 0 0 0 0 0 0 0 0 0 0 0 0 0 0 0 0 0 0 0 0 0 0 0 0 0 0 0 0 0]
[1756247192004299496978610139373971604292140304667913593928891985453802807314231779721366834422587002936641146750556871223427932764623405069 1 0 0 0 0 0 0 0 0 0 0 0 0 0 0 0 0 0 0 0 0 0 0 0 0 0 0 0 0 0 0 0 0 0 0 0 0 0 0 0 0 0 0 0 0]
[1279868791718987217024785264884292749634983613417050544245958995290887669663693640478905634147958239121067701760858820776667854732122665278 0 1 0 0 0 0 0 0 0 0 0 0 0 0 0 0 0 0 0 0 0 0 0 0 0 0 0 0 0 0 0 0 0 0 0 0 0 0 0 0 0 0 0 0 0]
[212707368041624493182571909930509825143319143943531988836501900129152240456940058911571556992009446052508319658319582477975699847892500070 0 0 1 0 0 0 0 0 0 0 0 0 0 0 0 0 0 0 0 0 0 0 0 0 0 0 0 0 0 0 0 0 0 0 0 0 0 0 0 0 0 0 0 0 0]
[699090555143445241806868401804079496172534940608932484271488912832650689173714965659572104622642798581626161391929145791725424880089511826 0 0 0 1 0 0 0 0 0 0 0 0 0 0 0 0 0 0 0 0 0 0 0 0 0 0 0 0 0 0 0 0 0 0 0 0 0 0 0 0 0 0 0 0 0]
[1418317596406206300611413191559964476574684086369212741997597292062151651946512389200608963632491807048850738126954465231819797528034576456 0 0 0 0 1 0 0 0 0 0 0 0 0 0 0 0 0 0 0 0 0 0 0 0 0 0 0 0 0 0 0 0 0 0 0 0 0 0 0 0 0 0 0 0 0]
[1656136394417999129037109240427427113933922808619308551083261920609626553218051359378635456162019949734042464938398358985611299107174200736 0 0 0 0 0 1 0 0 0 0 0 0 0 0 0 0 0 0 0 0 0 0 0 0 0 0 0 0 0 0 0 0 0 0 0 0 0 0 0 0 0 0 0 0 0]
[111571902547824169218978539792733114308253957644285799348348278321503166141690621578779019036102156081268065669658848369606914658352185998 0 0 0 0 0 0 1 0 0 0 0 0 0 0 0 0 0 0 0 0 0 0 0 0 0 0 0 0 0 0 0 0 0 0 0 0 0 0 0 0 0 0 0 0 0]
[1373027399670623444771411597441355808318501100956908557067669922107642470502793042680940270937756089956660165821089624365878625258339301477 0 0 0 0 0 0 0 1 0 0 0 0 0 0 0 0 0 0 0 0 0 0 0 0 0 0 0 0 0 0 0 0 0 0 0 0 0 0 0 0 0 0 0 0 0]
[1082769388857526554322015063843998904928951022782984839075260847763739223834247387847116432312355393521994042999350157369290082543815910928 0 0 0 0 0 0 0 0 1 0 0 0 0 0 0 0 0 0 0 0 0 0 0 0 0 0 0 0 0 0 0 0 0 0 0 0 0 0 0 0 0 0 0 0 0]
[354081670693865760289613260327852241408248222084302570990211019201592544307078229705352278101897768793306860926084369765416238487056976133 0 0 0 0 0 0 0 0 0 1 0 0 0 0 0 0 0 0 0 0 0 0 0 0 0 0 0 0 0 0 0 0 0 0 0 0 0 0 0 0 0 0 0 0 0]
[1778912066192242689750237535786044170967671057065540282173929582548827682859180159776970491377539125070610641171161698708377916511653231968 0 0 0 0 0 0 0 0 0 0 1 0 0 0 0 0 0 0 0 0 0 0 0 0 0 0 0 0 0 0 0 0 0 0 0 0 0 0 0 0 0 0 0 0 0]
[739512902804060990777116498031164628076089365476272964374365744986124335945100724123638119946284798961322681190120646376044163566070390856 0 0 0 0 0 0 0 0 0 0 0 1 0 0 0 0 0 0 0 0 0 0 0 0 0 0 0 0 0 0 0 0 0 0 0 0 0 0 0 0 0 0 0 0 0]
[636012984484777838120402231508899370608507686803456840678958175317512242890647750335320949459900672664819403651074394140765751238558294257 0 0 0 0 0 0 0 0 0 0 0 0 1 0 0 0 0 0 0 0 0 0 0 0 0 0 0 0 0 0 0 0 0 0 0 0 0 0 0 0 0 0 0 0 0]
[276280967015406535138551046811444640121610115726069562200571793918493011396506396140848902839704828466746402008434424949342307453047033010 0 0 0 0 0 0 0 0 0 0 0 0 0 1 0 0 0 0 0 0 0 0 0 0 0 0 0 0 0 0 0 0 0 0 0 0 0 0 0 0 0 0 0 0 0]
[128269658032520467619311082512633814008561519190766495597459032169767380307457651341130597365702283518142560147807623120198504793560542768 0 0 0 0 0 0 0 0 0 0 0 0 0 0 1 0 0 0 0 0 0 0 0 0 0 0 0 0 0 0 0 0 0 0 0 0 0 0 0 0 0 0 0 0 0]
[1176329808547278616595722895558571062888151525872838904766793966753659512391758938314853921710394917114119612203318105179133671618398187102 0 0 0 0 0 0 0 0 0 0 0 0 0 0 0 1 0 0 0 0 0 0 0 0 0 0 0 0 0 0 0 0 0 0 0 0 0 0 0 0 0 0 0 0 0]
[1602053129298734196187100962675516463251532801488830199468358951725589302294991566305402049158324044299232896128674128385529957472875187804 0 0 0 0 0 0 0 0 0 0 0 0 0 0 0 0 1 0 0 0 0 0 0 0 0 0 0 0 0 0 0 0 0 0 0 0 0 0 0 0 0 0 0 0 0]
[1736155136612263530830769660688777937465076632058465271987190550889386840499967998571562203526431194600266011436961564725805268940183573985 0 0 0 0 0 0 0 0 0 0 0 0 0 0 0 0 0 1 0 0 0 0 0 0 0 0 0 0 0 0 0 0 0 0 0 0 0 0 0 0 0 0 0 0 0]
[1304814797902003187917063452057389902286251098785495089664612372737313823523730861684531624144562398983090371393854924088288681327095736143 0 0 0 0 0 0 0 0 0 0 0 0 0 0 0 0 0 0 1 0 0 0 0 0 0 0 0 0 0 0 0 0 0 0 0 0 0 0 0 0 0 0 0 0 0]
[408734891274693623077860360050883794941775119446187260980559120971874613362758699494248382956521100921878768581895285617186611646272545576 0 0 0 0 0 0 0 0 0 0 0 0 0 0 0 0 0 0 0 1 0 0 0 0 0 0 0 0 0 0 0 0 0 0 0 0 0 0 0 0 0 0 0 0 0]
[454373171753173414045609952673201103113377819714937051655340201838115546336676971085238903468813717091560913513077038469753365087487803311 0 0 0 0 0 0 0 0 0 0 0 0 0 0 0 0 0 0 0 0 1 0 0 0 0 0 0 0 0 0 0 0 0 0 0 0 0 0 0 0 0 0 0 0 0]
[33974273291008406463558256274140008460939869706320919201041907435417923808967178359471387670570770267962769261883274350217783059397958324 0 0 0 0 0 0 0 0 0 0 0 0 0 0 0 0 0 0 0 0 0 1 0 0 0 0 0 0 0 0 0 0 0 0 0 0 0 0 0 0 0 0 0 0 0]
[322587317811403819552084469749485950739712610898415511020537335187079826839933723486803472894746263005252606338833066432604218919138329881 0 0 0 0 0 0 0 0 0 0 0 0 0 0 0 0 0 0 0 0 0 0 1 0 0 0 0 0 0 0 0 0 0 0 0 0 0 0 0 0 0 0 0 0 0]
[1530980048430098576879766947576418538519068217182954164544839357237873306069646245363083899591479875616792816461890413415843747585875245568 0 0 0 0 0 0 0 0 0 0 0 0 0 0 0 0 0 0 0 0 0 0 0 1 0 0 0 0 0 0 0 0 0 0 0 0 0 0 0 0 0 0 0 0 0]
[491777598665863358012090032471237063013527451455206931989638731882956244062003256702524433191017530331712901654495271643329953656841116105 0 0 0 0 0 0 0 0 0 0 0 0 0 0 0 0 0 0 0 0 0 0 0 0 1 0 0 0 0 0 0 0 0 0 0 0 0 0 0 0 0 0 0 0 0]
[955452588836121671642418932393287693201380332718498261962787480708136241301650365674712724532564822631376193928153278880826603819242588922 0 0 0 0 0 0 0 0 0 0 0 0 0 0 0 0 0 0 0 0 0 0 0 0 0 1 0 0 0 0 0 0 0 0 0 0 0 0 0 0 0 0 0 0 0]
[1737828355819118290529399148100177738052948095436489503039829440442999421559792746895596582363459318311105485486750538365849189251255542462 0 0 0 0 0 0 0 0 0 0 0 0 0 0 0 0 0 0 0 0 0 0 0 0 0 0 1 0 0 0 0 0 0 0 0 0 0 0 0 0 0 0 0 0 0]
[962365446689887655095277083718678475952043256055555201376727653019140011348895526430163429104812692082019289061825509229693740845351151140 0 0 0 0 0 0 0 0 0 0 0 0 0 0 0 0 0 0 0 0 0 0 0 0 0 0 0 1 0 0 0 0 0 0 0 0 0 0 0 0 0 0 0 0 0]
[401715670119728438008346051451399794020927471903427948186585196212286762220994192949957548337741846597910582455245846336915711623853892220 0 0 0 0 0 0 0 0 0 0 0 0 0 0 0 0 0 0 0 0 0 0 0 0 0 0 0 0 1 0 0 0 0 0 0 0 0 0 0 0 0 0 0 0 0]
[1523766791619813726593942133299951584045971254434901176743455754370664040430778980912425956972073741995274701504068315249786970909672979062 0 0 0 0 0 0 0 0 0 0 0 0 0 0 0 0 0 0 0 0 0 0 0 0 0 0 0 0 0 1 0 0 0 0 0 0 0 0 0 0 0 0 0 0 0]
[928536701663153538286023245303682057519023448615075326460420127823712572311845095529454903999397341828984289836385811125162083445443909109 0 0 0 0 0 0 0 0 0 0 0 0 0 0 0 0 0 0 0 0 0 0 0 0 0 0 0 0 0 0 1 0 0 0 0 0 0 0 0 0 0 0 0 0 0]
[842318525537811590925047820118511279431857768590758767201108365534468185213279285904284872552379732828553598183059396751286256638323771344 0 0 0 0 0 0 0 0 0 0 0 0 0 0 0 0 0 0 0 0 0 0 0 0 0 0 0 0 0 0 0 1 0 0 0 0 0 0 0 0 0 0 0 0 0]
[1539856129264466525280927527620468057311585278514819636309264251446193109825165983814157805968933292879188315397740142166559101300412002719 0 0 0 0 0 0 0 0 0 0 0 0 0 0 0 0 0 0 0 0 0 0 0 0 0 0 0 0 0 0 0 0 1 0 0 0 0 0 0 0 0 0 0 0 0]
[1362697620431891395222565041354197388160830894540602371951762960843854445308787902350349556381129607238681965995715877624391081097451616791 0 0 0 0 0 0 0 0 0 0 0 0 0 0 0 0 0 0 0 0 0 0 0 0 0 0 0 0 0 0 0 0 0 1 0 0 0 0 0 0 0 0 0 0 0]
[1322803901195666221715032095902685858456612046069848920245520105013367368179332051504675652765104547501473268498840384005067724611467941849 0 0 0 0 0 0 0 0 0 0 0 0 0 0 0 0 0 0 0 0 0 0 0 0 0 0 0 0 0 0 0 0 0 0 1 0 0 0 0 0 0 0 0 0 0]
[546045604764298044100331156718552019130739439910894617104926114068708856755102628687962307045203969173536171593909874549336577252121502167 0 0 0 0 0 0 0 0 0 0 0 0 0 0 0 0 0 0 0 0 0 0 0 0 0 0 0 0 0 0 0 0 0 0 0 1 0 0 0 0 0 0 0 0 0]
[1689049132685586480322120878121413036875825025191521036163613766369529869293689322426349909863118805953622712878155402910043039464349594729 0 0 0 0 0 0 0 0 0 0 0 0 0 0 0 0 0 0 0 0 0 0 0 0 0 0 0 0 0 0 0 0 0 0 0 0 1 0 0 0 0 0 0 0 0]
[93513334732434895510039090234642731026089397291835567560638240010630882443990269566752053066230286671482392872369267738922221242462980593 0 0 0 0 0 0 0 0 0 0 0 0 0 0 0 0 0 0 0 0 0 0 0 0 0 0 0 0 0 0 0 0 0 0 0 0 0 1 0 0 0 0 0 0 0]
[502621832062111707891021112014903649969474741971006237638422631798762411477566690095291700187291831399598208953654248736988389259205612987 0 0 0 0 0 0 0 0 0 0 0 0 0 0 0 0 0 0 0 0 0 0 0 0 0 0 0 0 0 0 0 0 0 0 0 0 0 0 1 0 0 0 0 0 0]
[830048512083964572653410634570442098119630064960157580579412232337079673920814214235902274820033667076683175685759076708070766378737735723 0 0 0 0 0 0 0 0 0 0 0 0 0 0 0 0 0 0 0 0 0 0 0 0 0 0 0 0 0 0 0 0 0 0 0 0 0 0 0 1 0 0 0 0 0]
[746416030856861131247510995791161252295669383206153587570819552109955272918598891392632323331254099878122790937466183027427456917942929204 0 0 0 0 0 0 0 0 0 0 0 0 0 0 0 0 0 0 0 0 0 0 0 0 0 0 0 0 0 0 0 0 0 0 0 0 0 0 0 0 1 0 0 0 0]
[995603588673689622040975325638155925684847936834608079826675515546418814369571959678576274190208776359750572311861279386691481056099830377 0 0 0 0 0 0 0 0 0 0 0 0 0 0 0 0 0 0 0 0 0 0 0 0 0 0 0 0 0 0 0 0 0 0 0 0 0 0 0 0 0 1 0 0 0]
[563026270669413464160502884740694716337022358643485129295471443146372765157203503678152058693459667564520195232136345517017798942872904679 0 0 0 0 0 0 0 0 0 0 0 0 0 0 0 0 0 0 0 0 0 0 0 0 0 0 0 0 0 0 0 0 0 0 0 0 0 0 0 0 0 0 1 0 0]
[556645639802872870083162991359740549022611304651414716458418631379872872679085039474474055901484431539426395187371009632074149310624707479 0 0 0 0 0 0 0 0 0 0 0 0 0 0 0 0 0 0 0 0 0 0 0 0 0 0 0 0 0 0 0 0 0 0 0 0 0 0 0 0 0 0 0 1 0]
[672452092984247669263477947355328336916068281362293678684928879826093354108807422576182535701894624563732844588167572492293428923969164491 0 0 0 0 0 0 0 0 0 0 0 0 0 0 0 0 0 0 0 0 0 0 0 0 0 0 0 0 0 0 0 0 0 0 0 0 0 0 0 0 0 0 0 0 1]
]
46 47 3
[1 1 1 1 1 1 1 1 1 1 1 1 1 1 1 1 1 1 1 1 1 1 1 1 1 1 1 1 1 1 1 1 1 1 1 1 1 1 1 1 1 1 1 1 1 1 1]
