[[2650730105053136347868798054492076685181138052378410505055942858054814977332066573563421368718617068915223402879974858381430814799860552023 0 0 0 0 0 0 0 0 0 0 0 0 0 0 0 0 0 0 0 0 0 0 0 0 0 0 0 0 0 0 0 0 0 0 0 0 0 0 0 0 0 0 0 0 0]
[761294600661517896432752894708707248429853923828219017807637229287048665412643347757734297729960141062392446255250087755236496314876849377 1 0 0 0 0 0 0 0 0 0 0 0 0 0 0 0 0 0 0 0 0 0 0 0 0 0 0 0 0 0 0 0 0 0 0 0 0 0 0 0 0 0 0 0 0]
[271628609965778557470810384673709002390129897463217164265547799774443573367181349748823246589652587694489699923603479917048386975005716751 0 1 0 0 0 0 0 0 0 0 0 0 0 0 0 0 0 0 0 0 0 0 0 0 0 0 0 0 0 0 0 0 0 0 0 0 0 0 0 0 0 0 0 0 0]
[2011762182173444169124902132878727819711664403546215929488694395257597221788391224204771065847844105450062055130866632482892169121079069992 0 0 1 0 0 0 0 0 0 0 0 0 0 0 0 0 0 0 0 0 0 0 0 0 0 0 0 0 0 0 0 0 0 0 0 0 0 0 0 0 0 0 0 0 0]
[999409658826151892650238157847089025348362016712613655570847593864871062242723120663655729688887397980437752712893305076217149988403097921 0 0 0 1 0 0 0 0 0 0 0 0 0 0 0 0 0 0 0 0 0 0 0 0 0 0 0 0 0 0 0 0 0 0 0 0 0 0 0 0 0 0 0 0 0]
[1310839128689252781096405225739228242027367076519408478982471030572407544654743264073480392940611747744573576384615286165517513989148516377 0 0 0 0 1 0 0 0 0 0 0 0 0 0 0 0 0 0 0 0 0 0 0 0 0 0 0 0 0 0 0 0 0 0 0 0 0 0 0 0 0 0 0 0 0]
[872060211201598486551732058118384101875845852604853595767361474669712305064858808636190221508196969758225615009727641304173217684024156057 0 0 0 0 0 1 0 0 0 0 0 0 0 0 0 0 0 0 0 0 0 0 0 0 0 0 0 0 0 0 0 0 0 0 0 0 0 0 0 0 0 0 0 0 0]
[1607809689330862614822347832661876194923516742159549855856440243694599288961974263553203005327466619156376984293165718437533109634474488959 0 0 0 0 0 0 1 0 0 0 0 0 0 0 0 0 0 0 0 0 0 0 0 0 0 0 0 0 0 0 0 0 0 0 0 0 0 0 0 0 0 0 0 0 0]
[1289024351338085760560503576881137357247435214110639931440448024534760523345029448359411388980183655807680306205603146606726479216756594305 0 0 0 0 0 0 0 1 0 0 0 0 0 0 0 0 0 0 0 0 0 0 0 0 0 0 0 0 0 0 0 0 0 0 0 0 0 0 0 0 0 0 0 0 0]
[1719975310796827843881002279318783871233683565619870751611913381335323469945566968750847742439817439274340698649204058643477565416874680695 0 0 0 0 0 0 0 0 1 0 0 0 0 0 0 0 0 0 0 0 0 0 0 0 0 0 0 0 0 0 0 0 0 0 0 0 0 0 0 0 0 0 0 0 0]
[327596967599474975118201751694180323779800257025296299931270790860815791195345094555313758350350261585515074640911779931797109575277251094 0 0 0 0 0 0 0 0 0 1 0 0 0 0 0 0 0 0 0 0 0 0 0 0 0 0 0 0 0 0 0 0 0 0 0 0 0 0 0 0 0 0 0 0 0]
[624837669448108316782128908642900762740863272856481972850367452194505072661468723102236628320699973644159484151378536701989973996952044529 0 0 0 0 0 0 0 0 0 0 1 0 0 0 0 0 0 0 0 0 0 0 0 0 0 0 0 0 0 0 0 0 0 0 0 0 0 0 0 0 0 0 0 0 0]
[489988081233841898776233481817349977318059600467677487729710377488567767013663461039012397099793821996329260058476069594487045977627305309 0 0 0 0 0 0 0 0 0 0 0 1 0 0 0 0 0 0 0 0 0 0 0 0 0 0 0 0 0 0 0 0 0 0 0 0 0 0 0 0 0 0 0 0 0]
[1412973858818213880471312678094314844602001733879732535863235109346340379652913449092274722042888079631372628943944060973354660384907810871 0 0 0 0 0 0 0 0 0 0 0 0 1 0 0 0 0 0 0 0 0 0 0 0 0 0 0 0 0 0 0 0 0 0 0 0 0 0 0 0 0 0 0 0 0]
[2054884955725871982081510151933063454837155648946465202679057056157462731881209732571146783332303308695516342299321291175642783215217099160 0 0 0 0 0 0 0 0 0 0 0 0 0 1 0 0 0 0 0 0 0 0 0 0 0 0 0 0 0 0 0 0 0 0 0 0 0 0 0 0 0 0 0 0 0]
[1016103053003002857820238728357286372100314538124881822899926445351103262904148333243587753855370745427622003512497661008786071162343908909 0 0 0 0 0 0 0 0 0 0 0 0 0 0 1 0 0 0 0 0 0 0 0 0 0 0 0 0 0 0 0 0 0 0 0 0 0 0 0 0 0 0 0 0 0]
[1388768506749466480179480759047492195760358317450535401134408470840621396051149424468306994154607803043093651723820457668725615436650674169 0 0 0 0 0 0 0 0 0 0 0 0 0 0 0 1 0 0 0 0 0 0 0 0 0 0 0 0 0 0 0 0 0 0 0 0 0 0 0 0 0 0 0 0 0]
[2105151080047934951941842063143170318123160350465976406647123433978435056314461982911576900954098398143597848629132948128865571999846697038 0 0 0 0 0 0 0 0 0 0 0 0 0 0 0 0 1 0 0 0 0 0 0 0 0 0 0 0 0 0 0 0 0 0 0 0 0 0 0 0 0 0 0 0 0]
[1722022740385405922492783070156193640036914626902427388002959208414405955950630453886029643731484728292097436604665837619926761274042208453 0 0 0 0 0 0 0 0 0 0 0 0 0 0 0 0 0 1 0 0 0 0 0 0 0 0 0 0 0 0 0 0 0 0 0 0 0 0 0 0 0 0 0 0 0]
[2128761849228988677366155700421790092573351924557067593982418065380215366792915632709051273409705427285740711926299442773099508969664029445 0 0 0 0 0 0 0 0 0 0 0 0 0 0 0 0 0 0 1 0 0 0 0 0 0 0 0 0 0 0 0 0 0 0 0 0 0 0 0 0 0 0 0 0 0]
[180122532060902855539495887130345268731148411495195421789174395805076849219353836853564214239073307881441481301597305401127226390015696470 0 0 0 0 0 0 0 0 0 0 0 0 0 0 0 0 0 0 0 1 0 0 0 0 0 0 0 0 0 0 0 0 0 0 0 0 0 0 0 0 0 0 0 0 0]
[630605256339810064416321016393623270480747385995297072840199963043179383481024044140070043990652122720704340168232911430787907060678859815 0 0 0 0 0 0 0 0 0 0 0 0 0 0 0 0 0 0 0 0 1 0 0 0 0 0 0 0 0 0 0 0 0 0 0 0 0 0 0 0 0 0 0 0 0]
[2618070668142948346562523710292849688279699043457525436523542295629090051813169354714775149805069878533021576867813436742545941029580425668 0 0 0 0 0 0 0 0 0 0 0 0 0 0 0 0 0 0 0 0 0 1 0 0 0 0 0 0 0 0 0 0 0 0 0 0 0 0 0 0 0 0 0 0 0]
[315731461140151880929172295125413521459328337976844937676908417249515667324844377359364928146169780870036260074744047190502558937102251283 0 0 0 0 0 0 0 0 0 0 0 0 0 0 0 0 0 0 0 0 0 0 1 0 0 0 0 0 0 0 0 0 0 0 0 0 0 0 0 0 0 0 0 0 0]
[26560768139220460363322362504860247761102542059055784424767508402942131965839652784808661870262475444096922535473390756904645595149316251 0 0 0 0 0 0 0 0 0 0 0 0 0 0 0 0 0 0 0 0 0 0 0 1 0 0 0 0 0 0 0 0 0 0 0 0 0 0 0 0 0 0 0 0 0]
[1134781978361803318678141366640556006263422485780809023107220550220325975844834012183450315234298412892878455938091997075320105632210846031 0 0 0 0 0 0 0 0 0 0 0 0 0 0 0 0 0 0 0 0 0 0 0 0 1 0 0 0 0 0 0 0 0 0 0 0 0 0 0 0 0 0 0 0 0]
[2101729972174527947643678040244939269963256733770376070770570136573343974091640617859293614909643436557557581057155632039132578157176768583 0 0 0 0 0 0 0 0 0 0 0 0 0 0 0 0 0 0 0 0 0 0 0 0 0 1 0 0 0 0 0 0 0 0 0 0 0 0 0 0 0 0 0 0 0]
[1615038745809484550780810948521655904138376737684470702681915041296352983696671196786437040868960996603663313473219910505501840941120422321 0 0 0 0 0 0 0 0 0 0 0 0 0 0 0 0 0 0 0 0 0 0 0 0 0 0 1 0 0 0 0 0 0 0 0 0 0 0 0 0 0 0 0 0 0]
[2412405687729276771305249794485794426353975106749905480639085540547270206770444663765865393578660577612839058501582092704817818593698168265 0 0 0 0 0 0 0 0 0 0 0 0 0 0 0 0 0 0 0 0 0 0 0 0 0 0 0 1 0 0 0 0 0 0 0 0 0 0 0 0 0 0 0 0 0]
[2098996386266801315415590524435611646410500406811947690649362636470293829098574747390019615029586630878150953224921655852588388338417259929 0 0 0 0 0 0 0 0 0 0 0 0 0 0 0 0 0 0 0 0 0 0 0 0 0 0 0 0 1 0 0 0 0 0 0 0 0 0 0 0 0 0 0 0 0]
[260093957334647013882233041764986349559429068687837410716517211433393079680001219100511093836713597291347535477835126963945756467031025987 0 0 0 0 0 0 0 0 0 0 0 0 0 0 0 0 0 0 0 0 0 0 0 0 0 0 0 0 0 1 0 0 0 0 0 0 0 0 0 0 0 0 0 0 0]
[347231041675932129648033477743781584908985305476148207598259002976565673894269581524603076907079471818813152228203422995687951552093193818 0 0 0 0 0 0 0 0 0 0 0 0 0 0 0 0 0 0 0 0 0 0 0 0 0 0 0 0 0 0 1 0 0 0 0 0 0 0 0 0 0 0 0 0 0]
[2556042775051504095608743328409955219830990975891324924879881870637731509485151538403495978811321176689276438221757908777165076287088716720 0 0 0 0 0 0 0 0 0 0 0 0 0 0 0 0 0 0 0 0 0 0 0 0 0 0 0 0 0 0 0 1 0 0 0 0 0 0 0 0 0 0 0 0 0]
[1471611670967620407072940410371945436804472773132973908086447985499783888017478338777106650955958430881340269713031081676304519394679142034 0 0 0 0 0 0 0 0 0 0 0 0 0 0 0 0 0 0 0 0 0 0 0 0 0 0 0 0 0 0 0 0 1 0 0 0 0 0 0 0 0 0 0 0 0]
[2251910685664762877388765149697702927620884830788713856791467506542594577903748204537791796095677022341986724186650778730033581858959838230 0 0 0 0 0 0 0 0 0 0 0 0 0 0 0 0 0 0 0 0 0 0 0 0 0 0 0 0 0 0 0 0 0 1 0 0 0 0 0 0 0 0 0 0 0]
[471133557993973095821131840562494475246617590783110671479810011817211987979954221181310773214178712139864813067551516250653809001188879918 0 0 0 0 0 0 0 0 0 0 0 0 0 0 0 0 0 0 0 0 0 0 0 0 0 0 0 0 0 0 0 0 0 0 1 0 0 0 0 0 0 0 0 0 0]
[465533128662976676460549249945737919365606031441166692075720465442557727798729343757180647849955341319090998258569869914196768700175560734 0 0 0 0 0 0 0 0 0 0 0 0 0 0 0 0 0 0 0 0 0 0 0 0 0 0 0 0 0 0 0 0 0 0 0 1 0 0 0 0 0 0 0 0 0]
[468600985567373130909442620310102827746135654118680523888064237716799769319462490340365653176093551865021631891438364341755932376794958081 0 0 0 0 0 0 0 0 0 0 0 0 0 0 0 0 0 0 0 0 0 0 0 0 0 0 0 0 0 0 0 0 0 0 0 0 1 0 0 0 0 0 0 0 0]
[2526871767722524490798971413299040119935888586821551437263985460734492232800774764348191355587492457735379123430979907110574855303323257440 0 0 0 0 0 0 0 0 0 0 0 0 0 0 0 0 0 0 0 0 0 0 0 0 0 0 0 0 0 0 0 0 0 0 0 0 0 1 0 0 0 0 0 0 0]
[1275295287902485369105075869445107394163862492108301612941112710488744401777105139427218595289878461237245263594327730488603586844367428569 0 0 0 0 0 0 0 0 0 0 0 0 0 0 0 0 0 0 0 0 0 0 0 0 0 0 0 0 0 0 0 0 0 0 0 0 0 0 1 0 0 0 0 0 0]
[1023018145403871893209673768685595557068588269917701891673858891600563672550375082995666038562744481142755019388203837110023174451450186480 0 0 0 0 0 0 0 0 0 0 0 0 0 0 0 0 0 0 0 0 0 0 0 0 0 0 0 0 0 0 0 0 0 0 0 0 0 0 0 1 0 0 0 0 0]
[79203281227188675849212734329511186701791204689240480296201640919297764624635920253282573573251841162991281350021052086892989249284603934 0 0 0 0 0 0 0 0 0 0 0 0 0 0 0 0 0 0 0 0 0 0 0 0 0 0 0 0 0 0 0 0 0 0 0 0 0 0 0 0 1 0 0 0 0]
[350535052671518876738873945584875265068993004925237204337834537457664780678502325482313575118017413769485208899049226953720658088255695496 0 0 0 0 0 0 0 0 0 0 0 0 0 0 0 0 0 0 0 0 0 0 0 0 0 0 0 0 0 0 0 0 0 0 0 0 0 0 0 0 0 1 0 0 0]
[312778820811438352773072067003446136389618380720866750656589106802160876073059608690757686641626561453991881512648501481945252894336490304 0 0 0 0 0 0 0 0 0 0 0 0 0 0 0 0 0 0 0 0 0 0 0 0 0 0 0 0 0 0 0 0 0 0 0 0 0 0 0 0 0 0 1 0 0]
[1784149831194746211749819452264611128195817502786895593015907281702447818614616740643645451048880890597542858121949830973909966927967927967 0 0 0 0 0 0 0 0 0 0 0 0 0 0 0 0 0 0 0 0 0 0 0 0 0 0 0 0 0 0 0 0 0 0 0 0 0 0 0 0 0 0 0 1 0]
[2530848021135270058687388581411073965327251942869519549131402131375770974309010646561543490340813234482256041094732901941502587877123719404 0 0 0 0 0 0 0 0 0 0 0 0 0 0 0 0 0 0 0 0 0 0 0 0 0 0 0 0 0 0 0 0 0 0 0 0 0 0 0 0 0 0 0 0 1]
]
46 47 4
[1 1 1 1 1 1 1 1 1 1 1 1 1 1 1 1 1 1 1 1 1 1 1 1 1 1 1 1 1 1 1 1 1 1 1 1 1 1 1 1 1 1 1 1 1 1 1]
