[[2207754582714104088014060432586988662325905463988164604073650938420696333010739416203050359599621564625144650380717913528447552513684336147 0 0 0 0 0 0 0 0 0 0 0 0 0 0 0 0 0 0 0 0 0 0 0 0 0 0 0 0 0 0 0 0 0 0 0 0 0 0 0 0 0 0 0 0 0]
[1018587495854077758017944892862267442820319318351581567723121227719938387869051652605526683782951230318867044678493143410550529360402892456 1 0 0 0 0 0 0 0 0 0 0 0 0 0 0 0 0 0 0 0 0 0 0 0 0 0 0 0 0 0 0 0 0 0 0 0 0 0 0 0 0 0 0 0 0]
[1641062454562528519823995624123575928284605900885619816497901746246481066466068962177368811739171091209365027294534873949523001049297574048 0 1 0 0 0 0 0 0 0 0 0 0 0 0 0 0 0 0 0 0 0 0 0 0 0 0 0 0 0 0 0 0 0 0 0 0 0 0 0 0 0 0 0 0 0]
[711918153842588781812631036161721506325924780817413296748611985744192690010208175120186717618550429107490304220277381617580054203085196186 0 0 1 0 0 0 0 0 0 0 0 0 0 0 0 0 0 0 0 0 0 0 0 0 0 0 0 0 0 0 0 0 0 0 0 0 0 0 0 0 0 0 0 0 0]
[1363250208246046501389272791093227402114222259955328182470892882332753439397280158487227152150710949677692669671092548127200363065769587195 0 0 0 1 0 0 0 0 0 0 0 0 0 0 0 0 0 0 0 0 0 0 0 0 0 0 0 0 0 0 0 0 0 0 0 0 0 0 0 0 0 0 0 0 0]
[1414362193901366383718698132695667209335358289722297622178368333540134771610854581484992859481958211398946539447756289728387865172687167523 0 0 0 0 1 0 0 0 0 0 0 0 0 0 0 0 0 0 0 0 0 0 0 0 0 0 0 0 0 0 0 0 0 0 0 0 0 0 0 0 0 0 0 0 0]
[588384026708445526758006992521827450161577880953808867699183901050132662458413871382733308553676969473609487442030742545179562599296846643 0 0 0 0 0 1 0 0 0 0 0 0 0 0 0 0 0 0 0 0 0 0 0 0 0 0 0 0 0 0 0 0 0 0 0 0 0 0 0 0 0 0 0 0 0]
[1862064544804823195985433929761139939571687096257504386750710461243099914940875690471091776198851967349323185680514176014868882386828697831 0 0 0 0 0 0 1 0 0 0 0 0 0 0 0 0 0 0 0 0 0 0 0 0 0 0 0 0 0 0 0 0 0 0 0 0 0 0 0 0 0 0 0 0 0]
[959630111047898564401609019926463526223495197821415684496870891773074940818943039078794158309872486864575583577577896943196645926680457661 0 0 0 0 0 0 0 1 0 0 0 0 0 0 0 0 0 0 0 0 0 0 0 0 0 0 0 0 0 0 0 0 0 0 0 0 0 0 0 0 0 0 0 0 0]
[1398735228667964948806291220842838304550160499760028733623610679754346005761968958824135960847308744506534477419802994531914861123978042317 0 0 0 0 0 0 0 0 1 0 0 0 0 0 0 0 0 0 0 0 0 0 0 0 0 0 0 0 0 0 0 0 0 0 0 0 0 0 0 0 0 0 0 0 0]
[1212242495984658087406635693267200453710842319490250967479313994279047057968434730702178763621593654048920462298281382845788179240707117840 0 0 0 0 0 0 0 0 0 1 0 0 0 0 0 0 0 0 0 0 0 0 0 0 0 0 0 0 0 0 0 0 0 0 0 0 0 0 0 0 0 0 0 0 0]
[1760214161080045115467796006191523324310562116737305301226318522480753349363145275948758391523570959639428238447624269783574972608801606527 0 0 0 0 0 0 0 0 0 0 1 0 0 0 0 0 0 0 0 0 0 0 0 0 0 0 0 0 0 0 0 0 0 0 0 0 0 0 0 0 0 0 0 0 0]
[794480265661301557677595026261786146585684273591360863223612435918534947691852531562922554615800392318127998576407783724737718889322260746 0 0 0 0 0 0 0 0 0 0 0 1 0 0 0 0 0 0 0 0 0 0 0 0 0 0 0 0 0 0 0 0 0 0 0 0 0 0 0 0 0 0 0 0 0]
[1852076117403460635170845126501534951755735399964841250245484367240504916861910753960912293584182891397317130686289331496737592183646290549 0 0 0 0 0 0 0 0 0 0 0 0 1 0 0 0 0 0 0 0 0 0 0 0 0 0 0 0 0 0 0 0 0 0 0 0 0 0 0 0 0 0 0 0 0]
[496358936223645452002150761839066541286488940900098542023180465644299138064691205640672977426062684660060017339936002879337384245267986551 0 0 0 0 0 0 0 0 0 0 0 0 0 1 0 0 0 0 0 0 0 0 0 0 0 0 0 0 0 0 0 0 0 0 0 0 0 0 0 0 0 0 0 0 0]
[1605284913656411549934233662834909895010719915174065323365642582826270332884707465366537449033725508872999872822362651722275078609614930091 0 0 0 0 0 0 0 0 0 0 0 0 0 0 1 0 0 0 0 0 0 0 0 0 0 0 0 0 0 0 0 0 0 0 0 0 0 0 0 0 0 0 0 0 0]
[1060189955962105390328141286241542572738300379142737434888739878142138496489142195653310358989744188987413586088641714797709798634451071598 0 0 0 0 0 0 0 0 0 0 0 0 0 0 0 1 0 0 0 0 0 0 0 0 0 0 0 0 0 0 0 0 0 0 0 0 0 0 0 0 0 0 0 0 0]
[1505630601627098565087799535626048440069822798694434938536204662703488305652002764019512644064588644410614677374460775699717678814431030957 0 0 0 0 0 0 0 0 0 0 0 0 0 0 0 0 1 0 0 0 0 0 0 0 0 0 0 0 0 0 0 0 0 0 0 0 0 0 0 0 0 0 0 0 0]
[384512978269041117202810429447850567566957328133154728353627141425172297660827018822997139731384398241922798617554590062550480421597088338 0 0 0 0 0 0 0 0 0 0 0 0 0 0 0 0 0 1 0 0 0 0 0 0 0 0 0 0 0 0 0 0 0 0 0 0 0 0 0 0 0 0 0 0 0]
[2149402072436211290673705765800754159646073215347404634304481255632288529541281785902514105022518771260629107397104907646953670917078140091 0 0 0 0 0 0 0 0 0 0 0 0 0 0 0 0 0 0 1 0 0 0 0 0 0 0 0 0 0 0 0 0 0 0 0 0 0 0 0 0 0 0 0 0 0]
[1809730543086350842999171049957178577403065969597237500791804119540378361370547178525082444512180510194321176438732884978709433740499091348 0 0 0 0 0 0 0 0 0 0 0 0 0 0 0 0 0 0 0 1 0 0 0 0 0 0 0 0 0 0 0 0 0 0 0 0 0 0 0 0 0 0 0 0 0]
[1763033666513767283759355757464521632903362102955807468886209539881583100824265439654818054415429660769466142051792697468558809613437994956 0 0 0 0 0 0 0 0 0 0 0 0 0 0 0 0 0 0 0 0 1 0 0 0 0 0 0 0 0 0 0 0 0 0 0 0 0 0 0 0 0 0 0 0 0]
[310017898502734090682516200566491714527168413132945622445452937543903634827898474412027019600410855684351409305370151565384291171674385800 0 0 0 0 0 0 0 0 0 0 0 0 0 0 0 0 0 0 0 0 0 1 0 0 0 0 0 0 0 0 0 0 0 0 0 0 0 0 0 0 0 0 0 0 0]
[1454333045687677139695921503023507070152445008311530841247950287496090288905572066408727826468231539308440352337366092657983793739528813783 0 0 0 0 0 0 0 0 0 0 0 0 0 0 0 0 0 0 0 0 0 0 1 0 0 0 0 0 0 0 0 0 0 0 0 0 0 0 0 0 0 0 0 0 0]
[2170121701400712570066197930376591613598473403818097370659246142943298417270684657322879076930148730001583515818017261972773748204186276623 0 0 0 0 0 0 0 0 0 0 0 0 0 0 0 0 0 0 0 0 0 0 0 1 0 0 0 0 0 0 0 0 0 0 0 0 0 0 0 0 0 0 0 0 0]
[855035742788085716611076779093403182247075322528099579163980388159326645822731086910327384525790172296811045038403772405208198845835301264 0 0 0 0 0 0 0 0 0 0 0 0 0 0 0 0 0 0 0 0 0 0 0 0 1 0 0 0 0 0 0 0 0 0 0 0 0 0 0 0 0 0 0 0 0]
[1741234322142805813898589214196447486726290578436802807519878468855687432968668326004218440822829903158014825867395587886805930733036227321 0 0 0 0 0 0 0 0 0 0 0 0 0 0 0 0 0 0 0 0 0 0 0 0 0 1 0 0 0 0 0 0 0 0 0 0 0 0 0 0 0 0 0 0 0]
[225163197818627282663819781963992302191563866486714527048002860264760904817749726651798504904911012160260171426009844180820673572164586551 0 0 0 0 0 0 0 0 0 0 0 0 0 0 0 0 0 0 0 0 0 0 0 0 0 0 1 0 0 0 0 0 0 0 0 0 0 0 0 0 0 0 0 0 0]
[592232346157216186747089203751233141018400725923021601041677122928639287633877353562916645835268267827943825520718267237378952272679431829 0 0 0 0 0 0 0 0 0 0 0 0 0 0 0 0 0 0 0 0 0 0 0 0 0 0 0 1 0 0 0 0 0 0 0 0 0 0 0 0 0 0 0 0 0]
[1692891669740525018479665420950765596501756347753601684075399710871575945905995163579904296277830197288358370718210457331176813914259650766 0 0 0 0 0 0 0 0 0 0 0 0 0 0 0 0 0 0 0 0 0 0 0 0 0 0 0 0 1 0 0 0 0 0 0 0 0 0 0 0 0 0 0 0 0]
[1769285969726163598391742158545832793368426910787553025609898924970779401048968860668902429172310788086687168587452438271122503050041226398 0 0 0 0 0 0 0 0 0 0 0 0 0 0 0 0 0 0 0 0 0 0 0 0 0 0 0 0 0 1 0 0 0 0 0 0 0 0 0 0 0 0 0 0 0]
[307328983298496730275952972824252787705871936254934778519562643497277027919186410744456993185243415191738708870425245255683931680400067280 0 0 0 0 0 0 0 0 0 0 0 0 0 0 0 0 0 0 0 0 0 0 0 0 0 0 0 0 0 0 1 0 0 0 0 0 0 0 0 0 0 0 0 0 0]
[1888713773072209050083940283117397900413377136268639648249675069613917236934244522010218826281307448893623860692393586620247629519331222335 0 0 0 0 0 0 0 0 0 0 0 0 0 0 0 0 0 0 0 0 0 0 0 0 0 0 0 0 0 0 0 1 0 0 0 0 0 0 0 0 0 0 0 0 0]
[1101144243234329174183871876338282480455241096847250083035729198166091023853783793334093212822109519023367855297859723090207229775350865785 0 0 0 0 0 0 0 0 0 0 0 0 0 0 0 0 0 0 0 0 0 0 0 0 0 0 0 0 0 0 0 0 1 0 0 0 0 0 0 0 0 0 0 0 0]
[1287083497073065781962012713260223239829797217543713938611775609060862116499567559722500853724996993700500717679721175609541279796457614477 0 0 0 0 0 0 0 0 0 0 0 0 0 0 0 0 0 0 0 0 0 0 0 0 0 0 0 0 0 0 0 0 0 1 0 0 0 0 0 0 0 0 0 0 0]
[130640498669391405546053153276794735828698825622226168923291573879753432843032299374773788541703832773913899583009484371850786762008049737 0 0 0 0 0 0 0 0 0 0 0 0 0 0 0 0 0 0 0 0 0 0 0 0 0 0 0 0 0 0 0 0 0 0 1 0 0 0 0 0 0 0 0 0 0]
[680268291455055548968773511382288747739296588470432623261167404212252883259727958530005031136305289061208424350248283392967147544356013131 0 0 0 0 0 0 0 0 0 0 0 0 0 0 0 0 0 0 0 0 0 0 0 0 0 0 0 0 0 0 0 0 0 0 0 1 0 0 0 0 0 0 0 0 0]
[1883168293789493371864933644965976949454624358068327384770581162326240316130901874518291768423463904118166982351426724104002680962201808108 0 0 0 0 0 0 0 0 0 0 0 0 0 0 0 0 0 0 0 0 0 0 0 0 0 0 0 0 0 0 0 0 0 0 0 0 1 0 0 0 0 0 0 0 0]
[1210254889323423313888248392124749035140002488876576921896634193700336511982470798818574138205398679203558321617426186728984467749346522877 0 0 0 0 0 0 0 0 0 0 0 0 0 0 0 0 0 0 0 0 0 0 0 0 0 0 0 0 0 0 0 0 0 0 0 0 0 1 0 0 0 0 0 0 0]
[2161707004149158743063189481814312196635570502763094691831053219915147295507206565330982680461238345307979963033700602595209533493564522626 0 0 0 0 0 0 0 0 0 0 0 0 0 0 0 0 0 0 0 0 0 0 0 0 0 0 0 0 0 0 0 0 0 0 0 0 0 0 1 0 0 0 0 0 0]
[1867781554326106457737904957698129204565264513898403677839153734168497459835051906470774220162586900158762707621850437110601111815102912468 0 0 0 0 0 0 0 0 0 0 0 0 0 0 0 0 0 0 0 0 0 0 0 0 0 0 0 0 0 0 0 0 0 0 0 0 0 0 0 1 0 0 0 0 0]
[939850990715310895346931591568311486513147371918390846633196806766588426114176098686845963059976465478183084680527637927450231553158307009 0 0 0 0 0 0 0 0 0 0 0 0 0 0 0 0 0 0 0 0 0 0 0 0 0 0 0 0 0 0 0 0 0 0 0 0 0 0 0 0 1 0 0 0 0]
[1217754720926247500981898559210227523825937829941837168081894333797176054883291054282339977121003348781292367627285899318796578544639977042 0 0 0 0 0 0 0 0 0 0 0 0 0 0 0 0 0 0 0 0 0 0 0 0 0 0 0 0 0 0 0 0 0 0 0 0 0 0 0 0 0 1 0 0 0]
[1545245218884010983908985442539059809194810349272324180321123818543127764699154906492055423742419157638066692226541514884131858596640866310 0 0 0 0 0 0 0 0 0 0 0 0 0 0 0 0 0 0 0 0 0 0 0 0 0 0 0 0 0 0 0 0 0 0 0 0 0 0 0 0 0 0 1 0 0]
[625703764050843703243755123667325172883367328452741114921103090869755193819844936635111481204099680173141803570654340762830180691436917395 0 0 0 0 0 0 0 0 0 0 0 0 0 0 0 0 0 0 0 0 0 0 0 0 0 0 0 0 0 0 0 0 0 0 0 0 0 0 0 0 0 0 0 1 0]
[548672738869702433069885521964044388808201430085189798246663709424534745117410689754960967168610656677218504759537759613388067258824474428 0 0 0 0 0 0 0 0 0 0 0 0 0 0 0 0 0 0 0 0 0 0 0 0 0 0 0 0 0 0 0 0 0 0 0 0 0 0 0 0 0 0 0 0 1]
]
46 47 5
[1 1 1 1 1 1 1 1 1 1 1 1 1 1 1 1 1 1 1 1 1 1 1 1 1 1 1 1 1 1 1 1 1 1 1 1 1 1 1 1 1 1 1 1 1 1 1]
