[[2273128607542914064535337285293121107281566785539737892909982300438937675444463333143000768991502070912870272718664845903096787474706985653 0 0 0 0 0 0 0 0 0 0 0 0 0 0 0 0 0 0 0 0 0 0 0 0 0 0 0 0 0 0 0 0 0 0 0 0 0 0 0 0 0 0 0 0 0]
[1011489832479384218562691747877310717035174512501991911993079594834594262263467314372218039726207485787615969495856703700100486628354904268 1 0 0 0 0 0 0 0 0 0 0 0 0 0 0 0 0 0 0 0 0 0 0 0 0 0 0 0 0 0 0 0 0 0 0 0 0 0 0 0 0 0 0 0 0]
[1314225463576411788651457969339395194667229006349840337502069242259264429635476938154580511979113181368627760548404995849249004389915726443 0 1 0 0 0 0 0 0 0 0 0 0 0 0 0 0 0 0 0 0 0 0 0 0 0 0 0 0 0 0 0 0 0 0 0 0 0 0 0 0 0 0 0 0 0]
[1268029207852463595670343052729639644388171016325897893590287690185733235806489300051878562509328219777210590215535025173250200189988769 0 0 1 0 0 0 0 0 0 0 0 0 0 0 0 0 0 0 0 0 0 0 0 0 0 0 0 0 0 0 0 0 0 0 0 0 0 0 0 0 0 0 0 0 0]
[654498308137172309141353585758634018516864792991670924100209673168646878613075150702467955007732911724208419848123303398470022340298625188 0 0 0 1 0 0 0 0 0 0 0 0 0 0 0 0 0 0 0 0 0 0 0 0 0 0 0 0 0 0 0 0 0 0 0 0 0 0 0 0 0 0 0 0 0]
[1897256905638522002051259200783796842694960666939874555443694545865731787723124095041984383740593940569280640198867135843251505605610778333 0 0 0 0 1 0 0 0 0 0 0 0 0 0 0 0 0 0 0 0 0 0 0 0 0 0 0 0 0 0 0 0 0 0 0 0 0 0 0 0 0 0 0 0 0]
[963778400994919583573193382758324244537822856299347999997588390336085318613050595912577607446605297916303224385960667619909653935524306361 0 0 0 0 0 1 0 0 0 0 0 0 0 0 0 0 0 0 0 0 0 0 0 0 0 0 0 0 0 0 0 0 0 0 0 0 0 0 0 0 0 0 0 0 0]
[1947256327718134044293790908588371676151753112741436130335500832729979872511389067478399339938575413384579159428442361852892476427342979939 0 0 0 0 0 0 1 0 0 0 0 0 0 0 0 0 0 0 0 0 0 0 0 0 0 0 0 0 0 0 0 0 0 0 0 0 0 0 0 0 0 0 0 0 0]
[1189969693367427733134914195055390533631543913500029400098809114838858514540697768558909318185665547940580547145941803695775414579583464035 0 0 0 0 0 0 0 1 0 0 0 0 0 0 0 0 0 0 0 0 0 0 0 0 0 0 0 0 0 0 0 0 0 0 0 0 0 0 0 0 0 0 0 0 0]
[2142663681401605509304046490186263767168667306752048789980176058533428256355287357822996067752847411658784440494080922047062677176907998959 0 0 0 0 0 0 0 0 1 0 0 0 0 0 0 0 0 0 0 0 0 0 0 0 0 0 0 0 0 0 0 0 0 0 0 0 0 0 0 0 0 0 0 0 0]
[278950761878122502743454345293503383162171839661101437850613571361412762150084203603554272726895660564908752392340882182249704543998860229 0 0 0 0 0 0 0 0 0 1 0 0 0 0 0 0 0 0 0 0 0 0 0 0 0 0 0 0 0 0 0 0 0 0 0 0 0 0 0 0 0 0 0 0 0]
[1909054564257121026695412387524037205136968242923552264517320691580764351275264388716686138876642749126743297810774782816650573797769566386 0 0 0 0 0 0 0 0 0 0 1 0 0 0 0 0 0 0 0 0 0 0 0 0 0 0 0 0 0 0 0 0 0 0 0 0 0 0 0 0 0 0 0 0 0]
[45692823621266948513755698038322197261567200465270383880064830385451543224194071149462820174581528965563480814504242059782693708735910107 0 0 0 0 0 0 0 0 0 0 0 1 0 0 0 0 0 0 0 0 0 0 0 0 0 0 0 0 0 0 0 0 0 0 0 0 0 0 0 0 0 0 0 0 0]
[2134568339769682871833283039408087845458043522664372712798611148223707388244599206999061678707961742820441408467714278412349360658338273181 0 0 0 0 0 0 0 0 0 0 0 0 1 0 0 0 0 0 0 0 0 0 0 0 0 0 0 0 0 0 0 0 0 0 0 0 0 0 0 0 0 0 0 0 0]
[663943277312626831163731703573811791120282172473993427562637734821482942272885148679951866159765457457679175296611752088373413198160318139 0 0 0 0 0 0 0 0 0 0 0 0 0 1 0 0 0 0 0 0 0 0 0 0 0 0 0 0 0 0 0 0 0 0 0 0 0 0 0 0 0 0 0 0 0]
[13273647470502426178495420500272860790248141389408403209084304017335177324197758014848219185094557642274478499845965198492593217452407037 0 0 0 0 0 0 0 0 0 0 0 0 0 0 1 0 0 0 0 0 0 0 0 0 0 0 0 0 0 0 0 0 0 0 0 0 0 0 0 0 0 0 0 0 0]
[729138761095754484509449153793202334540077188965493848801344696853482389367878404442586619879941368177431457557434391340435535244344022838 0 0 0 0 0 0 0 0 0 0 0 0 0 0 0 1 0 0 0 0 0 0 0 0 0 0 0 0 0 0 0 0 0 0 0 0 0 0 0 0 0 0 0 0 0]
[191092539814135408808738550671077801739857446914149315735767169253657314846283525554710230713609587196668502770205276130384934828552821244 0 0 0 0 0 0 0 0 0 0 0 0 0 0 0 0 1 0 0 0 0 0 0 0 0 0 0 0 0 0 0 0 0 0 0 0 0 0 0 0 0 0 0 0 0]
[315379170723461687532549377530684894533668458774926651564605975626542963768005672791371614296697102287986558333750542560185921531918141328 0 0 0 0 0 0 0 0 0 0 0 0 0 0 0 0 0 1 0 0 0 0 0 0 0 0 0 0 0 0 0 0 0 0 0 0 0 0 0 0 0 0 0 0 0]
[1094347113648835924796246068581487650268846635224465105897166065070483985124537268407048043557717611901775361691851364916639865788153843851 0 0 0 0 0 0 0 0 0 0 0 0 0 0 0 0 0 0 1 0 0 0 0 0 0 0 0 0 0 0 0 0 0 0 0 0 0 0 0 0 0 0 0 0 0]
[1041060502180832763855126600495345152180764214296024347614606493006711460568915350350878587407597615167219907697326302694443524449444025782 0 0 0 0 0 0 0 0 0 0 0 0 0 0 0 0 0 0 0 1 0 0 0 0 0 0 0 0 0 0 0 0 0 0 0 0 0 0 0 0 0 0 0 0 0]
[1939190605296479465112973476888425320651488831951469398080386089979938149804637694960145973386063624023630964166485843332810699033758246724 0 0 0 0 0 0 0 0 0 0 0 0 0 0 0 0 0 0 0 0 1 0 0 0 0 0 0 0 0 0 0 0 0 0 0 0 0 0 0 0 0 0 0 0 0]
[1530084095798724350684203781738972096065951138483128656229186089194220086416964240058306169737135043033161672637593744019575964061728480639 0 0 0 0 0 0 0 0 0 0 0 0 0 0 0 0 0 0 0 0 0 1 0 0 0 0 0 0 0 0 0 0 0 0 0 0 0 0 0 0 0 0 0 0 0]
[950326957790396945735952626332950267135083419843253506566988207516838689562838746369122813712666713924436970922498612542019335747287375677 0 0 0 0 0 0 0 0 0 0 0 0 0 0 0 0 0 0 0 0 0 0 1 0 0 0 0 0 0 0 0 0 0 0 0 0 0 0 0 0 0 0 0 0 0]
[1581918114682335075625009568095498151429945148704915270118491055104380227838684904820883343737305170646903969172611695573198734534747091596 0 0 0 0 0 0 0 0 0 0 0 0 0 0 0 0 0 0 0 0 0 0 0 1 0 0 0 0 0 0 0 0 0 0 0 0 0 0 0 0 0 0 0 0 0]
[92532019607031710744911270856011259178415270298406296723067044789372502275153719123774382764644790311017033195448333208723827577933497144 0 0 0 0 0 0 0 0 0 0 0 0 0 0 0 0 0 0 0 0 0 0 0 0 1 0 0 0 0 0 0 0 0 0 0 0 0 0 0 0 0 0 0 0 0]
[720714247597278274606071774148614984535055004073856261175320727250229577823885914837042067572029825547860165311411654778552825301517466358 0 0 0 0 0 0 0 0 0 0 0 0 0 0 0 0 0 0 0 0 0 0 0 0 0 1 0 0 0 0 0 0 0 0 0 0 0 0 0 0 0 0 0 0 0]
[1239945792966746614566794053887351285113378308168690097188924611556279448817151736460384031596390341253673044383460826516570243084875145440 0 0 0 0 0 0 0 0 0 0 0 0 0 0 0 0 0 0 0 0 0 0 0 0 0 0 1 0 0 0 0 0 0 0 0 0 0 0 0 0 0 0 0 0 0]
[310847347191797312237050465675749873734911342832311269892891210533504933836784948999154702200573191932652833241831801779759268370505049864 0 0 0 0 0 0 0 0 0 0 0 0 0 0 0 0 0 0 0 0 0 0 0 0 0 0 0 1 0 0 0 0 0 0 0 0 0 0 0 0 0 0 0 0 0]
[357999472331399663380510457938055832870254667025846584461842935396674250096091515901296071447012124189381316008943473580578339296109345353 0 0 0 0 0 0 0 0 0 0 0 0 0 0 0 0 0 0 0 0 0 0 0 0 0 0 0 0 1 0 0 0 0 0 0 0 0 0 0 0 0 0 0 0 0]
[830117052016417761374035683318853431917648463715264462326037958897130041127168300541758190254014778624582579996936732971948007858996893605 0 0 0 0 0 0 0 0 0 0 0 0 0 0 0 0 0 0 0 0 0 0 0 0 0 0 0 0 0 1 0 0 0 0 0 0 0 0 0 0 0 0 0 0 0]
[708410990264339423329067578764836636377569354981945649919948446253184032947711880072486746489527850555712971185613396825804358689908110501 0 0 0 0 0 0 0 0 0 0 0 0 0 0 0 0 0 0 0 0 0 0 0 0 0 0 0 0 0 0 1 0 0 0 0 0 0 0 0 0 0 0 0 0 0]
[1647303244525585504087458874238731839411478484993766177028299723283310510895010946971475035282151278914607654075220595026353476882227014390 0 0 0 0 0 0 0 0 0 0 0 0 0 0 0 0 0 0 0 0 0 0 0 0 0 0 0 0 0 0 0 1 0 0 0 0 0 0 0 0 0 0 0 0 0]
[1940904390353856934640799471886995521940012587554667213188942012342207784480647460530543032028027893250075187465161426443865902018533760406 0 0 0 0 0 0 0 0 0 0 0 0 0 0 0 0 0 0 0 0 0 0 0 0 0 0 0 0 0 0 0 0 1 0 0 0 0 0 0 0 0 0 0 0 0]
[1284603038527582514775429502501738216516979728369288990416765684260379794630732261324537098316102456568351967556234698445773619021224352790 0 0 0 0 0 0 0 0 0 0 0 0 0 0 0 0 0 0 0 0 0 0 0 0 0 0 0 0 0 0 0 0 0 1 0 0 0 0 0 0 0 0 0 0 0]
[135427101654549123379944279059341055411548728595244817568536607572100143401668629383205555342187287626274252444761489909790762327847095062 0 0 0 0 0 0 0 0 0 0 0 0 0 0 0 0 0 0 0 0 0 0 0 0 0 0 0 0 0 0 0 0 0 0 1 0 0 0 0 0 0 0 0 0 0]
[757186000328360739976494874609460068914549337475920244281541047099744821357735783588709236748582166320390076685910192879500910705623404331 0 0 0 0 0 0 0 0 0 0 0 0 0 0 0 0 0 0 0 0 0 0 0 0 0 0 0 0 0 0 0 0 0 0 0 1 0 0 0 0 0 0 0 0 0]
[659520125002718593996211234169779622407964555263084172249988017560527445813880035669539349569490363536990244312699773944195246737027205358 0 0 0 0 0 0 0 0 0 0 0 0 0 0 0 0 0 0 0 0 0 0 0 0 0 0 0 0 0 0 0 0 0 0 0 0 1 0 0 0 0 0 0 0 0]
[182621273202756163636279193417582853487437058986096662816652569656575830722950986997467890612325795727921469386260003389524461835373907146 0 0 0 0 0 0 0 0 0 0 0 0 0 0 0 0 0 0 0 0 0 0 0 0 0 0 0 0 0 0 0 0 0 0 0 0 0 1 0 0 0 0 0 0 0]
[619696545719535854578056172745762431803631790844637280542379378034431943471445518415591858623909258596509837529687954964231240115766817743 0 0 0 0 0 0 0 0 0 0 0 0 0 0 0 0 0 0 0 0 0 0 0 0 0 0 0 0 0 0 0 0 0 0 0 0 0 0 1 0 0 0 0 0 0]
[119726101436933917661955662323848101882541003066357524424410847557440094648416560887662046319600481917402170156115938298499853370542560626 0 0 0 0 0 0 0 0 0 0 0 0 0 0 0 0 0 0 0 0 0 0 0 0 0 0 0 0 0 0 0 0 0 0 0 0 0 0 0 1 0 0 0 0 0]
[63330751609056667444220738641679748694364098516436763865919860517248241724349966278967770491439254201520480820699049475743204930264827410 0 0 0 0 0 0 0 0 0 0 0 0 0 0 0 0 0 0 0 0 0 0 0 0 0 0 0 0 0 0 0 0 0 0 0 0 0 0 0 0 1 0 0 0 0]
[1550593850148254583083877640923577205657245789471440209957404109693310742591564359789949881902593669371148197665332628622338087213711791080 0 0 0 0 0 0 0 0 0 0 0 0 0 0 0 0 0 0 0 0 0 0 0 0 0 0 0 0 0 0 0 0 0 0 0 0 0 0 0 0 0 1 0 0 0]
[162727991156129865091924864727375831641205964298604058270551809678775023101579391029909792295919945854195661965344570430655045631344629101 0 0 0 0 0 0 0 0 0 0 0 0 0 0 0 0 0 0 0 0 0 0 0 0 0 0 0 0 0 0 0 0 0 0 0 0 0 0 0 0 0 0 1 0 0]
[1903508605129900200917073661748656785920160495288803665371879411234683145534734316400879191021328048461390728046678833524883627015410699923 0 0 0 0 0 0 0 0 0 0 0 0 0 0 0 0 0 0 0 0 0 0 0 0 0 0 0 0 0 0 0 0 0 0 0 0 0 0 0 0 0 0 0 1 0]
[1039609429338491392815693307691996818591120704643923006907961290185965360932414327455694952810703367571586996552103224915783156716725052463 0 0 0 0 0 0 0 0 0 0 0 0 0 0 0 0 0 0 0 0 0 0 0 0 0 0 0 0 0 0 0 0 0 0 0 0 0 0 0 0 0 0 0 0 1]
]
46 47 8
[1 1 1 1 1 1 1 1 1 1 1 1 1 1 1 1 1 1 1 1 1 1 1 1 1 1 1 1 1 1 1 1 1 1 1 1 1 1 1 1 1 1 1 1 1 1 1]
