[[1778879297133488727545709411577652228777242959211765473542375019383751606199791080606663374737709848875605307521093708703989478397116419103 0 0 0 0 0 0 0 0 0 0 0 0 0 0 0 0 0 0 0 0 0 0 0 0 0 0 0 0 0 0 0 0 0 0 0 0 0 0 0 0 0 0 0 0 0]
[349138587404207215935395080302985306640940615415140714569037891202211457903741023524093494309834874458905754002544698077890680126426280636 1 0 0 0 0 0 0 0 0 0 0 0 0 0 0 0 0 0 0 0 0 0 0 0 0 0 0 0 0 0 0 0 0 0 0 0 0 0 0 0 0 0 0 0 0]
[531918548701198322144545544956254900827851729444794344916382477178632134596231785510399626298541209143770371210994590425859518378687011169 0 1 0 0 0 0 0 0 0 0 0 0 0 0 0 0 0 0 0 0 0 0 0 0 0 0 0 0 0 0 0 0 0 0 0 0 0 0 0 0 0 0 0 0 0]
[1037168159106457063330787096866548953874915842928204567826891644133401045596235292510358808261074019484315370836297136963705187752870958225 0 0 1 0 0 0 0 0 0 0 0 0 0 0 0 0 0 0 0 0 0 0 0 0 0 0 0 0 0 0 0 0 0 0 0 0 0 0 0 0 0 0 0 0 0]
[240129571850770323409353081164234229237484128160014809036382944078861047062882320593288267633348200700937425591458506340672019541785060619 0 0 0 1 0 0 0 0 0 0 0 0 0 0 0 0 0 0 0 0 0 0 0 0 0 0 0 0 0 0 0 0 0 0 0 0 0 0 0 0 0 0 0 0 0]
[498611692717330220553593129351036078020047103775488723318867274392874654497697267748386483377022937106283980318712119169620194266051869782 0 0 0 0 1 0 0 0 0 0 0 0 0 0 0 0 0 0 0 0 0 0 0 0 0 0 0 0 0 0 0 0 0 0 0 0 0 0 0 0 0 0 0 0 0]
[1373163070149426392300213218761904165281723522835414006043190589057565198015781133487766374850558841841885003744083059904301092529990714885 0 0 0 0 0 1 0 0 0 0 0 0 0 0 0 0 0 0 0 0 0 0 0 0 0 0 0 0 0 0 0 0 0 0 0 0 0 0 0 0 0 0 0 0 0]
[1026704397646614446522956961751812063578205187908887696321851245189903525006915944652457563625415517870065402955633264468296505216972977415 0 0 0 0 0 0 1 0 0 0 0 0 0 0 0 0 0 0 0 0 0 0 0 0 0 0 0 0 0 0 0 0 0 0 0 0 0 0 0 0 0 0 0 0 0]
[823175592131885874931324964547256731613642321731817608652311603323648981565474643038607513321586945613956576939769296062534545360273642629 0 0 0 0 0 0 0 1 0 0 0 0 0 0 0 0 0 0 0 0 0 0 0 0 0 0 0 0 0 0 0 0 0 0 0 0 0 0 0 0 0 0 0 0 0]
[1109536423641398381000978617066293020566051317460222407443700822953028282324135766275440217739568273148441719830448903459520343067337439903 0 0 0 0 0 0 0 0 1 0 0 0 0 0 0 0 0 0 0 0 0 0 0 0 0 0 0 0 0 0 0 0 0 0 0 0 0 0 0 0 0 0 0 0 0]
[102029057817618749069968033003800700451866590376750731097048706246421405068418831564930765809408612908317624719465082310946367845703852785 0 0 0 0 0 0 0 0 0 1 0 0 0 0 0 0 0 0 0 0 0 0 0 0 0 0 0 0 0 0 0 0 0 0 0 0 0 0 0 0 0 0 0 0 0]
[1149942513707040102190026588113914705279103106165022912018657960606436186708208090053033177084483374556291371093969913474711338322911534079 0 0 0 0 0 0 0 0 0 0 1 0 0 0 0 0 0 0 0 0 0 0 0 0 0 0 0 0 0 0 0 0 0 0 0 0 0 0 0 0 0 0 0 0 0]
[342970466823751419392295321302883446628368466345604662623613149655184110418941904829740219310889555677511811329659710482133036738106898077 0 0 0 0 0 0 0 0 0 0 0 1 0 0 0 0 0 0 0 0 0 0 0 0 0 0 0 0 0 0 0 0 0 0 0 0 0 0 0 0 0 0 0 0 0]
[448652154106418253349214848829897554659258107225311237574579574849645848455567107641225033938436006185836541935245517225273129643600168559 0 0 0 0 0 0 0 0 0 0 0 0 1 0 0 0 0 0 0 0 0 0 0 0 0 0 0 0 0 0 0 0 0 0 0 0 0 0 0 0 0 0 0 0 0]
[55604926782039528941851452120736610312796567014757733488127078378676658780555336207829450917885734621060197844328711330578140191534878196 0 0 0 0 0 0 0 0 0 0 0 0 0 1 0 0 0 0 0 0 0 0 0 0 0 0 0 0 0 0 0 0 0 0 0 0 0 0 0 0 0 0 0 0 0]
[1749186684808857241137012019072625346337782405967445047587987943003056295545426356089656850104283383149563543920095330904751197169152703330 0 0 0 0 0 0 0 0 0 0 0 0 0 0 1 0 0 0 0 0 0 0 0 0 0 0 0 0 0 0 0 0 0 0 0 0 0 0 0 0 0 0 0 0 0]
[1009940739331433455498421864737169612730915556305688597090352263045004364897541753176533981626377714495727628853475963484058872558036447028 0 0 0 0 0 0 0 0 0 0 0 0 0 0 0 1 0 0 0 0 0 0 0 0 0 0 0 0 0 0 0 0 0 0 0 0 0 0 0 0 0 0 0 0 0]
[875215231744765738402682390812006125352997973332558566168207532028303192653481012611241929268680042216759758101395037020405496695305623339 0 0 0 0 0 0 0 0 0 0 0 0 0 0 0 0 1 0 0 0 0 0 0 0 0 0 0 0 0 0 0 0 0 0 0 0 0 0 0 0 0 0 0 0 0]
[230716845709995773761281135473392712529429657926072538060859832284117320917080378598084660422892783201153735245201461282508495067022608166 0 0 0 0 0 0 0 0 0 0 0 0 0 0 0 0 0 1 0 0 0 0 0 0 0 0 0 0 0 0 0 0 0 0 0 0 0 0 0 0 0 0 0 0 0]
[1318779096423661103905234058692387185560672411942857367859533980938652790798876669584242969424051254306991657076169779039318741379807000437 0 0 0 0 0 0 0 0 0 0 0 0 0 0 0 0 0 0 1 0 0 0 0 0 0 0 0 0 0 0 0 0 0 0 0 0 0 0 0 0 0 0 0 0 0]
[375168886618390426779038489722896987418159490115391389996666417826583298679850654216145382687317790000432717853498712993316700911594748108 0 0 0 0 0 0 0 0 0 0 0 0 0 0 0 0 0 0 0 1 0 0 0 0 0 0 0 0 0 0 0 0 0 0 0 0 0 0 0 0 0 0 0 0 0]
[239039355480293137412119218270680318511336974379749939191140959119000781954972665680888251127333233706761670424933518737862083199668381133 0 0 0 0 0 0 0 0 0 0 0 0 0 0 0 0 0 0 0 0 1 0 0 0 0 0 0 0 0 0 0 0 0 0 0 0 0 0 0 0 0 0 0 0 0]
[1286367617293743847629884846826179973464333585026548438605403203286119698655758168055443304464663277477685562320261159777993835264943953243 0 0 0 0 0 0 0 0 0 0 0 0 0 0 0 0 0 0 0 0 0 1 0 0 0 0 0 0 0 0 0 0 0 0 0 0 0 0 0 0 0 0 0 0 0]
[278070660196650271238273084216923554062782709791065444932826385348642891267231401635227222939150370065839052527433498216228013712599922869 0 0 0 0 0 0 0 0 0 0 0 0 0 0 0 0 0 0 0 0 0 0 1 0 0 0 0 0 0 0 0 0 0 0 0 0 0 0 0 0 0 0 0 0 0]
[95305703614676972885442324813458731569901651292503989511425236814539850898132812084519387799512447909077447349932429331348450881244200157 0 0 0 0 0 0 0 0 0 0 0 0 0 0 0 0 0 0 0 0 0 0 0 1 0 0 0 0 0 0 0 0 0 0 0 0 0 0 0 0 0 0 0 0 0]
[898416981903856543032385069017314996722635720112599502257663064011529947411890647669781184040040819963742459591851561094976392701533169933 0 0 0 0 0 0 0 0 0 0 0 0 0 0 0 0 0 0 0 0 0 0 0 0 1 0 0 0 0 0 0 0 0 0 0 0 0 0 0 0 0 0 0 0 0]
[1271687943563659546118802780147682105883355692984723046835111391311890645776165422324854873912802971173908960822519984549371912209277987579 0 0 0 0 0 0 0 0 0 0 0 0 0 0 0 0 0 0 0 0 0 0 0 0 0 1 0 0 0 0 0 0 0 0 0 0 0 0 0 0 0 0 0 0 0]
[474602732037664726756292992860076486048093330261494327182386723412044946242620088705583221725576697127809084440419858918425691974498225731 0 0 0 0 0 0 0 0 0 0 0 0 0 0 0 0 0 0 0 0 0 0 0 0 0 0 1 0 0 0 0 0 0 0 0 0 0 0 0 0 0 0 0 0 0]
[1286482940121572125918673196630251499025395149628204275739865992254341933764530530429527444973861090132100239504618423088969970991803325225 0 0 0 0 0 0 0 0 0 0 0 0 0 0 0 0 0 0 0 0 0 0 0 0 0 0 0 1 0 0 0 0 0 0 0 0 0 0 0 0 0 0 0 0 0]
[1207041933374949276599143912654848725022733978821771017310042629710180641810673834082320284948345759125562807856631539729162283859383018157 0 0 0 0 0 0 0 0 0 0 0 0 0 0 0 0 0 0 0 0 0 0 0 0 0 0 0 0 1 0 0 0 0 0 0 0 0 0 0 0 0 0 0 0 0]
[1366257708829825645791494499537857180460276172963134234727850711210520216564268765620378039745645322671498153696974232414968713611179827143 0 0 0 0 0 0 0 0 0 0 0 0 0 0 0 0 0 0 0 0 0 0 0 0 0 0 0 0 0 1 0 0 0 0 0 0 0 0 0 0 0 0 0 0 0]
[954748638551060110973378821669350688863284042907412823499394831329468354107517496770898067565641639812912624220919486137288342718333469967 0 0 0 0 0 0 0 0 0 0 0 0 0 0 0 0 0 0 0 0 0 0 0 0 0 0 0 0 0 0 1 0 0 0 0 0 0 0 0 0 0 0 0 0 0]
[635599844634750648205829523376990454267691908464534810340604021911632509563239724687170356682387973809950550869101958057015324658822460870 0 0 0 0 0 0 0 0 0 0 0 0 0 0 0 0 0 0 0 0 0 0 0 0 0 0 0 0 0 0 0 1 0 0 0 0 0 0 0 0 0 0 0 0 0]
[837922466588900382905444349878687283496289851748420787307496683582596769124773203126008111044307579074300579412632438855681735135121175182 0 0 0 0 0 0 0 0 0 0 0 0 0 0 0 0 0 0 0 0 0 0 0 0 0 0 0 0 0 0 0 0 1 0 0 0 0 0 0 0 0 0 0 0 0]
[377150710458951788893029837419266255327693240470387092867193085729397299601730752514342646650784706210042591160985093617128793083365111137 0 0 0 0 0 0 0 0 0 0 0 0 0 0 0 0 0 0 0 0 0 0 0 0 0 0 0 0 0 0 0 0 0 1 0 0 0 0 0 0 0 0 0 0 0]
[985797078621454723406302352380640813719492450663715040532098595016161369576923917741231013500465047301556010120494350001903241193183735515 0 0 0 0 0 0 0 0 0 0 0 0 0 0 0 0 0 0 0 0 0 0 0 0 0 0 0 0 0 0 0 0 0 0 1 0 0 0 0 0 0 0 0 0 0]
[1479311867313939975526397221470103236378216479791380468423114728717084539602607629000326800578045202552592606158664266753960182920428358429 0 0 0 0 0 0 0 0 0 0 0 0 0 0 0 0 0 0 0 0 0 0 0 0 0 0 0 0 0 0 0 0 0 0 0 1 0 0 0 0 0 0 0 0 0]
[952618168716185824733376775613115490118889755893866575230310397414900745828038387437567308632901459656821147164375659858601820714091254636 0 0 0 0 0 0 0 0 0 0 0 0 0 0 0 0 0 0 0 0 0 0 0 0 0 0 0 0 0 0 0 0 0 0 0 0 1 0 0 0 0 0 0 0 0]
[531053700942918090543941572809339978275480083138228973483901213569280464226367238567138528309631695978479751330504078280854974410163288500 0 0 0 0 0 0 0 0 0 0 0 0 0 0 0 0 0 0 0 0 0 0 0 0 0 0 0 0 0 0 0 0 0 0 0 0 0 1 0 0 0 0 0 0 0]
[1520070084850965264691893581805933597988853135247724325380336310590024903959859710585199797037972203073447118721947544271908115118149694513 0 0 0 0 0 0 0 0 0 0 0 0 0 0 0 0 0 0 0 0 0 0 0 0 0 0 0 0 0 0 0 0 0 0 0 0 0 0 1 0 0 0 0 0 0]
[57429190201449322052429951396295482010154386364151603258954731672368591487837538821898833390892371069294897559191803703875632780311420174 0 0 0 0 0 0 0 0 0 0 0 0 0 0 0 0 0 0 0 0 0 0 0 0 0 0 0 0 0 0 0 0 0 0 0 0 0 0 0 1 0 0 0 0 0]
[776126877202940326219569347496582620308479618598015144571094999298698943951895495368651804326583322800850446304227880753312512362863563938 0 0 0 0 0 0 0 0 0 0 0 0 0 0 0 0 0 0 0 0 0 0 0 0 0 0 0 0 0 0 0 0 0 0 0 0 0 0 0 0 1 0 0 0 0]
[1008011154200936137897811773944795083619795242425859430399425662619276493846334890977882900666929706366159463855484820863605310635996988438 0 0 0 0 0 0 0 0 0 0 0 0 0 0 0 0 0 0 0 0 0 0 0 0 0 0 0 0 0 0 0 0 0 0 0 0 0 0 0 0 0 1 0 0 0]
[1457536274300428729928863631771159190588707291964778311830403283768261897904033271790427636028331945334949135004709000544517439175995944543 0 0 0 0 0 0 0 0 0 0 0 0 0 0 0 0 0 0 0 0 0 0 0 0 0 0 0 0 0 0 0 0 0 0 0 0 0 0 0 0 0 0 1 0 0]
[985526581652845201117897887442642123652530276578916555348931549546406415629767689425686517607607689866297690641111488555794032998167324342 0 0 0 0 0 0 0 0 0 0 0 0 0 0 0 0 0 0 0 0 0 0 0 0 0 0 0 0 0 0 0 0 0 0 0 0 0 0 0 0 0 0 0 1 0]
[1110536758171097183235412122022141471680037087508431565229603547473847167295072241790509409007213404740918364032338777247960169222982081184 0 0 0 0 0 0 0 0 0 0 0 0 0 0 0 0 0 0 0 0 0 0 0 0 0 0 0 0 0 0 0 0 0 0 0 0 0 0 0 0 0 0 0 0 1]
]
46 47 0
[1 1 1 1 1 1 1 1 1 1 1 1 1 1 1 1 1 1 1 1 1 1 1 1 1 1 1 1 1 1 1 1 1 1 1 1 1 1 1 1 1 1 1 1 1 1 1]
