[[2741477702613718609187283216492495524405808042517733767375408645884277892745035967601256208967881392041563307087959282258255053406364604899 0 0 0 0 0 0 0 0 0 0 0 0 0 0 0 0 0 0 0 0 0 0 0 0 0 0 0 0 0 0 0 0 0 0 0 0 0 0 0 0 0 0 0 0 0]
[521616814010036149419489622588592289941279855330880132349902777342918227272810851740348422279358293750841429870714461835856557675137837057 1 0 0 0 0 0 0 0 0 0 0 0 0 0 0 0 0 0 0 0 0 0 0 0 0 0 0 0 0 0 0 0 0 0 0 0 0 0 0 0 0 0 0 0 0]
[826884696379162616809860433056742497700144919271074896553308245498891701848388976436721480326615684353059746092991017539827459764719077237 0 1 0 0 0 0 0 0 0 0 0 0 0 0 0 0 0 0 0 0 0 0 0 0 0 0 0 0 0 0 0 0 0 0 0 0 0 0 0 0 0 0 0 0 0]
[1392388658328362860024251015407730884834633807753586923338103550280966252399223306671695460656494070016505226874489098746013582834954062434 0 0 1 0 0 0 0 0 0 0 0 0 0 0 0 0 0 0 0 0 0 0 0 0 0 0 0 0 0 0 0 0 0 0 0 0 0 0 0 0 0 0 0 0 0]
[227782534193230049687105626010431405224768618368438083928115857184629030136339004116374841888296866066007754711873529613438451179006251138 0 0 0 1 0 0 0 0 0 0 0 0 0 0 0 0 0 0 0 0 0 0 0 0 0 0 0 0 0 0 0 0 0 0 0 0 0 0 0 0 0 0 0 0 0]
[1868912480294635633295288149352679515888461443199478368664054022237104910246315339167291422893034513337724725052510275613228195463590112539 0 0 0 0 1 0 0 0 0 0 0 0 0 0 0 0 0 0 0 0 0 0 0 0 0 0 0 0 0 0 0 0 0 0 0 0 0 0 0 0 0 0 0 0 0]
[2485515538953868788360837400607486580773917290649461199743790678062822226208459101216707435575455174709176843220213172999784682028981672578 0 0 0 0 0 1 0 0 0 0 0 0 0 0 0 0 0 0 0 0 0 0 0 0 0 0 0 0 0 0 0 0 0 0 0 0 0 0 0 0 0 0 0 0 0]
[1570409013586548728431172433190318114548405721570746474048557653103786049118930271373996997480246442069071447342576370558789309384194605348 0 0 0 0 0 0 1 0 0 0 0 0 0 0 0 0 0 0 0 0 0 0 0 0 0 0 0 0 0 0 0 0 0 0 0 0 0 0 0 0 0 0 0 0 0]
[627689589419987678649712440417859015804579791869407839555440164108201460981919342449606997152968270760824699345404684866828934593284621424 0 0 0 0 0 0 0 1 0 0 0 0 0 0 0 0 0 0 0 0 0 0 0 0 0 0 0 0 0 0 0 0 0 0 0 0 0 0 0 0 0 0 0 0 0]
[1217121872617219965854009748499418625500506292482901199219215159260263846549262968667733009052793429408622063680764723531879996778740567709 0 0 0 0 0 0 0 0 1 0 0 0 0 0 0 0 0 0 0 0 0 0 0 0 0 0 0 0 0 0 0 0 0 0 0 0 0 0 0 0 0 0 0 0 0]
[1324517809100211423986640586918578579918846546988456471086542332650333240411543623470120416875744990659603091604041760718951394513159660545 0 0 0 0 0 0 0 0 0 1 0 0 0 0 0 0 0 0 0 0 0 0 0 0 0 0 0 0 0 0 0 0 0 0 0 0 0 0 0 0 0 0 0 0 0]
[1548247712088703037424130697507682372857696334929694124343672656097202199084968361350494996307865581037380448263629303743951796695741804291 0 0 0 0 0 0 0 0 0 0 1 0 0 0 0 0 0 0 0 0 0 0 0 0 0 0 0 0 0 0 0 0 0 0 0 0 0 0 0 0 0 0 0 0 0]
[2211140696615639889203499146689904779878947087100361950689242988992495266618369262978213320814110524077306431778241465898790912643030137650 0 0 0 0 0 0 0 0 0 0 0 1 0 0 0 0 0 0 0 0 0 0 0 0 0 0 0 0 0 0 0 0 0 0 0 0 0 0 0 0 0 0 0 0 0]
[1980022335790239804846413042616102028507609387574313153736635346466119977616612134029387012438985959868903270071615070229321609632896730486 0 0 0 0 0 0 0 0 0 0 0 0 1 0 0 0 0 0 0 0 0 0 0 0 0 0 0 0 0 0 0 0 0 0 0 0 0 0 0 0 0 0 0 0 0]
[459812199095037646361947937751231973300503848645059632786670372573080593565033482229906391375648210484959324841648367477351392981136825471 0 0 0 0 0 0 0 0 0 0 0 0 0 1 0 0 0 0 0 0 0 0 0 0 0 0 0 0 0 0 0 0 0 0 0 0 0 0 0 0 0 0 0 0 0]
[931006587286440635787447752983167059820157101864837979900368296836263689828823003453544508166594288116893724971533157206894188150281325732 0 0 0 0 0 0 0 0 0 0 0 0 0 0 1 0 0 0 0 0 0 0 0 0 0 0 0 0 0 0 0 0 0 0 0 0 0 0 0 0 0 0 0 0 0]
[2683356758339868141111711125711346762592413646716309240399013885622934366339582720721171806264466618853122125836590309756203863890865348432 0 0 0 0 0 0 0 0 0 0 0 0 0 0 0 1 0 0 0 0 0 0 0 0 0 0 0 0 0 0 0 0 0 0 0 0 0 0 0 0 0 0 0 0 0]
[229472883258570376897686286318531113801829037272026956409580620618759063810346443261669550526869470377998527226602672025851244657448164737 0 0 0 0 0 0 0 0 0 0 0 0 0 0 0 0 1 0 0 0 0 0 0 0 0 0 0 0 0 0 0 0 0 0 0 0 0 0 0 0 0 0 0 0 0]
[967818599749556872384911839406013946011648710863874862754586960620980637354355967663008330250446910598211033880318060204344591112845105807 0 0 0 0 0 0 0 0 0 0 0 0 0 0 0 0 0 1 0 0 0 0 0 0 0 0 0 0 0 0 0 0 0 0 0 0 0 0 0 0 0 0 0 0 0]
[1028766178764339023026520309914893571581036752864625657456664735210011219112748039164489285392139561535069477417136902670339687418767416108 0 0 0 0 0 0 0 0 0 0 0 0 0 0 0 0 0 0 1 0 0 0 0 0 0 0 0 0 0 0 0 0 0 0 0 0 0 0 0 0 0 0 0 0 0]
[1171102607507642526831385133879667811328057670493435337266436349959485147835388962959927525426880929121278304070599616580191544244193320962 0 0 0 0 0 0 0 0 0 0 0 0 0 0 0 0 0 0 0 1 0 0 0 0 0 0 0 0 0 0 0 0 0 0 0 0 0 0 0 0 0 0 0 0 0]
[2445138135989976816768045056921433278246536666615592124612551544275577529756050177196006612162190340045735435790646516195228080546883288008 0 0 0 0 0 0 0 0 0 0 0 0 0 0 0 0 0 0 0 0 1 0 0 0 0 0 0 0 0 0 0 0 0 0 0 0 0 0 0 0 0 0 0 0 0]
[1633071667131043033021736115685236532964562923222296315453958629166889172806911846898274145631098844537488865933854535998000242542979504227 0 0 0 0 0 0 0 0 0 0 0 0 0 0 0 0 0 0 0 0 0 1 0 0 0 0 0 0 0 0 0 0 0 0 0 0 0 0 0 0 0 0 0 0 0]
[1617289441461665457680131820386870456866946657945065107199117364867719282886509808082840929957795667941288236758894157970006449934620387294 0 0 0 0 0 0 0 0 0 0 0 0 0 0 0 0 0 0 0 0 0 0 1 0 0 0 0 0 0 0 0 0 0 0 0 0 0 0 0 0 0 0 0 0 0]
[19505272916441553096983580199871911688671439864559424628346446536992457482963276749853540700485828472980187158190618587902636723247039466 0 0 0 0 0 0 0 0 0 0 0 0 0 0 0 0 0 0 0 0 0 0 0 1 0 0 0 0 0 0 0 0 0 0 0 0 0 0 0 0 0 0 0 0 0]
[1641309004905294299601875476412204047469783335419919860853000072879627901670752662071719760719188161003008902761731564456506520143149211451 0 0 0 0 0 0 0 0 0 0 0 0 0 0 0 0 0 0 0 0 0 0 0 0 1 0 0 0 0 0 0 0 0 0 0 0 0 0 0 0 0 0 0 0 0]
[393737147218807457293066552894953762801278213373511055485576601543191637192751443508524045311490787167037615284006833495223182176456135853 0 0 0 0 0 0 0 0 0 0 0 0 0 0 0 0 0 0 0 0 0 0 0 0 0 1 0 0 0 0 0 0 0 0 0 0 0 0 0 0 0 0 0 0 0]
[292275983324581931712715311006996526603360115911234392766384072022272693330728294433051459653586399280978265617172002282008153330043309631 0 0 0 0 0 0 0 0 0 0 0 0 0 0 0 0 0 0 0 0 0 0 0 0 0 0 1 0 0 0 0 0 0 0 0 0 0 0 0 0 0 0 0 0 0]
[361466418433345577212707863775856186165517732219748525465793102612548225401478505662136492338908168305556616707870519148302339853850747743 0 0 0 0 0 0 0 0 0 0 0 0 0 0 0 0 0 0 0 0 0 0 0 0 0 0 0 1 0 0 0 0 0 0 0 0 0 0 0 0 0 0 0 0 0]
[1295762824165529456574830741985829741846707571950911986359231241495632388915149985543844997268999683351698049461297279420453260188288884985 0 0 0 0 0 0 0 0 0 0 0 0 0 0 0 0 0 0 0 0 0 0 0 0 0 0 0 0 1 0 0 0 0 0 0 0 0 0 0 0 0 0 0 0 0]
[15191046664983890203707600452551842287683477813468230780080942028669684348099506666852911716583509269133525072138480528595885001887016630 0 0 0 0 0 0 0 0 0 0 0 0 0 0 0 0 0 0 0 0 0 0 0 0 0 0 0 0 0 1 0 0 0 0 0 0 0 0 0 0 0 0 0 0 0]
[67300364113918002445906077957080882780306684266739362302644111976091040122916463238420050096160983648140200777658946888584653972362091290 0 0 0 0 0 0 0 0 0 0 0 0 0 0 0 0 0 0 0 0 0 0 0 0 0 0 0 0 0 0 1 0 0 0 0 0 0 0 0 0 0 0 0 0 0]
[2009475122101264640652393621921746754827384346045904582511211924104371018638607746250506942710900072631080410155095093485148205033145726627 0 0 0 0 0 0 0 0 0 0 0 0 0 0 0 0 0 0 0 0 0 0 0 0 0 0 0 0 0 0 0 1 0 0 0 0 0 0 0 0 0 0 0 0 0]
[334533934149454520703166850057299070264107488526481692289403724557893513458516918123586051661894363409680166922169787371300158365041322100 0 0 0 0 0 0 0 0 0 0 0 0 0 0 0 0 0 0 0 0 0 0 0 0 0 0 0 0 0 0 0 0 1 0 0 0 0 0 0 0 0 0 0 0 0]
[1184280054691630135471470319126819129184361780198380137230942666053208275132877723714932374174392586109112668434027906104483877314677706526 0 0 0 0 0 0 0 0 0 0 0 0 0 0 0 0 0 0 0 0 0 0 0 0 0 0 0 0 0 0 0 0 0 1 0 0 0 0 0 0 0 0 0 0 0]
[2214716433270142628391531945538392354474260384431338107808751331709037612184327542853941118252999863072378273755057337419241299090954099378 0 0 0 0 0 0 0 0 0 0 0 0 0 0 0 0 0 0 0 0 0 0 0 0 0 0 0 0 0 0 0 0 0 0 1 0 0 0 0 0 0 0 0 0 0]
[424089644621721038903188075723863697922951759477674847001984210904650278745999670978172047103605561094623685945063140720121773644269295415 0 0 0 0 0 0 0 0 0 0 0 0 0 0 0 0 0 0 0 0 0 0 0 0 0 0 0 0 0 0 0 0 0 0 0 1 0 0 0 0 0 0 0 0 0]
[2534226592882274728002257728607821275387546612355315946677599639618642061657416913136581547157568703754158415478672158047075613148330079974 0 0 0 0 0 0 0 0 0 0 0 0 0 0 0 0 0 0 0 0 0 0 0 0 0 0 0 0 0 0 0 0 0 0 0 0 1 0 0 0 0 0 0 0 0]
[756486360818221659876944565798763468658212268355745734236432590552831140573738642573361125313343918247236062553529716193171700955081359386 0 0 0 0 0 0 0 0 0 0 0 0 0 0 0 0 0 0 0 0 0 0 0 0 0 0 0 0 0 0 0 0 0 0 0 0 0 1 0 0 0 0 0 0 0]
[446150996896020322203371242994757539713898295525618436446961400912922993175187373968017901620576489133018571159138413003750985013951085896 0 0 0 0 0 0 0 0 0 0 0 0 0 0 0 0 0 0 0 0 0 0 0 0 0 0 0 0 0 0 0 0 0 0 0 0 0 0 1 0 0 0 0 0 0]
[1786856160488386412558079791319114094381256319677211420828556335056811175062274856437401377768494471195606206590741172961061383330715315481 0 0 0 0 0 0 0 0 0 0 0 0 0 0 0 0 0 0 0 0 0 0 0 0 0 0 0 0 0 0 0 0 0 0 0 0 0 0 0 1 0 0 0 0 0]
[1993057536588365581490838978158194889274374533332414523907353385621698347515788849609264122935445671384733256657344850379790399041030752929 0 0 0 0 0 0 0 0 0 0 0 0 0 0 0 0 0 0 0 0 0 0 0 0 0 0 0 0 0 0 0 0 0 0 0 0 0 0 0 0 1 0 0 0 0]
[215799851370311949359566479880908470392351956391181961582298681563651583123204306422225026656425974910092573769103568966499609376145768592 0 0 0 0 0 0 0 0 0 0 0 0 0 0 0 0 0 0 0 0 0 0 0 0 0 0 0 0 0 0 0 0 0 0 0 0 0 0 0 0 0 1 0 0 0]
[986341825545676108792011553944607197821130360748100261914889444966816575688226162322664409468003971147138555936306512691183758475740540150 0 0 0 0 0 0 0 0 0 0 0 0 0 0 0 0 0 0 0 0 0 0 0 0 0 0 0 0 0 0 0 0 0 0 0 0 0 0 0 0 0 0 1 0 0]
[1121490660254480294497775841914249883644215934502361103291877442112110789102804735892887613672352284775291253452339529821626209914187726052 0 0 0 0 0 0 0 0 0 0 0 0 0 0 0 0 0 0 0 0 0 0 0 0 0 0 0 0 0 0 0 0 0 0 0 0 0 0 0 0 0 0 0 1 0]
[2233789744276637034982125652493992175617146560665123481315443108616127506689520244699946146594558215898409986083035400672212406169863088022 0 0 0 0 0 0 0 0 0 0 0 0 0 0 0 0 0 0 0 0 0 0 0 0 0 0 0 0 0 0 0 0 0 0 0 0 0 0 0 0 0 0 0 0 1]
]
46 47 1
[1 1 1 1 1 1 1 1 1 1 1 1 1 1 1 1 1 1 1 1 1 1 1 1 1 1 1 1 1 1 1 1 1 1 1 1 1 1 1 1 1 1 1 1 1 1 1]
