[[2206976321424956641138857078881561496764365764605460143229483055963535299590077252772599768823362350757532091311285052676728724889214553917 0 0 0 0 0 0 0 0 0 0 0 0 0 0 0 0 0 0 0 0 0 0 0 0 0 0 0 0 0 0 0 0 0 0 0 0 0 0 0 0 0 0 0 0 0]
[1007689567036937709082644200223914179097169491869559105910957555547666301321962583786016055610248728019159588280032889007656931382519204397 1 0 0 0 0 0 0 0 0 0 0 0 0 0 0 0 0 0 0 0 0 0 0 0 0 0 0 0 0 0 0 0 0 0 0 0 0 0 0 0 0 0 0 0 0]
[1875483458603570945470798978214270703228132055286562242660909818959728975711532701001384799904994755963931903885595146239971323233045518969 0 1 0 0 0 0 0 0 0 0 0 0 0 0 0 0 0 0 0 0 0 0 0 0 0 0 0 0 0 0 0 0 0 0 0 0 0 0 0 0 0 0 0 0 0]
[1375217214984292588436514438748365716644782252681483192427909029906631359233098343405778572427393411459826403734280744877131282226397691345 0 0 1 0 0 0 0 0 0 0 0 0 0 0 0 0 0 0 0 0 0 0 0 0 0 0 0 0 0 0 0 0 0 0 0 0 0 0 0 0 0 0 0 0 0]
[1244724196633525198466944336474886655625931534657364843549221660057415080982785127778675769784848816617132967733253832138492432576203295901 0 0 0 1 0 0 0 0 0 0 0 0 0 0 0 0 0 0 0 0 0 0 0 0 0 0 0 0 0 0 0 0 0 0 0 0 0 0 0 0 0 0 0 0 0]
[1066376329833652244336271790581794691198994533525408258183803526664929614007761322131326393235803675616007243859989306079539505999554421685 0 0 0 0 1 0 0 0 0 0 0 0 0 0 0 0 0 0 0 0 0 0 0 0 0 0 0 0 0 0 0 0 0 0 0 0 0 0 0 0 0 0 0 0 0]
[148920129826336394210732057491551675050813226908862471576581639653250428387393146492679454521787343727635913057556035986161084262669716589 0 0 0 0 0 1 0 0 0 0 0 0 0 0 0 0 0 0 0 0 0 0 0 0 0 0 0 0 0 0 0 0 0 0 0 0 0 0 0 0 0 0 0 0 0]
[910735723447203734728759592595122321129066973692821831285782107472689379566100711216485751329762346441750814101321554976378353499881318951 0 0 0 0 0 0 1 0 0 0 0 0 0 0 0 0 0 0 0 0 0 0 0 0 0 0 0 0 0 0 0 0 0 0 0 0 0 0 0 0 0 0 0 0 0]
[1831195865940926661163733763306854172640254534336433967419485167445719836379820890495204515416200611105969138773722978350042987074451636020 0 0 0 0 0 0 0 1 0 0 0 0 0 0 0 0 0 0 0 0 0 0 0 0 0 0 0 0 0 0 0 0 0 0 0 0 0 0 0 0 0 0 0 0 0]
[1183935683064193666118819969976515960505229230363525617567107610054074623701280128684370333280376550916730127822144263125698331438030396351 0 0 0 0 0 0 0 0 1 0 0 0 0 0 0 0 0 0 0 0 0 0 0 0 0 0 0 0 0 0 0 0 0 0 0 0 0 0 0 0 0 0 0 0 0]
[622635777364169927925718272356166944109384305644419023374670350958707743553239092626259511509367126376910942518599588742859605032492697185 0 0 0 0 0 0 0 0 0 1 0 0 0 0 0 0 0 0 0 0 0 0 0 0 0 0 0 0 0 0 0 0 0 0 0 0 0 0 0 0 0 0 0 0 0]
[1172418364306924439819947108743382534844530324208173241957227555739527702980245372248725051126279124811402799286718053376902660418292939279 0 0 0 0 0 0 0 0 0 0 1 0 0 0 0 0 0 0 0 0 0 0 0 0 0 0 0 0 0 0 0 0 0 0 0 0 0 0 0 0 0 0 0 0 0]
[1364359686432241844788053244219684340156037592593181934823622216285437122374273859993129825123956583710815003284172818488173056189343984475 0 0 0 0 0 0 0 0 0 0 0 1 0 0 0 0 0 0 0 0 0 0 0 0 0 0 0 0 0 0 0 0 0 0 0 0 0 0 0 0 0 0 0 0 0]
[444529606412087784669160995599113533424228518767501576682380240649858404539694082540893792022642749486617676244148108139753595265089033796 0 0 0 0 0 0 0 0 0 0 0 0 1 0 0 0 0 0 0 0 0 0 0 0 0 0 0 0 0 0 0 0 0 0 0 0 0 0 0 0 0 0 0 0 0]
[523682914032810188131090638626021227119813513057435674482536189975581341136311783084428674412391470193360646024712123310547397256120446597 0 0 0 0 0 0 0 0 0 0 0 0 0 1 0 0 0 0 0 0 0 0 0 0 0 0 0 0 0 0 0 0 0 0 0 0 0 0 0 0 0 0 0 0 0]
[1800286979693746300045552363421091937499457890797968636620567115097788544069664978090276128697790517742864502466094391971846646222783361648 0 0 0 0 0 0 0 0 0 0 0 0 0 0 1 0 0 0 0 0 0 0 0 0 0 0 0 0 0 0 0 0 0 0 0 0 0 0 0 0 0 0 0 0 0]
[1727470950680175919243967108708337856276757030564148461834512698497644376570822214526306126619935856700707255933930462287890464372409340981 0 0 0 0 0 0 0 0 0 0 0 0 0 0 0 1 0 0 0 0 0 0 0 0 0 0 0 0 0 0 0 0 0 0 0 0 0 0 0 0 0 0 0 0 0]
[2147232045682458584705459461354062516869746108739710040915990224674315336169194456919421726848704714489089091096936942934615921328149826612 0 0 0 0 0 0 0 0 0 0 0 0 0 0 0 0 1 0 0 0 0 0 0 0 0 0 0 0 0 0 0 0 0 0 0 0 0 0 0 0 0 0 0 0 0]
[202421595662985565418053640330021691945204401754078621474139207385277743192819593759990470142162716894288578345408598044095883996819018654 0 0 0 0 0 0 0 0 0 0 0 0 0 0 0 0 0 1 0 0 0 0 0 0 0 0 0 0 0 0 0 0 0 0 0 0 0 0 0 0 0 0 0 0 0]
[464444693599203584576547800191946861894948687009116135827903955961969471007540056255310966871356169858103441966447806084215283236081606311 0 0 0 0 0 0 0 0 0 0 0 0 0 0 0 0 0 0 1 0 0 0 0 0 0 0 0 0 0 0 0 0 0 0 0 0 0 0 0 0 0 0 0 0 0]
[491391820980631997766095963529082537644407270535500195404266923512082923033681737578216239288867559337341789435397929306724737717154423301 0 0 0 0 0 0 0 0 0 0 0 0 0 0 0 0 0 0 0 1 0 0 0 0 0 0 0 0 0 0 0 0 0 0 0 0 0 0 0 0 0 0 0 0 0]
[1675082075474390742300528184951633380728497236690968997863400127880815639917604075056332840704794933692655319443681201628612189077730593487 0 0 0 0 0 0 0 0 0 0 0 0 0 0 0 0 0 0 0 0 1 0 0 0 0 0 0 0 0 0 0 0 0 0 0 0 0 0 0 0 0 0 0 0 0]
[835519269407692006268381060412351443877755564227537442140348252428983564831954724248103297214191329920220059083239288365219112848131719794 0 0 0 0 0 0 0 0 0 0 0 0 0 0 0 0 0 0 0 0 0 1 0 0 0 0 0 0 0 0 0 0 0 0 0 0 0 0 0 0 0 0 0 0 0]
[1076390068743539339973243095398861685415599514523259209348971080009118723300660425417476937416799130857467543836144842618798411357498214099 0 0 0 0 0 0 0 0 0 0 0 0 0 0 0 0 0 0 0 0 0 0 1 0 0 0 0 0 0 0 0 0 0 0 0 0 0 0 0 0 0 0 0 0 0]
[152265758735800553922821211022777104925189652278703674068979647499793972251472811896206415711956663272410518848996178850824732168362695365 0 0 0 0 0 0 0 0 0 0 0 0 0 0 0 0 0 0 0 0 0 0 0 1 0 0 0 0 0 0 0 0 0 0 0 0 0 0 0 0 0 0 0 0 0]
[1905515378653981218365601780001559805430021394828337773828147247471467072521629136465998046906045962640697501017434315856588659330522549681 0 0 0 0 0 0 0 0 0 0 0 0 0 0 0 0 0 0 0 0 0 0 0 0 1 0 0 0 0 0 0 0 0 0 0 0 0 0 0 0 0 0 0 0 0]
[1758771171804787284672248164417742574092337721917889630039283536860210303568905491681684517686485793491376736644906323817069126705722503392 0 0 0 0 0 0 0 0 0 0 0 0 0 0 0 0 0 0 0 0 0 0 0 0 0 1 0 0 0 0 0 0 0 0 0 0 0 0 0 0 0 0 0 0 0]
[1160911455383899010481301441091634973747987447886623189415454663075245250614384610768031588476626029105513872273404582819764780392964057285 0 0 0 0 0 0 0 0 0 0 0 0 0 0 0 0 0 0 0 0 0 0 0 0 0 0 1 0 0 0 0 0 0 0 0 0 0 0 0 0 0 0 0 0 0]
[822076517875014161159511326932068740931860388261684634168270271398129893258729476424694253617112280726211336481718281012503715921839995489 0 0 0 0 0 0 0 0 0 0 0 0 0 0 0 0 0 0 0 0 0 0 0 0 0 0 0 1 0 0 0 0 0 0 0 0 0 0 0 0 0 0 0 0 0]
[2077964988320076092170681471670018009388213356002805383006639548764226542986643547733653482083554481901747201356114486576293341573458061327 0 0 0 0 0 0 0 0 0 0 0 0 0 0 0 0 0 0 0 0 0 0 0 0 0 0 0 0 1 0 0 0 0 0 0 0 0 0 0 0 0 0 0 0 0]
[1264721425545494550800397167360986482721174671368407885774030202010206105335751227332911654485928766513258303344474155205587654668198429764 0 0 0 0 0 0 0 0 0 0 0 0 0 0 0 0 0 0 0 0 0 0 0 0 0 0 0 0 0 1 0 0 0 0 0 0 0 0 0 0 0 0 0 0 0]
[485705817911741542311297253292036797465640467239417186585375600499868561430434176399729930396804924090473670883973757054323503500538839488 0 0 0 0 0 0 0 0 0 0 0 0 0 0 0 0 0 0 0 0 0 0 0 0 0 0 0 0 0 0 1 0 0 0 0 0 0 0 0 0 0 0 0 0 0]
[1211471787960311101989691104506698367689281203020058934124378476143649542888701636892110792046965795038585409137131640038288958327753167669 0 0 0 0 0 0 0 0 0 0 0 0 0 0 0 0 0 0 0 0 0 0 0 0 0 0 0 0 0 0 0 1 0 0 0 0 0 0 0 0 0 0 0 0 0]
[1903657581400319933615355922484673150495868750893863993019965066871193209313957311197036502985200104031644170274916284510150116368375394770 0 0 0 0 0 0 0 0 0 0 0 0 0 0 0 0 0 0 0 0 0 0 0 0 0 0 0 0 0 0 0 0 1 0 0 0 0 0 0 0 0 0 0 0 0]
[783500002180342219884035992440300659927216131638816394164356377179284719685602615937778996213186730802862636934702795832085739742914989038 0 0 0 0 0 0 0 0 0 0 0 0 0 0 0 0 0 0 0 0 0 0 0 0 0 0 0 0 0 0 0 0 0 1 0 0 0 0 0 0 0 0 0 0 0]
[265031908834292380426837930048391419834455980084018602749241461082544457404271561480729231568099825710271259279449418346035224984927444819 0 0 0 0 0 0 0 0 0 0 0 0 0 0 0 0 0 0 0 0 0 0 0 0 0 0 0 0 0 0 0 0 0 0 1 0 0 0 0 0 0 0 0 0 0]
[1463282075492966327496190725888365726211145164314741524836980457467743882624551649152115471749758331560785247691249457230116985896097332874 0 0 0 0 0 0 0 0 0 0 0 0 0 0 0 0 0 0 0 0 0 0 0 0 0 0 0 0 0 0 0 0 0 0 0 1 0 0 0 0 0 0 0 0 0]
[806166302704723984179722721476430855718433230013216402946081533784266798697828489828625857674855071234331222941657668182707434445552327636 0 0 0 0 0 0 0 0 0 0 0 0 0 0 0 0 0 0 0 0 0 0 0 0 0 0 0 0 0 0 0 0 0 0 0 0 1 0 0 0 0 0 0 0 0]
[1664209409449832790747800657557654626613009677942200367363627608718154965832169187205301888561093218502475190288255430422427115162654455385 0 0 0 0 0 0 0 0 0 0 0 0 0 0 0 0 0 0 0 0 0 0 0 0 0 0 0 0 0 0 0 0 0 0 0 0 0 1 0 0 0 0 0 0 0]
[426332642043590707080658991723715437884446438952364009209297214472935625189697388400319036128407001019741335810660269004879477872200875778 0 0 0 0 0 0 0 0 0 0 0 0 0 0 0 0 0 0 0 0 0 0 0 0 0 0 0 0 0 0 0 0 0 0 0 0 0 0 1 0 0 0 0 0 0]
[2038344284450785478690901439129253325109590114850722202969146086371597222722921400209533602698821798750332883374838835736962267667044807449 0 0 0 0 0 0 0 0 0 0 0 0 0 0 0 0 0 0 0 0 0 0 0 0 0 0 0 0 0 0 0 0 0 0 0 0 0 0 0 1 0 0 0 0 0]
[575547065837362097539364932584512167363206468233052891803505254453976607417488127128885858145760914858469404581300538612431692598106225673 0 0 0 0 0 0 0 0 0 0 0 0 0 0 0 0 0 0 0 0 0 0 0 0 0 0 0 0 0 0 0 0 0 0 0 0 0 0 0 0 1 0 0 0 0]
[157343616710468416743257593948416125223063742889314277068442546992518855576714461175611736396173106327877714137319371758213021947337085507 0 0 0 0 0 0 0 0 0 0 0 0 0 0 0 0 0 0 0 0 0 0 0 0 0 0 0 0 0 0 0 0 0 0 0 0 0 0 0 0 0 1 0 0 0]
[2150852739120013969111826321079132021938954882096492968480429086658571626351156634738648864751185106657863480630021106670045254212534384349 0 0 0 0 0 0 0 0 0 0 0 0 0 0 0 0 0 0 0 0 0 0 0 0 0 0 0 0 0 0 0 0 0 0 0 0 0 0 0 0 0 0 1 0 0]
[1449034887676749314867481185706174191352465098551329911601857325798129693027438513044514090137081113200650087135436486428672384381619512917 0 0 0 0 0 0 0 0 0 0 0 0 0 0 0 0 0 0 0 0 0 0 0 0 0 0 0 0 0 0 0 0 0 0 0 0 0 0 0 0 0 0 0 1 0]
[2085887785832491638836055803153142656978043189363706086693011853540361195949705881991888694149937462288651868822979485721119359656951096045 0 0 0 0 0 0 0 0 0 0 0 0 0 0 0 0 0 0 0 0 0 0 0 0 0 0 0 0 0 0 0 0 0 0 0 0 0 0 0 0 0 0 0 0 1]
]
46 47 9
[1 1 1 1 1 1 1 1 1 1 1 1 1 1 1 1 1 1 1 1 1 1 1 1 1 1 1 1 1 1 1 1 1 1 1 1 1 1 1 1 1 1 1 1 1 1 1]
