[[2905489704914685854406729925157472304533129150528717256984609600878184631878896760268425469562338049387745731550935021285377602408529133595817850748519885811 0 0 0 0 0 0 0 0 0 0 0 0 0 0 0 0 0 0 0 0 0 0 0 0 0 0 0 0 0 0 0 0 0 0 0 0 0 0 0 0 0 0 0 0 0 0 0 0 0 0 0]
[719147182761591805030415179257941405211377573807236251610242687711568957190270196192802474367362899118067865800293440207314942864784855285487124672775052804 1 0 0 0 0 0 0 0 0 0 0 0 0 0 0 0 0 0 0 0 0 0 0 0 0 0 0 0 0 0 0 0 0 0 0 0 0 0 0 0 0 0 0 0 0 0 0 0 0 0 0]
[1479791191849596633219129272681047916965346848708346770368623225067473783883746101974565856589082392591479387809883631397128746263870307604496176560013604000 0 1 0 0 0 0 0 0 0 0 0 0 0 0 0 0 0 0 0 0 0 0 0 0 0 0 0 0 0 0 0 0 0 0 0 0 0 0 0 0 0 0 0 0 0 0 0 0 0 0 0]
[1289203663398423101084817077369746350365721337663612183053111119927105512959264322856623341572692824723560295332710982805543734690079826289856044984340980252 0 0 1 0 0 0 0 0 0 0 0 0 0 0 0 0 0 0 0 0 0 0 0 0 0 0 0 0 0 0 0 0 0 0 0 0 0 0 0 0 0 0 0 0 0 0 0 0 0 0 0]
[2241434908826887872418857970019330022649219522724951653349375877810969027838821581069689930891632125431969406316248569365643778869966469072017886742420578016 0 0 0 1 0 0 0 0 0 0 0 0 0 0 0 0 0 0 0 0 0 0 0 0 0 0 0 0 0 0 0 0 0 0 0 0 0 0 0 0 0 0 0 0 0 0 0 0 0 0 0]
[2236029338049031141229761158473712989101082968573003786399385586333760330840290341006997070525159339537814181531899151481629753946557986135831545235027203286 0 0 0 0 1 0 0 0 0 0 0 0 0 0 0 0 0 0 0 0 0 0 0 0 0 0 0 0 0 0 0 0 0 0 0 0 0 0 0 0 0 0 0 0 0 0 0 0 0 0 0]
[2579571013280906140194527585350062156073647305277013247056385852776379932408629127360182091996859107544369742847111551007257067867323026881421725938887611171 0 0 0 0 0 1 0 0 0 0 0 0 0 0 0 0 0 0 0 0 0 0 0 0 0 0 0 0 0 0 0 0 0 0 0 0 0 0 0 0 0 0 0 0 0 0 0 0 0 0 0]
[1587348154577308828949062671841505238521406891151053842086920018577351217056497694794476313978099706184650248287381421994522530554488599372627891555176559611 0 0 0 0 0 0 1 0 0 0 0 0 0 0 0 0 0 0 0 0 0 0 0 0 0 0 0 0 0 0 0 0 0 0 0 0 0 0 0 0 0 0 0 0 0 0 0 0 0 0 0]
[2225031343442984710846752649113071286502131231635802500649209895424511821995348842019662160645839902276848487067490215892891538931330379294364901941327511129 0 0 0 0 0 0 0 1 0 0 0 0 0 0 0 0 0 0 0 0 0 0 0 0 0 0 0 0 0 0 0 0 0 0 0 0 0 0 0 0 0 0 0 0 0 0 0 0 0 0 0]
[822613643599712822412057157977404674628811748376464206518622113072720332864008604915008759145002841518489241375329521004299250096143241830705837892291018553 0 0 0 0 0 0 0 0 1 0 0 0 0 0 0 0 0 0 0 0 0 0 0 0 0 0 0 0 0 0 0 0 0 0 0 0 0 0 0 0 0 0 0 0 0 0 0 0 0 0 0]
[1929622688532900039695323657346652598592831749805293421254998472980766698033828898430656802985301379837693340964858547692027137013597461605331571432046713660 0 0 0 0 0 0 0 0 0 1 0 0 0 0 0 0 0 0 0 0 0 0 0 0 0 0 0 0 0 0 0 0 0 0 0 0 0 0 0 0 0 0 0 0 0 0 0 0 0 0 0]
[524928914501025851832037109679290777902326959473793695929369037122889274820375681434631605983815784452647421412512455669256133745772936092126378098052189507 0 0 0 0 0 0 0 0 0 0 1 0 0 0 0 0 0 0 0 0 0 0 0 0 0 0 0 0 0 0 0 0 0 0 0 0 0 0 0 0 0 0 0 0 0 0 0 0 0 0 0]
[2634043010201062530617029896858170108736226066257867459077646633046103337343761873966981524745683551611753811196026664473628198687661318393881798511055426477 0 0 0 0 0 0 0 0 0 0 0 1 0 0 0 0 0 0 0 0 0 0 0 0 0 0 0 0 0 0 0 0 0 0 0 0 0 0 0 0 0 0 0 0 0 0 0 0 0 0 0]
[2375755566560127335908673090002230260335800842174823775301461703501432600370266165941465215397745628979998944849074156593079873709160471017780629829375608370 0 0 0 0 0 0 0 0 0 0 0 0 1 0 0 0 0 0 0 0 0 0 0 0 0 0 0 0 0 0 0 0 0 0 0 0 0 0 0 0 0 0 0 0 0 0 0 0 0 0 0]
[843229586969234617752928281449377096605435068487065443925658989119465267364696830808397645994386142421512152030543731887440689931253015143439100573368252907 0 0 0 0 0 0 0 0 0 0 0 0 0 1 0 0 0 0 0 0 0 0 0 0 0 0 0 0 0 0 0 0 0 0 0 0 0 0 0 0 0 0 0 0 0 0 0 0 0 0 0]
[2712264272496978203775245491983083411003693275411613142253057819411369433836747063244260843883041873268278596917666693209628474934043831290091736509086016614 0 0 0 0 0 0 0 0 0 0 0 0 0 0 1 0 0 0 0 0 0 0 0 0 0 0 0 0 0 0 0 0 0 0 0 0 0 0 0 0 0 0 0 0 0 0 0 0 0 0 0]
[2385805938959012446666462387091910497484987240876269642429804051342633421094374867043786450524288617815830019293671014682945010109665494471500217628396744168 0 0 0 0 0 0 0 0 0 0 0 0 0 0 0 1 0 0 0 0 0 0 0 0 0 0 0 0 0 0 0 0 0 0 0 0 0 0 0 0 0 0 0 0 0 0 0 0 0 0 0]
[28798443294203636049291950243584569116212422500119152818940409844254559295272217200561645582072216831500832695209450096126514475835856411516434336827854957 0 0 0 0 0 0 0 0 0 0 0 0 0 0 0 0 1 0 0 0 0 0 0 0 0 0 0 0 0 0 0 0 0 0 0 0 0 0 0 0 0 0 0 0 0 0 0 0 0 0 0]
[2541508991116940512775801569227436667040450498081507307730622958446488434798838013923636513266507330379127946884147710897896785898622092756752443860311094823 0 0 0 0 0 0 0 0 0 0 0 0 0 0 0 0 0 1 0 0 0 0 0 0 0 0 0 0 0 0 0 0 0 0 0 0 0 0 0 0 0 0 0 0 0 0 0 0 0 0 0]
[1828491535751231609281516467164520626432730054450218000265189424656842913043919072305330616306522470065205190578016307607909383498834733533484136764401043974 0 0 0 0 0 0 0 0 0 0 0 0 0 0 0 0 0 0 1 0 0 0 0 0 0 0 0 0 0 0 0 0 0 0 0 0 0 0 0 0 0 0 0 0 0 0 0 0 0 0 0]
[416114529577656297017229226852674876667742624295805212136792954839722445658560545955736192888647030357179665301891804155188581127437182372029994867520753368 0 0 0 0 0 0 0 0 0 0 0 0 0 0 0 0 0 0 0 1 0 0 0 0 0 0 0 0 0 0 0 0 0 0 0 0 0 0 0 0 0 0 0 0 0 0 0 0 0 0 0]
[1235419530175772871606438896013177253522425829717315813234697781554071501005117530064931862438673440702201080700767999080797012377403813774639025481597350101 0 0 0 0 0 0 0 0 0 0 0 0 0 0 0 0 0 0 0 0 1 0 0 0 0 0 0 0 0 0 0 0 0 0 0 0 0 0 0 0 0 0 0 0 0 0 0 0 0 0 0]
[1426985803023142250542668147023616285104825850162700644583173199469388637883322727531558865074215146570647555617916022076874645555713035639343288746878815248 0 0 0 0 0 0 0 0 0 0 0 0 0 0 0 0 0 0 0 0 0 1 0 0 0 0 0 0 0 0 0 0 0 0 0 0 0 0 0 0 0 0 0 0 0 0 0 0 0 0 0]
[1483208943369020606322725004530995792254259399509345096886170289376341275693744619753415617368910891566575316356463846075426717232695936669507894913371340360 0 0 0 0 0 0 0 0 0 0 0 0 0 0 0 0 0 0 0 0 0 0 1 0 0 0 0 0 0 0 0 0 0 0 0 0 0 0 0 0 0 0 0 0 0 0 0 0 0 0 0]
[1601197143673121897295198238138358328629792683671436041531546198637201718820298733299905801321854997813089301939981088262118375679767619321595598048055190489 0 0 0 0 0 0 0 0 0 0 0 0 0 0 0 0 0 0 0 0 0 0 0 1 0 0 0 0 0 0 0 0 0 0 0 0 0 0 0 0 0 0 0 0 0 0 0 0 0 0 0]
[729428252617581896472435481880715125905931348644892727137535235318268421033449837880314731011055747713672521082262780038028290599168945036859636662034558340 0 0 0 0 0 0 0 0 0 0 0 0 0 0 0 0 0 0 0 0 0 0 0 0 1 0 0 0 0 0 0 0 0 0 0 0 0 0 0 0 0 0 0 0 0 0 0 0 0 0 0]
[570755879168206506179113455065154956832009867266872534147221328534420021741015312642899061917480816514200366230627028712216567294012962475435296130234363523 0 0 0 0 0 0 0 0 0 0 0 0 0 0 0 0 0 0 0 0 0 0 0 0 0 1 0 0 0 0 0 0 0 0 0 0 0 0 0 0 0 0 0 0 0 0 0 0 0 0 0]
[2569558026257403000783298336323962078639372096451331120318196475784054367005429202853998073215273235086063991999217399330821050516374045372226788386592212210 0 0 0 0 0 0 0 0 0 0 0 0 0 0 0 0 0 0 0 0 0 0 0 0 0 0 1 0 0 0 0 0 0 0 0 0 0 0 0 0 0 0 0 0 0 0 0 0 0 0 0]
[599273420721585464852638821158865312131005660941772589114810207209179108129218832726289299291985102396067190506695471113855008151705737687356209023990950020 0 0 0 0 0 0 0 0 0 0 0 0 0 0 0 0 0 0 0 0 0 0 0 0 0 0 0 1 0 0 0 0 0 0 0 0 0 0 0 0 0 0 0 0 0 0 0 0 0 0 0]
[1790103952177994160872064975098408796182532919270239262754551567646317565504632711657585231399119091681220710136538197509349555662761418531321051746253498885 0 0 0 0 0 0 0 0 0 0 0 0 0 0 0 0 0 0 0 0 0 0 0 0 0 0 0 0 1 0 0 0 0 0 0 0 0 0 0 0 0 0 0 0 0 0 0 0 0 0 0]
[214533622543352947798296525927146886007541046473282931765953019078406426957696672475297210315427307325593211124238480866800705445935332943896082988689821086 0 0 0 0 0 0 0 0 0 0 0 0 0 0 0 0 0 0 0 0 0 0 0 0 0 0 0 0 0 1 0 0 0 0 0 0 0 0 0 0 0 0 0 0 0 0 0 0 0 0 0]
[258081799412942342407572927488963308509855858942571425073345639301954045041516806532603183344125218813753378298038946429656654502799983923737208774001294286 0 0 0 0 0 0 0 0 0 0 0 0 0 0 0 0 0 0 0 0 0 0 0 0 0 0 0 0 0 0 1 0 0 0 0 0 0 0 0 0 0 0 0 0 0 0 0 0 0 0 0]
[1083011445878534596495443973113378814455462688820774744402166417724695256275859225441372972350090147931438062311823480690876877339419688144986365295984354836 0 0 0 0 0 0 0 0 0 0 0 0 0 0 0 0 0 0 0 0 0 0 0 0 0 0 0 0 0 0 0 1 0 0 0 0 0 0 0 0 0 0 0 0 0 0 0 0 0 0 0]
[390606286516241257547105202807796445971782241672443208712236584087613899040763307174922902173013755669516449476518632224787151401467408043827904291963004340 0 0 0 0 0 0 0 0 0 0 0 0 0 0 0 0 0 0 0 0 0 0 0 0 0 0 0 0 0 0 0 0 1 0 0 0 0 0 0 0 0 0 0 0 0 0 0 0 0 0 0]
[1832911888925543054418775021193267959955557630898974906962706607263664474078670150457342144692319088428991169205933622208127874124225884487686504923902672521 0 0 0 0 0 0 0 0 0 0 0 0 0 0 0 0 0 0 0 0 0 0 0 0 0 0 0 0 0 0 0 0 0 1 0 0 0 0 0 0 0 0 0 0 0 0 0 0 0 0 0]
[2870043130024644988483037687036496774787863822916304146903560786420057063350701455595429752722166305923054727762933154517345395152049063250608463353745218602 0 0 0 0 0 0 0 0 0 0 0 0 0 0 0 0 0 0 0 0 0 0 0 0 0 0 0 0 0 0 0 0 0 0 1 0 0 0 0 0 0 0 0 0 0 0 0 0 0 0 0]
[1457497940635857462445557471137696545398840080123183240906175217002364787530621857940044143949339808179093041503587752773082603329010897715940356007865334040 0 0 0 0 0 0 0 0 0 0 0 0 0 0 0 0 0 0 0 0 0 0 0 0 0 0 0 0 0 0 0 0 0 0 0 1 0 0 0 0 0 0 0 0 0 0 0 0 0 0 0]
[2670846311686664842414313066155864728260788555849067360203215854943385400400664877586088298412964152399980243946179359208009093760825231578901183784255595311 0 0 0 0 0 0 0 0 0 0 0 0 0 0 0 0 0 0 0 0 0 0 0 0 0 0 0 0 0 0 0 0 0 0 0 0 1 0 0 0 0 0 0 0 0 0 0 0 0 0 0]
[794512252101728893404955156915640547814749638212519135860295815566276300477473439336644750604170269009815421474609841899141671035609949311276901413219595308 0 0 0 0 0 0 0 0 0 0 0 0 0 0 0 0 0 0 0 0 0 0 0 0 0 0 0 0 0 0 0 0 0 0 0 0 0 1 0 0 0 0 0 0 0 0 0 0 0 0 0]
[2857621032062564946878878832429974863096713074097816277518768303645490483801751725240459494818300075850646049136199903017943081104563557905678355820681959828 0 0 0 0 0 0 0 0 0 0 0 0 0 0 0 0 0 0 0 0 0 0 0 0 0 0 0 0 0 0 0 0 0 0 0 0 0 0 1 0 0 0 0 0 0 0 0 0 0 0 0]
[782060335646361969507284688356630908221736535936676688733077315543629873807850301025939993491200534458285418048722182703170318398486304504661197058259409960 0 0 0 0 0 0 0 0 0 0 0 0 0 0 0 0 0 0 0 0 0 0 0 0 0 0 0 0 0 0 0 0 0 0 0 0 0 0 0 1 0 0 0 0 0 0 0 0 0 0 0]
[2674231587566202313670384538391185326084351812344352876797739367493077008854522169005844870110107107697959369065884160768049903674274399943451293105089047807 0 0 0 0 0 0 0 0 0 0 0 0 0 0 0 0 0 0 0 0 0 0 0 0 0 0 0 0 0 0 0 0 0 0 0 0 0 0 0 0 1 0 0 0 0 0 0 0 0 0 0]
[1243903592467954401704661218396550787887450981215657019651467658661498562871957074107037913438599750258429121748308081246158905107679210429741096072494381373 0 0 0 0 0 0 0 0 0 0 0 0 0 0 0 0 0 0 0 0 0 0 0 0 0 0 0 0 0 0 0 0 0 0 0 0 0 0 0 0 0 1 0 0 0 0 0 0 0 0 0]
[715566710781375904653584694850402530210506104529159719388192800622440063230249476403286357043391362904506516764453354940928230585629886246169541039949019762 0 0 0 0 0 0 0 0 0 0 0 0 0 0 0 0 0 0 0 0 0 0 0 0 0 0 0 0 0 0 0 0 0 0 0 0 0 0 0 0 0 0 1 0 0 0 0 0 0 0 0]
[1677732372212399792995749607160672957516211036030228675449226596869107751515817597961088368910320409899379703635446525075570321564915267579363824179685198281 0 0 0 0 0 0 0 0 0 0 0 0 0 0 0 0 0 0 0 0 0 0 0 0 0 0 0 0 0 0 0 0 0 0 0 0 0 0 0 0 0 0 0 1 0 0 0 0 0 0 0]
[1443494037518655819391511400654770189977523579122243887165808278193250680972713031515520968034681149721157537936772339893872110199438694789370745487914775471 0 0 0 0 0 0 0 0 0 0 0 0 0 0 0 0 0 0 0 0 0 0 0 0 0 0 0 0 0 0 0 0 0 0 0 0 0 0 0 0 0 0 0 0 1 0 0 0 0 0 0]
[2571499805667264033102410408504583197490581527155323139620648838866104858134411410664118283355313532929916740167252409532272443110147459840791153561634704187 0 0 0 0 0 0 0 0 0 0 0 0 0 0 0 0 0 0 0 0 0 0 0 0 0 0 0 0 0 0 0 0 0 0 0 0 0 0 0 0 0 0 0 0 0 1 0 0 0 0 0]
[403397177165438697442756759382262194804341978108156784782185804494024868676750389823686369017199099313341917477159405112948891217028116672916957779532004829 0 0 0 0 0 0 0 0 0 0 0 0 0 0 0 0 0 0 0 0 0 0 0 0 0 0 0 0 0 0 0 0 0 0 0 0 0 0 0 0 0 0 0 0 0 0 1 0 0 0 0]
[2892007295091701072772319436929218184298512924059307894911340152705730775943310507165646483180624667653010498118557258703879334796971881867910130394891717483 0 0 0 0 0 0 0 0 0 0 0 0 0 0 0 0 0 0 0 0 0 0 0 0 0 0 0 0 0 0 0 0 0 0 0 0 0 0 0 0 0 0 0 0 0 0 0 1 0 0 0]
[929213592962728897366337887120272256631404364603388836954592835703812904497267998693793873418969282328525539719377619752948204520153622608639794874560479036 0 0 0 0 0 0 0 0 0 0 0 0 0 0 0 0 0 0 0 0 0 0 0 0 0 0 0 0 0 0 0 0 0 0 0 0 0 0 0 0 0 0 0 0 0 0 0 0 1 0 0]
[1973589096507288622244151279339960833805084996819115330651312773406151643070574199907463740080406047805373793580330550362239592697384376189087740706006696864 0 0 0 0 0 0 0 0 0 0 0 0 0 0 0 0 0 0 0 0 0 0 0 0 0 0 0 0 0 0 0 0 0 0 0 0 0 0 0 0 0 0 0 0 0 0 0 0 0 1 0]
[2744639721078955936531227178321058413679134691293947976104668644305917594745170607182091585643277973191309401006525329233348186748110705001323012706230354596 0 0 0 0 0 0 0 0 0 0 0 0 0 0 0 0 0 0 0 0 0 0 0 0 0 0 0 0 0 0 0 0 0 0 0 0 0 0 0 0 0 0 0 0 0 0 0 0 0 0 1]
]
52 53 5
[1 1 1 1 1 1 1 1 1 1 1 1 1 1 1 1 1 1 1 1 1 1 1 1 1 1 1 1 1 1 1 1 1 1 1 1 1 1 1 1 1 1 1 1 1 1 1 1 1 1 1 1 1]
