[[3077296731677901326510819650304721547018060394639473823786806256628823050155477556633808976662134461531757780743828399266971033271399966111224105455339644387 0 0 0 0 0 0 0 0 0 0 0 0 0 0 0 0 0 0 0 0 0 0 0 0 0 0 0 0 0 0 0 0 0 0 0 0 0 0 0 0 0 0 0 0 0 0 0 0 0 0 0]
[2829494838472773944947772353226726970711094914515786441378463799773027923411346471449335158785276973595402753008041326777601059470759164346120208393593530358 1 0 0 0 0 0 0 0 0 0 0 0 0 0 0 0 0 0 0 0 0 0 0 0 0 0 0 0 0 0 0 0 0 0 0 0 0 0 0 0 0 0 0 0 0 0 0 0 0 0 0]
[1151784840722786844553178119045774789381752647482033002769364498908313261556455524298264306005670321803789253670074128482762631826222094948639561491432285636 0 1 0 0 0 0 0 0 0 0 0 0 0 0 0 0 0 0 0 0 0 0 0 0 0 0 0 0 0 0 0 0 0 0 0 0 0 0 0 0 0 0 0 0 0 0 0 0 0 0 0]
[508744393416307421270769579067230350571272707599559360648523681066941821474262707058412287050564850018602702051200323986090504732399284817418839309252436781 0 0 1 0 0 0 0 0 0 0 0 0 0 0 0 0 0 0 0 0 0 0 0 0 0 0 0 0 0 0 0 0 0 0 0 0 0 0 0 0 0 0 0 0 0 0 0 0 0 0 0]
[1193460890795329649609979142151195057553263569001925914400584385250754174149234589045111938113885687866705168313727293829842582371779400237422760286848980672 0 0 0 1 0 0 0 0 0 0 0 0 0 0 0 0 0 0 0 0 0 0 0 0 0 0 0 0 0 0 0 0 0 0 0 0 0 0 0 0 0 0 0 0 0 0 0 0 0 0 0]
[385746321109941675863453658446188905778689083673930027951918969782754330523421605807569465553688871390672881118484235958554269357606393257517950883813706941 0 0 0 0 1 0 0 0 0 0 0 0 0 0 0 0 0 0 0 0 0 0 0 0 0 0 0 0 0 0 0 0 0 0 0 0 0 0 0 0 0 0 0 0 0 0 0 0 0 0 0]
[2767036459494160332020456116829541038001505222313590142528025032334291595139706963173426087423028638589159037381179246061897696925594468648740443999587836435 0 0 0 0 0 1 0 0 0 0 0 0 0 0 0 0 0 0 0 0 0 0 0 0 0 0 0 0 0 0 0 0 0 0 0 0 0 0 0 0 0 0 0 0 0 0 0 0 0 0 0]
[440316509227008677935318504332967076045192572848733459997463959340317629887123963679135627783627569745613078554937793235189781725653710438835588246124988649 0 0 0 0 0 0 1 0 0 0 0 0 0 0 0 0 0 0 0 0 0 0 0 0 0 0 0 0 0 0 0 0 0 0 0 0 0 0 0 0 0 0 0 0 0 0 0 0 0 0 0]
[878105723908195622602137401050568951303313047880499555771351459222556297838059031199290105666353410721891591508772726530655064650064182179198463535587270326 0 0 0 0 0 0 0 1 0 0 0 0 0 0 0 0 0 0 0 0 0 0 0 0 0 0 0 0 0 0 0 0 0 0 0 0 0 0 0 0 0 0 0 0 0 0 0 0 0 0 0]
[2262272755867112329676549371581819021751863592273361390602641325889657466688645852611586295186006708432589285518899241863011177983906638686901234087953362777 0 0 0 0 0 0 0 0 1 0 0 0 0 0 0 0 0 0 0 0 0 0 0 0 0 0 0 0 0 0 0 0 0 0 0 0 0 0 0 0 0 0 0 0 0 0 0 0 0 0 0]
[374922303684815385858367258495589171536916776280512579012246991077052093630510789284457267073681886350086170705212257920542531371607461105286605763324252426 0 0 0 0 0 0 0 0 0 1 0 0 0 0 0 0 0 0 0 0 0 0 0 0 0 0 0 0 0 0 0 0 0 0 0 0 0 0 0 0 0 0 0 0 0 0 0 0 0 0 0]
[147319181962260980800387954789445412042316697445992730914537679204866553550868795532402581330610629208980760054045645952530123558877236557131751001417206490 0 0 0 0 0 0 0 0 0 0 1 0 0 0 0 0 0 0 0 0 0 0 0 0 0 0 0 0 0 0 0 0 0 0 0 0 0 0 0 0 0 0 0 0 0 0 0 0 0 0 0]
[1916862548961215519567733607743418470553488783258885672075134474033635312204308195380392968694682785005658554828948810414042651566915581968219052959187549992 0 0 0 0 0 0 0 0 0 0 0 1 0 0 0 0 0 0 0 0 0 0 0 0 0 0 0 0 0 0 0 0 0 0 0 0 0 0 0 0 0 0 0 0 0 0 0 0 0 0 0]
[2136502083552870442678263103233610534943775545234457769858926993350677194276676524500378763158451782717556808386127589224803683773702697733485311738503208857 0 0 0 0 0 0 0 0 0 0 0 0 1 0 0 0 0 0 0 0 0 0 0 0 0 0 0 0 0 0 0 0 0 0 0 0 0 0 0 0 0 0 0 0 0 0 0 0 0 0 0]
[2189341976364608395193718676948036461615037725628399831582087763690604292686757921975436082898201077537551546445181298688997425356679296712854525216540323247 0 0 0 0 0 0 0 0 0 0 0 0 0 1 0 0 0 0 0 0 0 0 0 0 0 0 0 0 0 0 0 0 0 0 0 0 0 0 0 0 0 0 0 0 0 0 0 0 0 0 0]
[2673234419737810411647194718672009090427897291883247806180205416356189740957799916499464530852031224066939133651977751401138238269519994165855947330147466006 0 0 0 0 0 0 0 0 0 0 0 0 0 0 1 0 0 0 0 0 0 0 0 0 0 0 0 0 0 0 0 0 0 0 0 0 0 0 0 0 0 0 0 0 0 0 0 0 0 0 0]
[2416202078408064080725625760110377562217976114750086683133630830517287991874171853997286287315026403480912268735459612683941278838804076332221140386631129414 0 0 0 0 0 0 0 0 0 0 0 0 0 0 0 1 0 0 0 0 0 0 0 0 0 0 0 0 0 0 0 0 0 0 0 0 0 0 0 0 0 0 0 0 0 0 0 0 0 0 0]
[990967027217919081412928968447247664859636309878897354818686554906029016817236347916983302244011775651123136667187629236852136114745950489294321008805349642 0 0 0 0 0 0 0 0 0 0 0 0 0 0 0 0 1 0 0 0 0 0 0 0 0 0 0 0 0 0 0 0 0 0 0 0 0 0 0 0 0 0 0 0 0 0 0 0 0 0 0]
[1896558573055553433831069893994021302176581488949940420132618680566784216592467772937268462548678256988879123594114279797543208601317058896607958183436444750 0 0 0 0 0 0 0 0 0 0 0 0 0 0 0 0 0 1 0 0 0 0 0 0 0 0 0 0 0 0 0 0 0 0 0 0 0 0 0 0 0 0 0 0 0 0 0 0 0 0 0]
[2780313782256511013698138690355328995360298368645919655940690471822489678987089155776902625237795349628133313556782690757182626522149607716144383066630832638 0 0 0 0 0 0 0 0 0 0 0 0 0 0 0 0 0 0 1 0 0 0 0 0 0 0 0 0 0 0 0 0 0 0 0 0 0 0 0 0 0 0 0 0 0 0 0 0 0 0 0]
[1628969429242067064918956715112994713199681341836629238310941253421896127683006013769214167576668591658192066525067205090398240110324512004696101340947682893 0 0 0 0 0 0 0 0 0 0 0 0 0 0 0 0 0 0 0 1 0 0 0 0 0 0 0 0 0 0 0 0 0 0 0 0 0 0 0 0 0 0 0 0 0 0 0 0 0 0 0]
[1597507247271401365519413718542508708860104193780855614944501680567613963836590342081122338363127893173771840006309479375202965483438778151951490639820772138 0 0 0 0 0 0 0 0 0 0 0 0 0 0 0 0 0 0 0 0 1 0 0 0 0 0 0 0 0 0 0 0 0 0 0 0 0 0 0 0 0 0 0 0 0 0 0 0 0 0 0]
[2254574481982448217855283353489185647611046414182044590461020625977873947498907083611705244655887889172215141229398728467199877752672233692573075447170883457 0 0 0 0 0 0 0 0 0 0 0 0 0 0 0 0 0 0 0 0 0 1 0 0 0 0 0 0 0 0 0 0 0 0 0 0 0 0 0 0 0 0 0 0 0 0 0 0 0 0 0]
[2989124069627032342500368927021778182680532467235541901344238485765743890809194554482252819522570338991502954270454271675857303946139781059955794522563817045 0 0 0 0 0 0 0 0 0 0 0 0 0 0 0 0 0 0 0 0 0 0 1 0 0 0 0 0 0 0 0 0 0 0 0 0 0 0 0 0 0 0 0 0 0 0 0 0 0 0 0]
[1758974048961527188962190177614865253236902440089964891851786821897816790277912738589253971360992067774248352770974101630141953462457847459288410032985991890 0 0 0 0 0 0 0 0 0 0 0 0 0 0 0 0 0 0 0 0 0 0 0 1 0 0 0 0 0 0 0 0 0 0 0 0 0 0 0 0 0 0 0 0 0 0 0 0 0 0 0]
[1734606919252675181481925446227245715452896626120075452311616080688671054399509253064126590988785147313269284476246428244349641840759003381832717156162810768 0 0 0 0 0 0 0 0 0 0 0 0 0 0 0 0 0 0 0 0 0 0 0 0 1 0 0 0 0 0 0 0 0 0 0 0 0 0 0 0 0 0 0 0 0 0 0 0 0 0 0]
[2203399990258179588975305395041285176558478461906836644020999098914112813595371966874638772134225781623597853947492774337192009175198315665463168272047573228 0 0 0 0 0 0 0 0 0 0 0 0 0 0 0 0 0 0 0 0 0 0 0 0 0 1 0 0 0 0 0 0 0 0 0 0 0 0 0 0 0 0 0 0 0 0 0 0 0 0 0]
[1647186054659416170517467126008895407552777564822985630706124120154396280661245523772930167574860460198709086492426884695095370319308296088571712332610651225 0 0 0 0 0 0 0 0 0 0 0 0 0 0 0 0 0 0 0 0 0 0 0 0 0 0 1 0 0 0 0 0 0 0 0 0 0 0 0 0 0 0 0 0 0 0 0 0 0 0 0]
[355104223121693306891719663315453475217391624154048602383638605513155590975696093380325701556085973792830489186568410898869077088705933965101451590157678923 0 0 0 0 0 0 0 0 0 0 0 0 0 0 0 0 0 0 0 0 0 0 0 0 0 0 0 1 0 0 0 0 0 0 0 0 0 0 0 0 0 0 0 0 0 0 0 0 0 0 0]
[1509616041137344371052047043295647421977380922865171607335662927677710510937060141669912458878782251031310176729945672035718716600040032353046659219653635779 0 0 0 0 0 0 0 0 0 0 0 0 0 0 0 0 0 0 0 0 0 0 0 0 0 0 0 0 1 0 0 0 0 0 0 0 0 0 0 0 0 0 0 0 0 0 0 0 0 0 0]
[2987751851332758765623959659802699366670091364174530787483805458118779995847296549239352829560715746485089724372224303664881665663972075637531844947257525655 0 0 0 0 0 0 0 0 0 0 0 0 0 0 0 0 0 0 0 0 0 0 0 0 0 0 0 0 0 1 0 0 0 0 0 0 0 0 0 0 0 0 0 0 0 0 0 0 0 0 0]
[1895111959092277464359152772116869571976340780806606422196404931667025908297271472686087238559483117797602830070451970237933605459737939097198284122819807662 0 0 0 0 0 0 0 0 0 0 0 0 0 0 0 0 0 0 0 0 0 0 0 0 0 0 0 0 0 0 1 0 0 0 0 0 0 0 0 0 0 0 0 0 0 0 0 0 0 0 0]
[2756894055771576503664542924992112030892891586168836816500009319685610217114858428868518279698780292938012858506289295810206987774982382078160841863152750663 0 0 0 0 0 0 0 0 0 0 0 0 0 0 0 0 0 0 0 0 0 0 0 0 0 0 0 0 0 0 0 1 0 0 0 0 0 0 0 0 0 0 0 0 0 0 0 0 0 0 0]
[2901371423461392924333854692400890776294666234838538581374183855541977917523356639426942110677722414930280379199092742383538003211936119628465179643654655562 0 0 0 0 0 0 0 0 0 0 0 0 0 0 0 0 0 0 0 0 0 0 0 0 0 0 0 0 0 0 0 0 1 0 0 0 0 0 0 0 0 0 0 0 0 0 0 0 0 0 0]
[2148206259968384463517455531525087849504577471452755424297491684493528293963140364712698080780331053570797942501611043967096840190373559557051700276537525080 0 0 0 0 0 0 0 0 0 0 0 0 0 0 0 0 0 0 0 0 0 0 0 0 0 0 0 0 0 0 0 0 0 1 0 0 0 0 0 0 0 0 0 0 0 0 0 0 0 0 0]
[1548379559235881821960297299455173658712464225402732799394016088697593704990194501796210841814171060895215140507772721186349943574435694910795898791515680496 0 0 0 0 0 0 0 0 0 0 0 0 0 0 0 0 0 0 0 0 0 0 0 0 0 0 0 0 0 0 0 0 0 0 1 0 0 0 0 0 0 0 0 0 0 0 0 0 0 0 0]
[1785925218048069580444777556559407898943863756936867431625088644425792183328281056201968893686428105175635546378632648360719033181174181587601388443638471659 0 0 0 0 0 0 0 0 0 0 0 0 0 0 0 0 0 0 0 0 0 0 0 0 0 0 0 0 0 0 0 0 0 0 0 1 0 0 0 0 0 0 0 0 0 0 0 0 0 0 0]
[2277410104909524830187238520247469182662400772933503581116482195289738617244805663261852869209363545043637808988426027368379113240364383434274552492599729089 0 0 0 0 0 0 0 0 0 0 0 0 0 0 0 0 0 0 0 0 0 0 0 0 0 0 0 0 0 0 0 0 0 0 0 0 1 0 0 0 0 0 0 0 0 0 0 0 0 0 0]
[2705540602971388642275960097326801965913776316448459667701313941801976818395106384877302031605028027348345688115941728548889343865507614685280666397504290467 0 0 0 0 0 0 0 0 0 0 0 0 0 0 0 0 0 0 0 0 0 0 0 0 0 0 0 0 0 0 0 0 0 0 0 0 0 1 0 0 0 0 0 0 0 0 0 0 0 0 0]
[2170288377160770236340428178449149117094393145739397439946388391786742627669975487991355187617219713164583658565681732616255281150893350036929402550039785470 0 0 0 0 0 0 0 0 0 0 0 0 0 0 0 0 0 0 0 0 0 0 0 0 0 0 0 0 0 0 0 0 0 0 0 0 0 0 1 0 0 0 0 0 0 0 0 0 0 0 0]
[697752321189385770979454403412233898346798817332821693045623608378240307459630511036029451321071800683868568306770196116501615923563025035773431502741136831 0 0 0 0 0 0 0 0 0 0 0 0 0 0 0 0 0 0 0 0 0 0 0 0 0 0 0 0 0 0 0 0 0 0 0 0 0 0 0 1 0 0 0 0 0 0 0 0 0 0 0]
[2119511509000567804398091437913978208214000363770423944477186600922182385834785842961384878066031655762169431841692260248289664787737844145538628757484389054 0 0 0 0 0 0 0 0 0 0 0 0 0 0 0 0 0 0 0 0 0 0 0 0 0 0 0 0 0 0 0 0 0 0 0 0 0 0 0 0 1 0 0 0 0 0 0 0 0 0 0]
[925641029951473805742705510065562471958141401447190462127166416952354780641569542908904515168488044069468398226264899069834476962398789542170506940720327174 0 0 0 0 0 0 0 0 0 0 0 0 0 0 0 0 0 0 0 0 0 0 0 0 0 0 0 0 0 0 0 0 0 0 0 0 0 0 0 0 0 1 0 0 0 0 0 0 0 0 0]
[2305223242829736305258817175712422972685794753624909145692761720294141581832333879940377296788421704169721938280950942189329543224884218886736289441316961169 0 0 0 0 0 0 0 0 0 0 0 0 0 0 0 0 0 0 0 0 0 0 0 0 0 0 0 0 0 0 0 0 0 0 0 0 0 0 0 0 0 0 1 0 0 0 0 0 0 0 0]
[2769346249853841414885442207991578294665166127059596424217762089249719408031659309540097361242640389988380350600784949700121757161497674216100800465736639331 0 0 0 0 0 0 0 0 0 0 0 0 0 0 0 0 0 0 0 0 0 0 0 0 0 0 0 0 0 0 0 0 0 0 0 0 0 0 0 0 0 0 0 1 0 0 0 0 0 0 0]
[71450878494691599429500833470783977002630420312805148554226774649345489534173777266299873549703411557052648665453519584287602262741913302395845875086375675 0 0 0 0 0 0 0 0 0 0 0 0 0 0 0 0 0 0 0 0 0 0 0 0 0 0 0 0 0 0 0 0 0 0 0 0 0 0 0 0 0 0 0 0 1 0 0 0 0 0 0]
[2715140533085932400323477603784109395140218807244484305670916118973111442026322822787811648308242137319220096055915141254848094509406228054547544607601978024 0 0 0 0 0 0 0 0 0 0 0 0 0 0 0 0 0 0 0 0 0 0 0 0 0 0 0 0 0 0 0 0 0 0 0 0 0 0 0 0 0 0 0 0 0 1 0 0 0 0 0]
[1617386319706518932359608379637331898136999534549050270172701322850231071614786676996499117949928219388730726149555456326576643111449408096439531392383771430 0 0 0 0 0 0 0 0 0 0 0 0 0 0 0 0 0 0 0 0 0 0 0 0 0 0 0 0 0 0 0 0 0 0 0 0 0 0 0 0 0 0 0 0 0 0 1 0 0 0 0]
[409947712727017754505086373138381448902009609027681451373912927609049559526814500233836616687220370281614562497027482954918009210750662591217857486103828842 0 0 0 0 0 0 0 0 0 0 0 0 0 0 0 0 0 0 0 0 0 0 0 0 0 0 0 0 0 0 0 0 0 0 0 0 0 0 0 0 0 0 0 0 0 0 0 1 0 0 0]
[664321803876457878311437375293748922403056650308945640687801570951559941511070072155630565993999574180802591025976491964501523781200613515702280594954216347 0 0 0 0 0 0 0 0 0 0 0 0 0 0 0 0 0 0 0 0 0 0 0 0 0 0 0 0 0 0 0 0 0 0 0 0 0 0 0 0 0 0 0 0 0 0 0 0 1 0 0]
[1015807910515051659210090627586664789852860054998549048387344543881306290880664487788215252113950033443190212117200685939798124523444410353443911205469740305 0 0 0 0 0 0 0 0 0 0 0 0 0 0 0 0 0 0 0 0 0 0 0 0 0 0 0 0 0 0 0 0 0 0 0 0 0 0 0 0 0 0 0 0 0 0 0 0 0 1 0]
[1686346711469777288201407756348528918263137648878253090987998331766318561268659904984810051087312065750098119756907097628037267572340895428668393838681002991 0 0 0 0 0 0 0 0 0 0 0 0 0 0 0 0 0 0 0 0 0 0 0 0 0 0 0 0 0 0 0 0 0 0 0 0 0 0 0 0 0 0 0 0 0 0 0 0 0 0 1]
]
52 53 2
[1 1 1 1 1 1 1 1 1 1 1 1 1 1 1 1 1 1 1 1 1 1 1 1 1 1 1 1 1 1 1 1 1 1 1 1 1 1 1 1 1 1 1 1 1 1 1 1 1 1 1 1 1]
