[[2658859605662088334834523870188177279925830090736852262312477485426974203324254718506317281508405445194866588465626919017560102657666168591033158720785350577 0 0 0 0 0 0 0 0 0 0 0 0 0 0 0 0 0 0 0 0 0 0 0 0 0 0 0 0 0 0 0 0 0 0 0 0 0 0 0 0 0 0 0 0 0 0 0 0 0 0 0]
[953136740753444661068690976604168625289977647966027773770332962361401929736452287207906162419601565233039900601914652552470288971167889082959528579284551788 1 0 0 0 0 0 0 0 0 0 0 0 0 0 0 0 0 0 0 0 0 0 0 0 0 0 0 0 0 0 0 0 0 0 0 0 0 0 0 0 0 0 0 0 0 0 0 0 0 0 0]
[663791794883114953875135458115300528340056150616078261844145572485006480575908207342603280840952340879588675089864511554176662219665427263635031367534082207 0 1 0 0 0 0 0 0 0 0 0 0 0 0 0 0 0 0 0 0 0 0 0 0 0 0 0 0 0 0 0 0 0 0 0 0 0 0 0 0 0 0 0 0 0 0 0 0 0 0 0]
[2365080831516370642308944643485776136735622151772855779211138428339539790999217123354588105787939417268348178468511546327155657219379340787635054297661065751 0 0 1 0 0 0 0 0 0 0 0 0 0 0 0 0 0 0 0 0 0 0 0 0 0 0 0 0 0 0 0 0 0 0 0 0 0 0 0 0 0 0 0 0 0 0 0 0 0 0 0]
[917473489821932443178880609108184894965050774920069750735024535197446818664615586973687442073913382940680886181784427441243251052747164060067506859576679932 0 0 0 1 0 0 0 0 0 0 0 0 0 0 0 0 0 0 0 0 0 0 0 0 0 0 0 0 0 0 0 0 0 0 0 0 0 0 0 0 0 0 0 0 0 0 0 0 0 0 0]
[181446590243276710526716189580707109076852224634944034917767420432304450831998832711658463619956446056225577254286335989569169300862756652444051078367307188 0 0 0 0 1 0 0 0 0 0 0 0 0 0 0 0 0 0 0 0 0 0 0 0 0 0 0 0 0 0 0 0 0 0 0 0 0 0 0 0 0 0 0 0 0 0 0 0 0 0 0]
[679929753922483804420884117632124758246789090816611228966812248135393920220410330011333688170010281726753422592523218432325111359403211138721435609197449799 0 0 0 0 0 1 0 0 0 0 0 0 0 0 0 0 0 0 0 0 0 0 0 0 0 0 0 0 0 0 0 0 0 0 0 0 0 0 0 0 0 0 0 0 0 0 0 0 0 0 0]
[659108554818660889930582797522448037244113527189355991563951663420296954813353252595610158458021189970327740905825989127929835356813584439673550554817433173 0 0 0 0 0 0 1 0 0 0 0 0 0 0 0 0 0 0 0 0 0 0 0 0 0 0 0 0 0 0 0 0 0 0 0 0 0 0 0 0 0 0 0 0 0 0 0 0 0 0 0]
[2607219551151144282837697005844336513923270993185745776968741100879041050052692043719359797517413072913551772529978431235849867419909783218258759010746538437 0 0 0 0 0 0 0 1 0 0 0 0 0 0 0 0 0 0 0 0 0 0 0 0 0 0 0 0 0 0 0 0 0 0 0 0 0 0 0 0 0 0 0 0 0 0 0 0 0 0 0]
[2451706547521044598527213178582278808728184488765471366416758977768715350543604976369635525845445417273259447206954563591065067988088114388433704969071378625 0 0 0 0 0 0 0 0 1 0 0 0 0 0 0 0 0 0 0 0 0 0 0 0 0 0 0 0 0 0 0 0 0 0 0 0 0 0 0 0 0 0 0 0 0 0 0 0 0 0 0]
[2472327309276298470256034853996195081074628515887744653379363604827064947416875225783741031858654761206054196193956665411863208722163380092519738413233758880 0 0 0 0 0 0 0 0 0 1 0 0 0 0 0 0 0 0 0 0 0 0 0 0 0 0 0 0 0 0 0 0 0 0 0 0 0 0 0 0 0 0 0 0 0 0 0 0 0 0 0]
[522441134176595153490539608908808265114409911510505113799839926021383439594424354836000831057847910003737404727281673174783848213782907776276449113869930687 0 0 0 0 0 0 0 0 0 0 1 0 0 0 0 0 0 0 0 0 0 0 0 0 0 0 0 0 0 0 0 0 0 0 0 0 0 0 0 0 0 0 0 0 0 0 0 0 0 0 0]
[726700245827864798461227633710074467153065947957082390422103237087680070628656428844950326681973838898940160212673982355272258086600403110461356517497300057 0 0 0 0 0 0 0 0 0 0 0 1 0 0 0 0 0 0 0 0 0 0 0 0 0 0 0 0 0 0 0 0 0 0 0 0 0 0 0 0 0 0 0 0 0 0 0 0 0 0 0]
[2452384535990283667065297377451731032274588535743464259844273002983621348940595014957454355497094299166376108020683348394076417870307702587470431853693934205 0 0 0 0 0 0 0 0 0 0 0 0 1 0 0 0 0 0 0 0 0 0 0 0 0 0 0 0 0 0 0 0 0 0 0 0 0 0 0 0 0 0 0 0 0 0 0 0 0 0 0]
[699695488186524436839558042978994629311164874739610138440888063299335543089645912528119667644177926859907122258529266226467094858432662529196701851595655596 0 0 0 0 0 0 0 0 0 0 0 0 0 1 0 0 0 0 0 0 0 0 0 0 0 0 0 0 0 0 0 0 0 0 0 0 0 0 0 0 0 0 0 0 0 0 0 0 0 0 0]
[552186676186094906357919982171604231132174179493670417577132438221046825955906991558448819710099596869801032843755731877251755435725407703604302952928090974 0 0 0 0 0 0 0 0 0 0 0 0 0 0 1 0 0 0 0 0 0 0 0 0 0 0 0 0 0 0 0 0 0 0 0 0 0 0 0 0 0 0 0 0 0 0 0 0 0 0 0]
[2214840663871796219085640535904285796077871554822872201302968348135715459741127686224684521253694083406887036039419215432394816213904889051185222239075559755 0 0 0 0 0 0 0 0 0 0 0 0 0 0 0 1 0 0 0 0 0 0 0 0 0 0 0 0 0 0 0 0 0 0 0 0 0 0 0 0 0 0 0 0 0 0 0 0 0 0 0]
[1814859491861034655732621268222826422221217173082587785961713374926893606681215921011619558106615878905622356013975527451947922079319088012500728560532010783 0 0 0 0 0 0 0 0 0 0 0 0 0 0 0 0 1 0 0 0 0 0 0 0 0 0 0 0 0 0 0 0 0 0 0 0 0 0 0 0 0 0 0 0 0 0 0 0 0 0 0]
[794901406024334155164099628981396341948809446182756482487459174817929384925018127452859858912489064614797983017056358056083985914069032213732262828619700375 0 0 0 0 0 0 0 0 0 0 0 0 0 0 0 0 0 1 0 0 0 0 0 0 0 0 0 0 0 0 0 0 0 0 0 0 0 0 0 0 0 0 0 0 0 0 0 0 0 0 0]
[2254157047640463583529450372216185633901964364826851472076713535565551886746597422965171002845342427413099848125535427002999855495769837353455813626775222247 0 0 0 0 0 0 0 0 0 0 0 0 0 0 0 0 0 0 1 0 0 0 0 0 0 0 0 0 0 0 0 0 0 0 0 0 0 0 0 0 0 0 0 0 0 0 0 0 0 0 0]
[1880685529258752174671526014725256927441221073348879869350546527004558088342683769776799921204696905287044767924790489442602391617715930982898769991427554832 0 0 0 0 0 0 0 0 0 0 0 0 0 0 0 0 0 0 0 1 0 0 0 0 0 0 0 0 0 0 0 0 0 0 0 0 0 0 0 0 0 0 0 0 0 0 0 0 0 0 0]
[2078960475083359780486426936034706550624077980878123253964984855734864558871493728064034334831709841762104243207404635303134527713107086820109879271995771071 0 0 0 0 0 0 0 0 0 0 0 0 0 0 0 0 0 0 0 0 1 0 0 0 0 0 0 0 0 0 0 0 0 0 0 0 0 0 0 0 0 0 0 0 0 0 0 0 0 0 0]
[2453207404602559059601690895589231264713453988502451558707952604359589974217056116716332281776280839072609494413640007956749660728288465318555045261536253275 0 0 0 0 0 0 0 0 0 0 0 0 0 0 0 0 0 0 0 0 0 1 0 0 0 0 0 0 0 0 0 0 0 0 0 0 0 0 0 0 0 0 0 0 0 0 0 0 0 0 0]
[681362322491875859027004469620104099874484085608649790714289002273362197335652395348878698584743649421247584899762361957813718136545233369273602174288280919 0 0 0 0 0 0 0 0 0 0 0 0 0 0 0 0 0 0 0 0 0 0 1 0 0 0 0 0 0 0 0 0 0 0 0 0 0 0 0 0 0 0 0 0 0 0 0 0 0 0 0]
[1412031022216228833592727724918850199682895796115589768545581909687067689185147152882504406732268458879158433923850801646324777306012801278331816506326345784 0 0 0 0 0 0 0 0 0 0 0 0 0 0 0 0 0 0 0 0 0 0 0 1 0 0 0 0 0 0 0 0 0 0 0 0 0 0 0 0 0 0 0 0 0 0 0 0 0 0 0]
[1458968191603586976101543215956709851661556376103962338178085986443021853663916904704619913513358615739887598197009541251725364228326804491517719507861256480 0 0 0 0 0 0 0 0 0 0 0 0 0 0 0 0 0 0 0 0 0 0 0 0 1 0 0 0 0 0 0 0 0 0 0 0 0 0 0 0 0 0 0 0 0 0 0 0 0 0 0]
[31847015579927777401592165013265984949777688411329155124661862106383365785342856660160730036763293429321250126090178298899788884650963372370372412768252991 0 0 0 0 0 0 0 0 0 0 0 0 0 0 0 0 0 0 0 0 0 0 0 0 0 1 0 0 0 0 0 0 0 0 0 0 0 0 0 0 0 0 0 0 0 0 0 0 0 0 0]
[2443831028334960255348484165330136705667932330573397586170235452525019227317919204340335902257288243392621188794780078225352081803574317636621359165193507076 0 0 0 0 0 0 0 0 0 0 0 0 0 0 0 0 0 0 0 0 0 0 0 0 0 0 1 0 0 0 0 0 0 0 0 0 0 0 0 0 0 0 0 0 0 0 0 0 0 0 0]
[2336239697178976776453081011453550885279589716335405682131421765654218466485840144546472043658386541304050294504480855584374137980193353758436897729997027618 0 0 0 0 0 0 0 0 0 0 0 0 0 0 0 0 0 0 0 0 0 0 0 0 0 0 0 1 0 0 0 0 0 0 0 0 0 0 0 0 0 0 0 0 0 0 0 0 0 0 0]
[1140534020232415696357647478543811933524574938080645488170599214751174769162475011507508573532738181608075630637641859740118363956823402391852278623312239421 0 0 0 0 0 0 0 0 0 0 0 0 0 0 0 0 0 0 0 0 0 0 0 0 0 0 0 0 1 0 0 0 0 0 0 0 0 0 0 0 0 0 0 0 0 0 0 0 0 0 0]
[228892484719258047797590206684219257936942830299240301943691868644639650342981614113322408256425164980612613999082230155994353054994005378307546156661421802 0 0 0 0 0 0 0 0 0 0 0 0 0 0 0 0 0 0 0 0 0 0 0 0 0 0 0 0 0 1 0 0 0 0 0 0 0 0 0 0 0 0 0 0 0 0 0 0 0 0 0]
[2454345391609587511423054188996916811495598621066149718451877073009903146249864347534422440554032771808250412800662600444538261320664610602735922373129000814 0 0 0 0 0 0 0 0 0 0 0 0 0 0 0 0 0 0 0 0 0 0 0 0 0 0 0 0 0 0 1 0 0 0 0 0 0 0 0 0 0 0 0 0 0 0 0 0 0 0 0]
[1817263368040915442787604115108068501380069387500318515405474692507917024879696381684761044409713118819016962102177603433147960657111759869437475307769741102 0 0 0 0 0 0 0 0 0 0 0 0 0 0 0 0 0 0 0 0 0 0 0 0 0 0 0 0 0 0 0 1 0 0 0 0 0 0 0 0 0 0 0 0 0 0 0 0 0 0 0]
[1427451786169118147022731004902434857606498691871307105738132913756863900106348040699316613767441711659926895933588406231382273965224998644525067449997819540 0 0 0 0 0 0 0 0 0 0 0 0 0 0 0 0 0 0 0 0 0 0 0 0 0 0 0 0 0 0 0 0 1 0 0 0 0 0 0 0 0 0 0 0 0 0 0 0 0 0 0]
[1913131052068534940878247111295040145572565145367968482810730131279851246272532124236274581648996486288172470911228423613571379252149253061455507201807916475 0 0 0 0 0 0 0 0 0 0 0 0 0 0 0 0 0 0 0 0 0 0 0 0 0 0 0 0 0 0 0 0 0 1 0 0 0 0 0 0 0 0 0 0 0 0 0 0 0 0 0]
[1485188858448110542338086880156527239283657136903124600650998955093921582991361133445907774818151046470526852317322275225665173054418481880135973018542827462 0 0 0 0 0 0 0 0 0 0 0 0 0 0 0 0 0 0 0 0 0 0 0 0 0 0 0 0 0 0 0 0 0 0 1 0 0 0 0 0 0 0 0 0 0 0 0 0 0 0 0]
[1201943111692851033930852833974639588265193952752214691584259419125916098668138939319494711278568872368107756784189693979262574585801011057118117391784803161 0 0 0 0 0 0 0 0 0 0 0 0 0 0 0 0 0 0 0 0 0 0 0 0 0 0 0 0 0 0 0 0 0 0 0 1 0 0 0 0 0 0 0 0 0 0 0 0 0 0 0]
[1075329532059708005332403672972372562795476538702206660154291051226116419082181968321104600020228701670685469970720465168373102306790606489891832779846017979 0 0 0 0 0 0 0 0 0 0 0 0 0 0 0 0 0 0 0 0 0 0 0 0 0 0 0 0 0 0 0 0 0 0 0 0 1 0 0 0 0 0 0 0 0 0 0 0 0 0 0]
[1970975941002281210560780124663370012946009195289898830697819793745831705870425631497691495950674446333514283844717003799173767467142699516881289110508295106 0 0 0 0 0 0 0 0 0 0 0 0 0 0 0 0 0 0 0 0 0 0 0 0 0 0 0 0 0 0 0 0 0 0 0 0 0 1 0 0 0 0 0 0 0 0 0 0 0 0 0]
[269303523073305764248318560903269438341126382684465641195318078842808709346441713600875629784653862035905868558412921336511564543619016765777195368380580343 0 0 0 0 0 0 0 0 0 0 0 0 0 0 0 0 0 0 0 0 0 0 0 0 0 0 0 0 0 0 0 0 0 0 0 0 0 0 1 0 0 0 0 0 0 0 0 0 0 0 0]
[1809012474009953437431427170581214181629371447410291730057252685263053738712949696846219734259566796162861281696834561502520750587792388310641303929125599321 0 0 0 0 0 0 0 0 0 0 0 0 0 0 0 0 0 0 0 0 0 0 0 0 0 0 0 0 0 0 0 0 0 0 0 0 0 0 0 1 0 0 0 0 0 0 0 0 0 0 0]
[1721966396295387463884973383133674798342105398373138534430096557235548770656289476930511798926278114448076664497760524579766010424251960557158381511686335789 0 0 0 0 0 0 0 0 0 0 0 0 0 0 0 0 0 0 0 0 0 0 0 0 0 0 0 0 0 0 0 0 0 0 0 0 0 0 0 0 1 0 0 0 0 0 0 0 0 0 0]
[627979723667655460589634091568634228035701069908347443122073719427708991780182666077653015472179375309459506103843669714022759974413851233916483114142916904 0 0 0 0 0 0 0 0 0 0 0 0 0 0 0 0 0 0 0 0 0 0 0 0 0 0 0 0 0 0 0 0 0 0 0 0 0 0 0 0 0 1 0 0 0 0 0 0 0 0 0]
[1239728612467085221445757073729306537841959953753569514135913608324177236710169745790741532714877989288139265608022001667816936241347980051971062120505969680 0 0 0 0 0 0 0 0 0 0 0 0 0 0 0 0 0 0 0 0 0 0 0 0 0 0 0 0 0 0 0 0 0 0 0 0 0 0 0 0 0 0 1 0 0 0 0 0 0 0 0]
[2041178775937174141449887352582641087821143784720533100158676626483485068354184421631770802935422895235120121203818809151146393225641446165494793004575981275 0 0 0 0 0 0 0 0 0 0 0 0 0 0 0 0 0 0 0 0 0 0 0 0 0 0 0 0 0 0 0 0 0 0 0 0 0 0 0 0 0 0 0 1 0 0 0 0 0 0 0]
[1113995411186816965412026869637332202761862273563017640331476258755997433497586251248172501920684362085898485542193202179573201132459407284830151944100197976 0 0 0 0 0 0 0 0 0 0 0 0 0 0 0 0 0 0 0 0 0 0 0 0 0 0 0 0 0 0 0 0 0 0 0 0 0 0 0 0 0 0 0 0 1 0 0 0 0 0 0]
[1026609552650280048276977263507538921923845242874926145285513058700049691616862920148684031940711377970972148329111712633555372651677674072978304962043510972 0 0 0 0 0 0 0 0 0 0 0 0 0 0 0 0 0 0 0 0 0 0 0 0 0 0 0 0 0 0 0 0 0 0 0 0 0 0 0 0 0 0 0 0 0 1 0 0 0 0 0]
[461024168596729726036083416036972866526385785797795001817180014770471579160377072234783650798357545585197028014145317737813095908831754843635379946532093356 0 0 0 0 0 0 0 0 0 0 0 0 0 0 0 0 0 0 0 0 0 0 0 0 0 0 0 0 0 0 0 0 0 0 0 0 0 0 0 0 0 0 0 0 0 0 1 0 0 0 0]
[1046160355467587457562689607805200924616858705837537225904005222423717310819710700582375484052514200007971462527226768490272559336157716779960703055138692944 0 0 0 0 0 0 0 0 0 0 0 0 0 0 0 0 0 0 0 0 0 0 0 0 0 0 0 0 0 0 0 0 0 0 0 0 0 0 0 0 0 0 0 0 0 0 0 1 0 0 0]
[1292696419668184309837293559863999316908077923206039168798656737293595658043664405616890566779440825951664178255718914623029328768929506609563491386684351917 0 0 0 0 0 0 0 0 0 0 0 0 0 0 0 0 0 0 0 0 0 0 0 0 0 0 0 0 0 0 0 0 0 0 0 0 0 0 0 0 0 0 0 0 0 0 0 0 1 0 0]
[813892078323255029348603556194335049582682838954718527693775459610014164500244665915408173903842601512567538136430337028954018946841619959888108647129048775 0 0 0 0 0 0 0 0 0 0 0 0 0 0 0 0 0 0 0 0 0 0 0 0 0 0 0 0 0 0 0 0 0 0 0 0 0 0 0 0 0 0 0 0 0 0 0 0 0 1 0]
[96781618829305692716092352801122754469397679399757288008047369707331433282843851914905599325430994259754152356006433980571637585773671510236118758898074619 0 0 0 0 0 0 0 0 0 0 0 0 0 0 0 0 0 0 0 0 0 0 0 0 0 0 0 0 0 0 0 0 0 0 0 0 0 0 0 0 0 0 0 0 0 0 0 0 0 0 1]
]
52 53 8
[1 1 1 1 1 1 1 1 1 1 1 1 1 1 1 1 1 1 1 1 1 1 1 1 1 1 1 1 1 1 1 1 1 1 1 1 1 1 1 1 1 1 1 1 1 1 1 1 1 1 1 1 1]
