[[2848472683989243543591566814150779014201292169166051761317459281927039841712374265182030315929056297787535316077475319279471110146743874544084527199987145009 0 0 0 0 0 0 0 0 0 0 0 0 0 0 0 0 0 0 0 0 0 0 0 0 0 0 0 0 0 0 0 0 0 0 0 0 0 0 0 0 0 0 0 0 0 0 0 0 0 0 0]
[820666848373646597591715406836001424457662441993801038425576013631668132945585595424247090994593320618200655572677420784706357091944304350048080573729091590 1 0 0 0 0 0 0 0 0 0 0 0 0 0 0 0 0 0 0 0 0 0 0 0 0 0 0 0 0 0 0 0 0 0 0 0 0 0 0 0 0 0 0 0 0 0 0 0 0 0 0]
[2792043093402073348132970156742855420737780403805771836130371765383623059965343896705794662669000951964845159645843105704710818437594948668531828331749171026 0 1 0 0 0 0 0 0 0 0 0 0 0 0 0 0 0 0 0 0 0 0 0 0 0 0 0 0 0 0 0 0 0 0 0 0 0 0 0 0 0 0 0 0 0 0 0 0 0 0 0]
[198996942221746364841192872467576935163227537977777638471120196170911001673942309199165138388796704543891227205674398505017972071592256716900936777271258266 0 0 1 0 0 0 0 0 0 0 0 0 0 0 0 0 0 0 0 0 0 0 0 0 0 0 0 0 0 0 0 0 0 0 0 0 0 0 0 0 0 0 0 0 0 0 0 0 0 0 0]
[683483823721030820666780041899774212859304407397071720959461066019051266160212413527421494435861892079384265824350595364126237970794454503990200239060094662 0 0 0 1 0 0 0 0 0 0 0 0 0 0 0 0 0 0 0 0 0 0 0 0 0 0 0 0 0 0 0 0 0 0 0 0 0 0 0 0 0 0 0 0 0 0 0 0 0 0 0]
[953689938979429861567166126174482548640634898023307903882761808718001099043151001762830574606653683460210677576360877688134651086050722518043445437031334943 0 0 0 0 1 0 0 0 0 0 0 0 0 0 0 0 0 0 0 0 0 0 0 0 0 0 0 0 0 0 0 0 0 0 0 0 0 0 0 0 0 0 0 0 0 0 0 0 0 0 0]
[414242556379897194785501454058580582811899457453161180286457270574792606649219908677858616568467135816943028391959954226639074021221297484098188100402477599 0 0 0 0 0 1 0 0 0 0 0 0 0 0 0 0 0 0 0 0 0 0 0 0 0 0 0 0 0 0 0 0 0 0 0 0 0 0 0 0 0 0 0 0 0 0 0 0 0 0 0]
[1861155471594461996229414869228840281514028638166870000298842633140649690366104692978699077497072873131476411637343656763655855904466510792529840868316316191 0 0 0 0 0 0 1 0 0 0 0 0 0 0 0 0 0 0 0 0 0 0 0 0 0 0 0 0 0 0 0 0 0 0 0 0 0 0 0 0 0 0 0 0 0 0 0 0 0 0 0]
[1964173169402588133441536971137156289716445308928785947015873052025075178566959253858350298344497614468305510237672817507606179898115256078890948045223971238 0 0 0 0 0 0 0 1 0 0 0 0 0 0 0 0 0 0 0 0 0 0 0 0 0 0 0 0 0 0 0 0 0 0 0 0 0 0 0 0 0 0 0 0 0 0 0 0 0 0 0]
[2754975270213500757435276687365714069969466927288764785213923453583582938783026296293805214946978102802170946264670765902320906403443960228365650403416947942 0 0 0 0 0 0 0 0 1 0 0 0 0 0 0 0 0 0 0 0 0 0 0 0 0 0 0 0 0 0 0 0 0 0 0 0 0 0 0 0 0 0 0 0 0 0 0 0 0 0 0]
[637078225558665534741915028541882383350870803220175259223206406310643037062738455006512049532208737474203755207954857859518573731109516293479657470631878653 0 0 0 0 0 0 0 0 0 1 0 0 0 0 0 0 0 0 0 0 0 0 0 0 0 0 0 0 0 0 0 0 0 0 0 0 0 0 0 0 0 0 0 0 0 0 0 0 0 0 0]
[398882859344238985099656098356970468052412303344506314622097415356261074135351169570915671812371418678689323247587360496870656526868619865789960786227342161 0 0 0 0 0 0 0 0 0 0 1 0 0 0 0 0 0 0 0 0 0 0 0 0 0 0 0 0 0 0 0 0 0 0 0 0 0 0 0 0 0 0 0 0 0 0 0 0 0 0 0]
[429881974455053005438881160430121997365755134769084636161272961518595397794582189960080805231942632903658075654631762725006085758084219630462688902089286124 0 0 0 0 0 0 0 0 0 0 0 1 0 0 0 0 0 0 0 0 0 0 0 0 0 0 0 0 0 0 0 0 0 0 0 0 0 0 0 0 0 0 0 0 0 0 0 0 0 0 0]
[1069403404820837974046964398356689276550482027534239194774687922530708737552079621569588195620901054090852684234476942551229493892461464507210933810017357571 0 0 0 0 0 0 0 0 0 0 0 0 1 0 0 0 0 0 0 0 0 0 0 0 0 0 0 0 0 0 0 0 0 0 0 0 0 0 0 0 0 0 0 0 0 0 0 0 0 0 0]
[738871592076374943420470303395210647260939000755091116888840033106950711387844210019777709899307297163277766976281922668082379601032210091900977558517602198 0 0 0 0 0 0 0 0 0 0 0 0 0 1 0 0 0 0 0 0 0 0 0 0 0 0 0 0 0 0 0 0 0 0 0 0 0 0 0 0 0 0 0 0 0 0 0 0 0 0 0]
[2530825853449556586604725718084508278996845601984603211833961435171586425455618889803712896842498789510424899108470109740002082861393956463491077537385015642 0 0 0 0 0 0 0 0 0 0 0 0 0 0 1 0 0 0 0 0 0 0 0 0 0 0 0 0 0 0 0 0 0 0 0 0 0 0 0 0 0 0 0 0 0 0 0 0 0 0 0]
[2776165536977897515181622968794915845981003354842367438522927397474148575023686475875340321171564212275178880287431618536245627537436385388372491564389378615 0 0 0 0 0 0 0 0 0 0 0 0 0 0 0 1 0 0 0 0 0 0 0 0 0 0 0 0 0 0 0 0 0 0 0 0 0 0 0 0 0 0 0 0 0 0 0 0 0 0 0]
[761293447386190593052681854276813728432275224054891426942912880427958386429375437364860796004089481451617348135389377244072691077412266522675895557184897514 0 0 0 0 0 0 0 0 0 0 0 0 0 0 0 0 1 0 0 0 0 0 0 0 0 0 0 0 0 0 0 0 0 0 0 0 0 0 0 0 0 0 0 0 0 0 0 0 0 0 0]
[1494169955872907129388930510709097535378722232066661642953436858503002713835120867734649169858714977616050204411317668105915916795800185980593264082426711651 0 0 0 0 0 0 0 0 0 0 0 0 0 0 0 0 0 1 0 0 0 0 0 0 0 0 0 0 0 0 0 0 0 0 0 0 0 0 0 0 0 0 0 0 0 0 0 0 0 0 0]
[1576763352606964521750761900353316682962217577173079899860962694923318172617527126665596149758755755150043535237299546033665485000338466515543566874720020322 0 0 0 0 0 0 0 0 0 0 0 0 0 0 0 0 0 0 1 0 0 0 0 0 0 0 0 0 0 0 0 0 0 0 0 0 0 0 0 0 0 0 0 0 0 0 0 0 0 0 0]
[1064649714236402688696764664379642569719233974267086061957859640268911102294540512022656350326774441144141465529668600220355229136508995475133255043544647486 0 0 0 0 0 0 0 0 0 0 0 0 0 0 0 0 0 0 0 1 0 0 0 0 0 0 0 0 0 0 0 0 0 0 0 0 0 0 0 0 0 0 0 0 0 0 0 0 0 0 0]
[821243735964081238221397074324392200356370990056736046038364750567434853160923825152065468771428581198811372505971122388739056164218382001966048183991906537 0 0 0 0 0 0 0 0 0 0 0 0 0 0 0 0 0 0 0 0 1 0 0 0 0 0 0 0 0 0 0 0 0 0 0 0 0 0 0 0 0 0 0 0 0 0 0 0 0 0 0]
[2648916899340947695547748487503424487741055386683455941498578720753923453793089857541855103967329406315285469395343537967381892113242238326545393040504288295 0 0 0 0 0 0 0 0 0 0 0 0 0 0 0 0 0 0 0 0 0 1 0 0 0 0 0 0 0 0 0 0 0 0 0 0 0 0 0 0 0 0 0 0 0 0 0 0 0 0 0]
[748267385413781813681749493829249808438078587376215435465608226299840829717591658651471337679260479555849837633749741679407805530730257421375464605493640706 0 0 0 0 0 0 0 0 0 0 0 0 0 0 0 0 0 0 0 0 0 0 1 0 0 0 0 0 0 0 0 0 0 0 0 0 0 0 0 0 0 0 0 0 0 0 0 0 0 0 0]
[1608036493349218130559953251933998164520546160336854322021511916194452304441967728411664066691097459374901100704645991422682976388534461163490187936615419644 0 0 0 0 0 0 0 0 0 0 0 0 0 0 0 0 0 0 0 0 0 0 0 1 0 0 0 0 0 0 0 0 0 0 0 0 0 0 0 0 0 0 0 0 0 0 0 0 0 0 0]
[1543347952515266420731372238184639895410736812523695881188614343851669590670304702046973628976520187768796582402872289587194665749622877572730708327354145350 0 0 0 0 0 0 0 0 0 0 0 0 0 0 0 0 0 0 0 0 0 0 0 0 1 0 0 0 0 0 0 0 0 0 0 0 0 0 0 0 0 0 0 0 0 0 0 0 0 0 0]
[2464351573585962959538039491458287413382620105604380922547565235412947636310633778180932026078405077548858806563212540616702039822291463330835008044297488975 0 0 0 0 0 0 0 0 0 0 0 0 0 0 0 0 0 0 0 0 0 0 0 0 0 1 0 0 0 0 0 0 0 0 0 0 0 0 0 0 0 0 0 0 0 0 0 0 0 0 0]
[290360108798847888867409206705382203533874152217420685994484408260867868202502189006977713651167338646068495893264905495281994495666546427884636582148393058 0 0 0 0 0 0 0 0 0 0 0 0 0 0 0 0 0 0 0 0 0 0 0 0 0 0 1 0 0 0 0 0 0 0 0 0 0 0 0 0 0 0 0 0 0 0 0 0 0 0 0]
[1259242596767677525773985149828026109222602610794214126106514238485804428600088739697104846288849724249198101554636414606719515239496817359263735802172445847 0 0 0 0 0 0 0 0 0 0 0 0 0 0 0 0 0 0 0 0 0 0 0 0 0 0 0 1 0 0 0 0 0 0 0 0 0 0 0 0 0 0 0 0 0 0 0 0 0 0 0]
[2475322763497494973284093553438459540878935039871812391277082147156333458349393168939556866966133162371012964279476700068168177294108502076362127558134508777 0 0 0 0 0 0 0 0 0 0 0 0 0 0 0 0 0 0 0 0 0 0 0 0 0 0 0 0 1 0 0 0 0 0 0 0 0 0 0 0 0 0 0 0 0 0 0 0 0 0 0]
[1782796904671858756879358356192793570699839687969337531046470256285836346673116754492254883346041439941993204203646567216749118716864847836387482916284094428 0 0 0 0 0 0 0 0 0 0 0 0 0 0 0 0 0 0 0 0 0 0 0 0 0 0 0 0 0 1 0 0 0 0 0 0 0 0 0 0 0 0 0 0 0 0 0 0 0 0 0]
[858643225341817227330860005235956798229058006283275939838602749856488120833607649408267135303482491074577877656291904220793582164248153562825784462236890919 0 0 0 0 0 0 0 0 0 0 0 0 0 0 0 0 0 0 0 0 0 0 0 0 0 0 0 0 0 0 1 0 0 0 0 0 0 0 0 0 0 0 0 0 0 0 0 0 0 0 0]
[2068276171860895677053261058123636921980052640807014354854384124199568073809023949703883106607295489611055462730850382291292054391137398058934706811091259737 0 0 0 0 0 0 0 0 0 0 0 0 0 0 0 0 0 0 0 0 0 0 0 0 0 0 0 0 0 0 0 1 0 0 0 0 0 0 0 0 0 0 0 0 0 0 0 0 0 0 0]
[2329046124260789701149161121790426953717090840339355065359510772971264442988524023144925962520273646520010561121006809159484879945680285743216754703040305716 0 0 0 0 0 0 0 0 0 0 0 0 0 0 0 0 0 0 0 0 0 0 0 0 0 0 0 0 0 0 0 0 1 0 0 0 0 0 0 0 0 0 0 0 0 0 0 0 0 0 0]
[1278238175113473174487894717363180995466128328126191620160805781271693176298927358501954210482401357915670848403455700516437155566920244950024862939250919265 0 0 0 0 0 0 0 0 0 0 0 0 0 0 0 0 0 0 0 0 0 0 0 0 0 0 0 0 0 0 0 0 0 1 0 0 0 0 0 0 0 0 0 0 0 0 0 0 0 0 0]
[1466031692736239256220141972596083238488383619299997953989242064370616020142808946506720970344962144692985096507688354023481156285560259599835458840828511904 0 0 0 0 0 0 0 0 0 0 0 0 0 0 0 0 0 0 0 0 0 0 0 0 0 0 0 0 0 0 0 0 0 0 1 0 0 0 0 0 0 0 0 0 0 0 0 0 0 0 0]
[340614798183423966944158573976170560462287226353843505795443629507352247580760565748952979351277022010752752190895232927864329475273554982768213994259703434 0 0 0 0 0 0 0 0 0 0 0 0 0 0 0 0 0 0 0 0 0 0 0 0 0 0 0 0 0 0 0 0 0 0 0 1 0 0 0 0 0 0 0 0 0 0 0 0 0 0 0]
[1329368506536088051649352213177152898923225149015426054013844734051075107739573169779006053882902104374127215066460726501507748952081134644638047425581091342 0 0 0 0 0 0 0 0 0 0 0 0 0 0 0 0 0 0 0 0 0 0 0 0 0 0 0 0 0 0 0 0 0 0 0 0 1 0 0 0 0 0 0 0 0 0 0 0 0 0 0]
[340181627184515130895151514105544625125806113047609904268602172701493502537166300330862133472245401000649124272265907239354586712451701338632992643358942319 0 0 0 0 0 0 0 0 0 0 0 0 0 0 0 0 0 0 0 0 0 0 0 0 0 0 0 0 0 0 0 0 0 0 0 0 0 1 0 0 0 0 0 0 0 0 0 0 0 0 0]
[1663318096551116505708111960415173543842285627246120392317643860458706499582245171551314747216494538338469055614219291765100307206710578670820646690782435240 0 0 0 0 0 0 0 0 0 0 0 0 0 0 0 0 0 0 0 0 0 0 0 0 0 0 0 0 0 0 0 0 0 0 0 0 0 0 1 0 0 0 0 0 0 0 0 0 0 0 0]
[2318739101735618843776449311987221945913170929739450401515629432270430517246306816521053717773982864329802145830241372631270517200175981755481107889403196643 0 0 0 0 0 0 0 0 0 0 0 0 0 0 0 0 0 0 0 0 0 0 0 0 0 0 0 0 0 0 0 0 0 0 0 0 0 0 0 1 0 0 0 0 0 0 0 0 0 0 0]
[1322711568000701964757559575928994415489609452974112255556859989388350858946370731027211617851980477445048282790170391174616429655725810776859720196139215687 0 0 0 0 0 0 0 0 0 0 0 0 0 0 0 0 0 0 0 0 0 0 0 0 0 0 0 0 0 0 0 0 0 0 0 0 0 0 0 0 1 0 0 0 0 0 0 0 0 0 0]
[1239545935051953232174032071378610664835899400029680151026710754954830951844222191515038106165585912160760601632879488083828571539531990119591585919378640740 0 0 0 0 0 0 0 0 0 0 0 0 0 0 0 0 0 0 0 0 0 0 0 0 0 0 0 0 0 0 0 0 0 0 0 0 0 0 0 0 0 1 0 0 0 0 0 0 0 0 0]
[2748768654082149302804478908056831169820020780555252790218822776354033835415406300975458704642898634569426483659415076998903782575520435337327602069069106055 0 0 0 0 0 0 0 0 0 0 0 0 0 0 0 0 0 0 0 0 0 0 0 0 0 0 0 0 0 0 0 0 0 0 0 0 0 0 0 0 0 0 1 0 0 0 0 0 0 0 0]
[2169954284809309523122908159748388274356272533498516191709717250179825503972601093171434047597652970355283656920467584769301648416245783620668048448198863944 0 0 0 0 0 0 0 0 0 0 0 0 0 0 0 0 0 0 0 0 0 0 0 0 0 0 0 0 0 0 0 0 0 0 0 0 0 0 0 0 0 0 0 1 0 0 0 0 0 0 0]
[91631015638524174464593144630946074335081363031966753792616404706433139122183707093014770803640946752571764087437102104680857335289141350288556528043903687 0 0 0 0 0 0 0 0 0 0 0 0 0 0 0 0 0 0 0 0 0 0 0 0 0 0 0 0 0 0 0 0 0 0 0 0 0 0 0 0 0 0 0 0 1 0 0 0 0 0 0]
[1856425995814354856886770466563188678644195180286059153936351398931514324347694887356199587238492901366786546999827806005612391216726205474323019830375200763 0 0 0 0 0 0 0 0 0 0 0 0 0 0 0 0 0 0 0 0 0 0 0 0 0 0 0 0 0 0 0 0 0 0 0 0 0 0 0 0 0 0 0 0 0 1 0 0 0 0 0]
[558849744307758504657903092686164919268266190905063801983776385648312908883769203406214235821933591149883543574496855967837732276788958324489353576766056982 0 0 0 0 0 0 0 0 0 0 0 0 0 0 0 0 0 0 0 0 0 0 0 0 0 0 0 0 0 0 0 0 0 0 0 0 0 0 0 0 0 0 0 0 0 0 1 0 0 0 0]
[2409244863861519371747590379143587004862272936731853737561842576134624180982125260413872692693227654352571988087976208432464146337716921552087398389332460332 0 0 0 0 0 0 0 0 0 0 0 0 0 0 0 0 0 0 0 0 0 0 0 0 0 0 0 0 0 0 0 0 0 0 0 0 0 0 0 0 0 0 0 0 0 0 0 1 0 0 0]
[489339313277564225477175417803111171292636157105839781515575078703130028326917215648178342400264707090129715071319177811810097967768982932556633627611959537 0 0 0 0 0 0 0 0 0 0 0 0 0 0 0 0 0 0 0 0 0 0 0 0 0 0 0 0 0 0 0 0 0 0 0 0 0 0 0 0 0 0 0 0 0 0 0 0 1 0 0]
[2143111222936582481951728223977162668897582224176387693917641431304111428300142187140162984991388048944745105758890517427468237612888900222799123450811665750 0 0 0 0 0 0 0 0 0 0 0 0 0 0 0 0 0 0 0 0 0 0 0 0 0 0 0 0 0 0 0 0 0 0 0 0 0 0 0 0 0 0 0 0 0 0 0 0 0 1 0]
[420425398258978994892467759353941834390435150922875351251290131689314586947049636507827445824783937533758512847896472314238896042826561023148265761063014225 0 0 0 0 0 0 0 0 0 0 0 0 0 0 0 0 0 0 0 0 0 0 0 0 0 0 0 0 0 0 0 0 0 0 0 0 0 0 0 0 0 0 0 0 0 0 0 0 0 0 1]
]
52 53 6
[1 1 1 1 1 1 1 1 1 1 1 1 1 1 1 1 1 1 1 1 1 1 1 1 1 1 1 1 1 1 1 1 1 1 1 1 1 1 1 1 1 1 1 1 1 1 1 1 1 1 1 1 1]
