[[2442587291671478253651550547648795743507593168840543902349188883978153295308792563516949117540419456684026102273305761809359000204360404582602107933392628047 0 0 0 0 0 0 0 0 0 0 0 0 0 0 0 0 0 0 0 0 0 0 0 0 0 0 0 0 0 0 0 0 0 0 0 0 0 0 0 0 0 0 0 0 0 0 0 0 0 0 0]
[932375557827323626273378421771723855217422139137315635974950875914593246307466524457415003427176322243420738396747002706583185992880381793799002579437000727 1 0 0 0 0 0 0 0 0 0 0 0 0 0 0 0 0 0 0 0 0 0 0 0 0 0 0 0 0 0 0 0 0 0 0 0 0 0 0 0 0 0 0 0 0 0 0 0 0 0 0]
[2291276227538601461615848615774402451600185297643448005539306076620398434075620140225510303632400946785140563952147400666338522072663091517773056495759782210 0 1 0 0 0 0 0 0 0 0 0 0 0 0 0 0 0 0 0 0 0 0 0 0 0 0 0 0 0 0 0 0 0 0 0 0 0 0 0 0 0 0 0 0 0 0 0 0 0 0 0]
[396925571008898294227475328222668831786756265035220648789976762790071204937417832697905570297956761100042170708964544441388827181289060070859933432202276621 0 0 1 0 0 0 0 0 0 0 0 0 0 0 0 0 0 0 0 0 0 0 0 0 0 0 0 0 0 0 0 0 0 0 0 0 0 0 0 0 0 0 0 0 0 0 0 0 0 0 0]
[1116620121617751392705664445634910094249328637998364793484652913656900084401082522575764818173320811763250208397435916717816808294521594236645490665851821833 0 0 0 1 0 0 0 0 0 0 0 0 0 0 0 0 0 0 0 0 0 0 0 0 0 0 0 0 0 0 0 0 0 0 0 0 0 0 0 0 0 0 0 0 0 0 0 0 0 0 0]
[1317339835349755882251486780376497303674827294493342506746963833443387527942686186251028761517643547122706466670984289886714317358082312410015618210051332126 0 0 0 0 1 0 0 0 0 0 0 0 0 0 0 0 0 0 0 0 0 0 0 0 0 0 0 0 0 0 0 0 0 0 0 0 0 0 0 0 0 0 0 0 0 0 0 0 0 0 0]
[239470053610533183496108670301347319708722849357218892180942977877970502669933378024418833437258160548375958062868868140356648977028861246962682210928790750 0 0 0 0 0 1 0 0 0 0 0 0 0 0 0 0 0 0 0 0 0 0 0 0 0 0 0 0 0 0 0 0 0 0 0 0 0 0 0 0 0 0 0 0 0 0 0 0 0 0 0]
[2190321156466650519495068229579075736862222571402627812794040461579867097299282968709218933893906674186047724987357381718389518154227793428650876924787776950 0 0 0 0 0 0 1 0 0 0 0 0 0 0 0 0 0 0 0 0 0 0 0 0 0 0 0 0 0 0 0 0 0 0 0 0 0 0 0 0 0 0 0 0 0 0 0 0 0 0 0]
[1491098388299771199037050179472910932783423856628101626160212498633160152036176207993766871006171918945370043067688337089873453963015461446285525226174389108 0 0 0 0 0 0 0 1 0 0 0 0 0 0 0 0 0 0 0 0 0 0 0 0 0 0 0 0 0 0 0 0 0 0 0 0 0 0 0 0 0 0 0 0 0 0 0 0 0 0 0]
[1456625409574054456400108712610396356438962938312160744456395279438419151186678278473397371578509680230570013618432538577722700270434475247986344440986597885 0 0 0 0 0 0 0 0 1 0 0 0 0 0 0 0 0 0 0 0 0 0 0 0 0 0 0 0 0 0 0 0 0 0 0 0 0 0 0 0 0 0 0 0 0 0 0 0 0 0 0]
[486331679613496041758129936561439824647850772753840502295272199201818978006737642340219420078624275236101133259346776961692790957044836941068643494227479318 0 0 0 0 0 0 0 0 0 1 0 0 0 0 0 0 0 0 0 0 0 0 0 0 0 0 0 0 0 0 0 0 0 0 0 0 0 0 0 0 0 0 0 0 0 0 0 0 0 0 0]
[1060555132749214794002286449972234856987871407026296428014807472258087573193916234388973902173064834689019882488317688785005095943218559136003431086092423120 0 0 0 0 0 0 0 0 0 0 1 0 0 0 0 0 0 0 0 0 0 0 0 0 0 0 0 0 0 0 0 0 0 0 0 0 0 0 0 0 0 0 0 0 0 0 0 0 0 0 0]
[1768913799883237037198693603212228946006588591432607566693074729444351028258229412658265245057660492789658974338100773663650710435180132932820071568331750085 0 0 0 0 0 0 0 0 0 0 0 1 0 0 0 0 0 0 0 0 0 0 0 0 0 0 0 0 0 0 0 0 0 0 0 0 0 0 0 0 0 0 0 0 0 0 0 0 0 0 0]
[2139718640029968298054432840120556020725864739261854129608007208979067761289879209025792785036348151369070625935581712282044134027082946524838913763991154421 0 0 0 0 0 0 0 0 0 0 0 0 1 0 0 0 0 0 0 0 0 0 0 0 0 0 0 0 0 0 0 0 0 0 0 0 0 0 0 0 0 0 0 0 0 0 0 0 0 0 0]
[55624338743624779878596300737601818304604386864243223796665434505218649985086076880564318141796306450107056459472791252465847619275450236256041988483249688 0 0 0 0 0 0 0 0 0 0 0 0 0 1 0 0 0 0 0 0 0 0 0 0 0 0 0 0 0 0 0 0 0 0 0 0 0 0 0 0 0 0 0 0 0 0 0 0 0 0 0]
[899602233852366500762463229023138537872313110417666522299771918489871806378870833507269632764777466433266535990621873058546507559098776914025141802624804239 0 0 0 0 0 0 0 0 0 0 0 0 0 0 1 0 0 0 0 0 0 0 0 0 0 0 0 0 0 0 0 0 0 0 0 0 0 0 0 0 0 0 0 0 0 0 0 0 0 0 0]
[721911572124750029392465773607744570656099553396699550958546562953122877205694634522008145879970450940851057514662726709722907267351777858348876896376990185 0 0 0 0 0 0 0 0 0 0 0 0 0 0 0 1 0 0 0 0 0 0 0 0 0 0 0 0 0 0 0 0 0 0 0 0 0 0 0 0 0 0 0 0 0 0 0 0 0 0 0]
[1555629504217844711061245794941769948903421470117830841639697396811068580343893148670501570969907079875215752016513467627350963814068578629685078306749216188 0 0 0 0 0 0 0 0 0 0 0 0 0 0 0 0 1 0 0 0 0 0 0 0 0 0 0 0 0 0 0 0 0 0 0 0 0 0 0 0 0 0 0 0 0 0 0 0 0 0 0]
[1006990573229715389307885270548112498900309013084412649306563536401504171234532765130021645573152587892291659441780720151796924163371657972900803316097712637 0 0 0 0 0 0 0 0 0 0 0 0 0 0 0 0 0 1 0 0 0 0 0 0 0 0 0 0 0 0 0 0 0 0 0 0 0 0 0 0 0 0 0 0 0 0 0 0 0 0 0]
[496134403077462543677714284634461979900558136522603621923801378990015828547211800486079940557221495974669539254690415300443078204820701037678102761565374668 0 0 0 0 0 0 0 0 0 0 0 0 0 0 0 0 0 0 1 0 0 0 0 0 0 0 0 0 0 0 0 0 0 0 0 0 0 0 0 0 0 0 0 0 0 0 0 0 0 0 0]
[748272290692632073657353727261337859994031466607441991051968355416993764844242197558139280538257054366440852136616763426027766959219879839601128966419516471 0 0 0 0 0 0 0 0 0 0 0 0 0 0 0 0 0 0 0 1 0 0 0 0 0 0 0 0 0 0 0 0 0 0 0 0 0 0 0 0 0 0 0 0 0 0 0 0 0 0 0]
[2059966253672250675992319257187273766585059738150994893015060151534696381469219511354381336512327695096640320889377316483301821599624299301921737358331172073 0 0 0 0 0 0 0 0 0 0 0 0 0 0 0 0 0 0 0 0 1 0 0 0 0 0 0 0 0 0 0 0 0 0 0 0 0 0 0 0 0 0 0 0 0 0 0 0 0 0 0]
[75926360643948392773978857336044902153274560387353725691364875188131182812224251478786410322741727578615121742290308486921366947804747677155252195942130687 0 0 0 0 0 0 0 0 0 0 0 0 0 0 0 0 0 0 0 0 0 1 0 0 0 0 0 0 0 0 0 0 0 0 0 0 0 0 0 0 0 0 0 0 0 0 0 0 0 0 0]
[477008343998726480405846492862005830729503548769103300162670841255265184741954361989002574620716805882920609370821114274432683280690254508342111870987599254 0 0 0 0 0 0 0 0 0 0 0 0 0 0 0 0 0 0 0 0 0 0 1 0 0 0 0 0 0 0 0 0 0 0 0 0 0 0 0 0 0 0 0 0 0 0 0 0 0 0 0]
[130440126407573093677841363930528154025567323921712178527417089833299865651420009784764674394530842588069235655682429952110405286074665090164966628790141747 0 0 0 0 0 0 0 0 0 0 0 0 0 0 0 0 0 0 0 0 0 0 0 1 0 0 0 0 0 0 0 0 0 0 0 0 0 0 0 0 0 0 0 0 0 0 0 0 0 0 0]
[1408637216945160973074985356741670788794398613593567951017643574759583545957339142426199741914800379740197282831143961802604400151471415067778996317531132824 0 0 0 0 0 0 0 0 0 0 0 0 0 0 0 0 0 0 0 0 0 0 0 0 1 0 0 0 0 0 0 0 0 0 0 0 0 0 0 0 0 0 0 0 0 0 0 0 0 0 0]
[2091988860395456297858961872728532679919164688845945824725980734084566485953348764127177067255187899657000306270647675714667214253625626697361424511683010981 0 0 0 0 0 0 0 0 0 0 0 0 0 0 0 0 0 0 0 0 0 0 0 0 0 1 0 0 0 0 0 0 0 0 0 0 0 0 0 0 0 0 0 0 0 0 0 0 0 0 0]
[1557381834438581761414426869556979782467385631607516648531534158675222084195301688175830609965410344872631234774543031856403876577345467922894559371309342374 0 0 0 0 0 0 0 0 0 0 0 0 0 0 0 0 0 0 0 0 0 0 0 0 0 0 1 0 0 0 0 0 0 0 0 0 0 0 0 0 0 0 0 0 0 0 0 0 0 0 0]
[1037736586578823177714352450549384758109699951080814032932890914677463155515564141901043274117270658698057854071493223169307310213436525781972705290619062241 0 0 0 0 0 0 0 0 0 0 0 0 0 0 0 0 0 0 0 0 0 0 0 0 0 0 0 1 0 0 0 0 0 0 0 0 0 0 0 0 0 0 0 0 0 0 0 0 0 0 0]
[2169033592103168309847653110132307058145342103817395171198953137984268591227693509395314399109650176176959281228688018760107331400471733556987443283427542282 0 0 0 0 0 0 0 0 0 0 0 0 0 0 0 0 0 0 0 0 0 0 0 0 0 0 0 0 1 0 0 0 0 0 0 0 0 0 0 0 0 0 0 0 0 0 0 0 0 0 0]
[1882712235581661105236826468655164205979027439553170772316254078143709364248533951556953933045068266265452903191969163506663498638366235138368546823684571563 0 0 0 0 0 0 0 0 0 0 0 0 0 0 0 0 0 0 0 0 0 0 0 0 0 0 0 0 0 1 0 0 0 0 0 0 0 0 0 0 0 0 0 0 0 0 0 0 0 0 0]
[1890357270498520836150847536286916084326713990410051789663906258319716952573523341797641009502047094838975820607182834542407157433957342983512252809392381795 0 0 0 0 0 0 0 0 0 0 0 0 0 0 0 0 0 0 0 0 0 0 0 0 0 0 0 0 0 0 1 0 0 0 0 0 0 0 0 0 0 0 0 0 0 0 0 0 0 0 0]
[1948321659082771795724098147933218228937189064659828698614922554876825049578122390211915416075194256112517310897057298948047480311699046616217161560981062436 0 0 0 0 0 0 0 0 0 0 0 0 0 0 0 0 0 0 0 0 0 0 0 0 0 0 0 0 0 0 0 1 0 0 0 0 0 0 0 0 0 0 0 0 0 0 0 0 0 0 0]
[1624595189651817089173653307639427881763364562910129092225198858336257286808500933589465850315747590853607228330887097275686018309664824220048202018339918351 0 0 0 0 0 0 0 0 0 0 0 0 0 0 0 0 0 0 0 0 0 0 0 0 0 0 0 0 0 0 0 0 1 0 0 0 0 0 0 0 0 0 0 0 0 0 0 0 0 0 0]
[2107336473075842034534026807480844331618671705598146604304502360047618265292009012397860079154304643860515121120080733696631785846396060824954866743354048768 0 0 0 0 0 0 0 0 0 0 0 0 0 0 0 0 0 0 0 0 0 0 0 0 0 0 0 0 0 0 0 0 0 1 0 0 0 0 0 0 0 0 0 0 0 0 0 0 0 0 0]
[1285606942180825465827627479318776428630787513093498066384323825584245454697535342130928778097980058750746738702063851713991592044324957330871166986582278042 0 0 0 0 0 0 0 0 0 0 0 0 0 0 0 0 0 0 0 0 0 0 0 0 0 0 0 0 0 0 0 0 0 0 1 0 0 0 0 0 0 0 0 0 0 0 0 0 0 0 0]
[368525408452737741860742454931711176737746282213056356533491332588941947799509232389330878207888926111157930059070611400846694661031134045472602031549786695 0 0 0 0 0 0 0 0 0 0 0 0 0 0 0 0 0 0 0 0 0 0 0 0 0 0 0 0 0 0 0 0 0 0 0 1 0 0 0 0 0 0 0 0 0 0 0 0 0 0 0]
[20975739097638399498703492455740504323060913861990867329520298697619305586359157521303334795685003172929989108917264237867802662162850103829960203553741270 0 0 0 0 0 0 0 0 0 0 0 0 0 0 0 0 0 0 0 0 0 0 0 0 0 0 0 0 0 0 0 0 0 0 0 0 1 0 0 0 0 0 0 0 0 0 0 0 0 0 0]
[939773323631288131428359072930548841246791850545325560998557405619327829843428278271376878492823963966250543885721321249212934751361459042500892311173886947 0 0 0 0 0 0 0 0 0 0 0 0 0 0 0 0 0 0 0 0 0 0 0 0 0 0 0 0 0 0 0 0 0 0 0 0 0 1 0 0 0 0 0 0 0 0 0 0 0 0 0]
[2199474903020214370001007934075854110374263573381741915501055252711852750918228426312909480771147887167588919385197010120433262647707019223332113882795273256 0 0 0 0 0 0 0 0 0 0 0 0 0 0 0 0 0 0 0 0 0 0 0 0 0 0 0 0 0 0 0 0 0 0 0 0 0 0 1 0 0 0 0 0 0 0 0 0 0 0 0]
[717538750808428067931137826263497581822683661558344676870125261667404433879218940822472372339581689291342449217571585474967857974271583438658509585976746914 0 0 0 0 0 0 0 0 0 0 0 0 0 0 0 0 0 0 0 0 0 0 0 0 0 0 0 0 0 0 0 0 0 0 0 0 0 0 0 1 0 0 0 0 0 0 0 0 0 0 0]
[1429035245337241051789079957763132145507230963910623329596069864195403157827952903455556358227201852328110136415753480338253148898593757464000624966378398000 0 0 0 0 0 0 0 0 0 0 0 0 0 0 0 0 0 0 0 0 0 0 0 0 0 0 0 0 0 0 0 0 0 0 0 0 0 0 0 0 1 0 0 0 0 0 0 0 0 0 0]
[2309167266160282426283419735050920722175920435682859660431603098853299242579557187509689445691491848148437554002220504098111930898370685074904763345785975143 0 0 0 0 0 0 0 0 0 0 0 0 0 0 0 0 0 0 0 0 0 0 0 0 0 0 0 0 0 0 0 0 0 0 0 0 0 0 0 0 0 1 0 0 0 0 0 0 0 0 0]
[11205908466540693678745816790714092157786531324049607347648936427133736987998452857867452852322929570926571075618802755037725445074529315226448621247090649 0 0 0 0 0 0 0 0 0 0 0 0 0 0 0 0 0 0 0 0 0 0 0 0 0 0 0 0 0 0 0 0 0 0 0 0 0 0 0 0 0 0 1 0 0 0 0 0 0 0 0]
[1272713989862107921067553612882709438377083483994269988755250900034313152363924357367714440542750939923897114994934620041121362307131972885618007610107541525 0 0 0 0 0 0 0 0 0 0 0 0 0 0 0 0 0 0 0 0 0 0 0 0 0 0 0 0 0 0 0 0 0 0 0 0 0 0 0 0 0 0 0 1 0 0 0 0 0 0 0]
[1747939347844905321064765303010446287534217031082125383273297209705273162138757704796106759589222359540122035141054981641095561849051539151203263028520562360 0 0 0 0 0 0 0 0 0 0 0 0 0 0 0 0 0 0 0 0 0 0 0 0 0 0 0 0 0 0 0 0 0 0 0 0 0 0 0 0 0 0 0 0 1 0 0 0 0 0 0]
[1379468189673831674816602551494314229319614034432517051743020293289038900041640279850695640026696376068821265370398159785751114865522095702577013137040279149 0 0 0 0 0 0 0 0 0 0 0 0 0 0 0 0 0 0 0 0 0 0 0 0 0 0 0 0 0 0 0 0 0 0 0 0 0 0 0 0 0 0 0 0 0 1 0 0 0 0 0]
[985403998040611855417248962828894571140465894345054428659206440834712343128646978520298360139904122874998442925362928712842218479103118008965702522470580201 0 0 0 0 0 0 0 0 0 0 0 0 0 0 0 0 0 0 0 0 0 0 0 0 0 0 0 0 0 0 0 0 0 0 0 0 0 0 0 0 0 0 0 0 0 0 1 0 0 0 0]
[612731562720563772562304827328721990020012202533380227036547400924924025138937032676555980841439792456489199618091699295322214430556288580223547021491340444 0 0 0 0 0 0 0 0 0 0 0 0 0 0 0 0 0 0 0 0 0 0 0 0 0 0 0 0 0 0 0 0 0 0 0 0 0 0 0 0 0 0 0 0 0 0 0 1 0 0 0]
[1357437116726875473296662343559857014496611698221387796634373130416659233072920041744835054311743794927792502568034561987238055137549847180370186175728126739 0 0 0 0 0 0 0 0 0 0 0 0 0 0 0 0 0 0 0 0 0 0 0 0 0 0 0 0 0 0 0 0 0 0 0 0 0 0 0 0 0 0 0 0 0 0 0 0 1 0 0]
[1625640732568419154130792587283369042188917147507130964012699897751695306258645858842080402964507333749902918221891495636675142092104569709822934348006211560 0 0 0 0 0 0 0 0 0 0 0 0 0 0 0 0 0 0 0 0 0 0 0 0 0 0 0 0 0 0 0 0 0 0 0 0 0 0 0 0 0 0 0 0 0 0 0 0 0 1 0]
[1917277262609313180424442618424510674086500664843488856042146977248054719351016496682060292710102358264152708254427578320189621063876857229899004391188468629 0 0 0 0 0 0 0 0 0 0 0 0 0 0 0 0 0 0 0 0 0 0 0 0 0 0 0 0 0 0 0 0 0 0 0 0 0 0 0 0 0 0 0 0 0 0 0 0 0 0 1]
]
52 53 0
[1 1 1 1 1 1 1 1 1 1 1 1 1 1 1 1 1 1 1 1 1 1 1 1 1 1 1 1 1 1 1 1 1 1 1 1 1 1 1 1 1 1 1 1 1 1 1 1 1 1 1 1 1]
