[[2428546180955362711929842749992853091335725315247258909318495245278631396813618539337526361598869165878674728264159513560744826307972353575014477335955338233 0 0 0 0 0 0 0 0 0 0 0 0 0 0 0 0 0 0 0 0 0 0 0 0 0 0 0 0 0 0 0 0 0 0 0 0 0 0 0 0 0 0 0 0 0 0 0 0 0 0 0]
[2238015741293353604210739801024244380905116810429222164565289756035532287334916458128211589074777807171826095905805867384411730773090077982783848996913647524 1 0 0 0 0 0 0 0 0 0 0 0 0 0 0 0 0 0 0 0 0 0 0 0 0 0 0 0 0 0 0 0 0 0 0 0 0 0 0 0 0 0 0 0 0 0 0 0 0 0 0]
[971176531863561753162273282094067723273031376420346073219299147336611180715411767931395460740209206490196094946486511561691209345731461779475541607368526442 0 1 0 0 0 0 0 0 0 0 0 0 0 0 0 0 0 0 0 0 0 0 0 0 0 0 0 0 0 0 0 0 0 0 0 0 0 0 0 0 0 0 0 0 0 0 0 0 0 0 0]
[2283620503696738828208391238507712826929425967419251134648813529895236569232434654762369860886471274041757194062240707724715796721472286961530255052848571236 0 0 1 0 0 0 0 0 0 0 0 0 0 0 0 0 0 0 0 0 0 0 0 0 0 0 0 0 0 0 0 0 0 0 0 0 0 0 0 0 0 0 0 0 0 0 0 0 0 0 0]
[56516492569212625093139329217400085547601850554393204382667811511358398705450291918613585885170392216092371660911941639939706193754750215892153987063099643 0 0 0 1 0 0 0 0 0 0 0 0 0 0 0 0 0 0 0 0 0 0 0 0 0 0 0 0 0 0 0 0 0 0 0 0 0 0 0 0 0 0 0 0 0 0 0 0 0 0 0]
[783967450511847511709040579756292052764155542402166423780827298370517146628887937868467689870074455224348519457896713280191667182935494864119340524688449264 0 0 0 0 1 0 0 0 0 0 0 0 0 0 0 0 0 0 0 0 0 0 0 0 0 0 0 0 0 0 0 0 0 0 0 0 0 0 0 0 0 0 0 0 0 0 0 0 0 0 0]
[1235692839603141450274205457945482796940324699606261648053802110269733327749038001029793015523044725286649997689004274453491529758104470015367735986469525597 0 0 0 0 0 1 0 0 0 0 0 0 0 0 0 0 0 0 0 0 0 0 0 0 0 0 0 0 0 0 0 0 0 0 0 0 0 0 0 0 0 0 0 0 0 0 0 0 0 0 0]
[841109680313067154583131403717438373273939269512014325277850955107444328267228486117188056703095398972403526749054616991576249515756807272276483635952012567 0 0 0 0 0 0 1 0 0 0 0 0 0 0 0 0 0 0 0 0 0 0 0 0 0 0 0 0 0 0 0 0 0 0 0 0 0 0 0 0 0 0 0 0 0 0 0 0 0 0 0]
[1918944769290685076305478057063224353523683316626052917453777749519169912802862294736977718566897367979590386516039701900111784540803739298156270796270943947 0 0 0 0 0 0 0 1 0 0 0 0 0 0 0 0 0 0 0 0 0 0 0 0 0 0 0 0 0 0 0 0 0 0 0 0 0 0 0 0 0 0 0 0 0 0 0 0 0 0 0]
[1802537302440835187146245366639510089279914081399282069864277778834610364488426502356903192629349134479683375873028461873507252100776937471167258273207057077 0 0 0 0 0 0 0 0 1 0 0 0 0 0 0 0 0 0 0 0 0 0 0 0 0 0 0 0 0 0 0 0 0 0 0 0 0 0 0 0 0 0 0 0 0 0 0 0 0 0 0]
[1548965982533137353687383963038302545728394842643459331933555010732042303632736559020959603714588548917785292422898327793102218572307976078824708236312915519 0 0 0 0 0 0 0 0 0 1 0 0 0 0 0 0 0 0 0 0 0 0 0 0 0 0 0 0 0 0 0 0 0 0 0 0 0 0 0 0 0 0 0 0 0 0 0 0 0 0 0]
[2299915812235118762942601342550522415183962833553005321176455467805783022017634458158008647978091306751096187591905552645097720756149852204834218563026041186 0 0 0 0 0 0 0 0 0 0 1 0 0 0 0 0 0 0 0 0 0 0 0 0 0 0 0 0 0 0 0 0 0 0 0 0 0 0 0 0 0 0 0 0 0 0 0 0 0 0 0]
[873072445048498730433715238804773040605144700859567610672842868152169262733251140121813655619988762844287168385485311825498323385300585740993451986691962552 0 0 0 0 0 0 0 0 0 0 0 1 0 0 0 0 0 0 0 0 0 0 0 0 0 0 0 0 0 0 0 0 0 0 0 0 0 0 0 0 0 0 0 0 0 0 0 0 0 0 0]
[1450237250571811439993400993431896363677582579347972492889912509209353204774364813534833637138829788691711959312637688830299642658379346380838701270696037719 0 0 0 0 0 0 0 0 0 0 0 0 1 0 0 0 0 0 0 0 0 0 0 0 0 0 0 0 0 0 0 0 0 0 0 0 0 0 0 0 0 0 0 0 0 0 0 0 0 0 0]
[2240425237436020713061064613950961234096005242501559419833359279544098381701763788600446749211949805989697732646123004110735165181482353775263697230002976485 0 0 0 0 0 0 0 0 0 0 0 0 0 1 0 0 0 0 0 0 0 0 0 0 0 0 0 0 0 0 0 0 0 0 0 0 0 0 0 0 0 0 0 0 0 0 0 0 0 0 0]
[294115451776312910456769169985659899906496317526771598654881302808866079199719044837477086681713409318430857062280522216503129124953139866601688664936731968 0 0 0 0 0 0 0 0 0 0 0 0 0 0 1 0 0 0 0 0 0 0 0 0 0 0 0 0 0 0 0 0 0 0 0 0 0 0 0 0 0 0 0 0 0 0 0 0 0 0 0]
[1482400262852743266437560267226098501124812016450413286291498229122448044272806570588292448023748242743716042434985193637959921993763779830641604701344415672 0 0 0 0 0 0 0 0 0 0 0 0 0 0 0 1 0 0 0 0 0 0 0 0 0 0 0 0 0 0 0 0 0 0 0 0 0 0 0 0 0 0 0 0 0 0 0 0 0 0 0]
[390011772977729234614285393731524579508822623205353069956034425044090732902716758840845954256565142314281116279543686937507826671202957837448584987970397415 0 0 0 0 0 0 0 0 0 0 0 0 0 0 0 0 1 0 0 0 0 0 0 0 0 0 0 0 0 0 0 0 0 0 0 0 0 0 0 0 0 0 0 0 0 0 0 0 0 0 0]
[296398144473792209950104225800318088088630802846556726631708948746981268914309235876203450018338078783462315152644548076066661238583621582323673278472933759 0 0 0 0 0 0 0 0 0 0 0 0 0 0 0 0 0 1 0 0 0 0 0 0 0 0 0 0 0 0 0 0 0 0 0 0 0 0 0 0 0 0 0 0 0 0 0 0 0 0 0]
[1746558393819614939460581285996278407325893383273147397580667074418986257154745543084864361503381755662196819732043036383927162866087507454016588677217648955 0 0 0 0 0 0 0 0 0 0 0 0 0 0 0 0 0 0 1 0 0 0 0 0 0 0 0 0 0 0 0 0 0 0 0 0 0 0 0 0 0 0 0 0 0 0 0 0 0 0 0]
[972556567656651875393163489453438534954063589598748045084414901505786789766412702230771384798328864164732594332904758491055470007919226934093212763927617265 0 0 0 0 0 0 0 0 0 0 0 0 0 0 0 0 0 0 0 1 0 0 0 0 0 0 0 0 0 0 0 0 0 0 0 0 0 0 0 0 0 0 0 0 0 0 0 0 0 0 0]
[1917153520944708858297267924238590952809322472757499651109717248476594461079471538299381733778040553844300675897360033410324057468804707707972903992867956295 0 0 0 0 0 0 0 0 0 0 0 0 0 0 0 0 0 0 0 0 1 0 0 0 0 0 0 0 0 0 0 0 0 0 0 0 0 0 0 0 0 0 0 0 0 0 0 0 0 0 0]
[1762985200219074463723867507485640365368740233672731819479575289255568849655684489973275015014333256293508510860803262305232950577825580236866036024391267511 0 0 0 0 0 0 0 0 0 0 0 0 0 0 0 0 0 0 0 0 0 1 0 0 0 0 0 0 0 0 0 0 0 0 0 0 0 0 0 0 0 0 0 0 0 0 0 0 0 0 0]
[1809120808629811539947824708762586211447188497265331864035448936192281040924704370576050336350472671155494741429642824333312125677124192812413566729166280667 0 0 0 0 0 0 0 0 0 0 0 0 0 0 0 0 0 0 0 0 0 0 1 0 0 0 0 0 0 0 0 0 0 0 0 0 0 0 0 0 0 0 0 0 0 0 0 0 0 0 0]
[1151300389263986838763135214487591013519856931605757482205522692403630858424167430371801230225147404284163414956805421792389907623212691843507429781838565282 0 0 0 0 0 0 0 0 0 0 0 0 0 0 0 0 0 0 0 0 0 0 0 1 0 0 0 0 0 0 0 0 0 0 0 0 0 0 0 0 0 0 0 0 0 0 0 0 0 0 0]
[1581376830016192810716530212579760843475026705728788897421240759675824072108637806919546266972717827974919868667510973814588344792026459043682623532521040868 0 0 0 0 0 0 0 0 0 0 0 0 0 0 0 0 0 0 0 0 0 0 0 0 1 0 0 0 0 0 0 0 0 0 0 0 0 0 0 0 0 0 0 0 0 0 0 0 0 0 0]
[258831690822737522589422464569231669145832760051889013847441561623652467501448372213774769740951088258203427719649891254903474174365359597447778492892602124 0 0 0 0 0 0 0 0 0 0 0 0 0 0 0 0 0 0 0 0 0 0 0 0 0 1 0 0 0 0 0 0 0 0 0 0 0 0 0 0 0 0 0 0 0 0 0 0 0 0 0]
[639332277213066068839360947694187121302917152864986652468860393862412951501172672436110336779648681181214967008573223341438116258323286535785419461799931138 0 0 0 0 0 0 0 0 0 0 0 0 0 0 0 0 0 0 0 0 0 0 0 0 0 0 1 0 0 0 0 0 0 0 0 0 0 0 0 0 0 0 0 0 0 0 0 0 0 0 0]
[2126331190492497076489769693051809300561331985724662727635455966791546010773074158231413889919718751725458958198720011064316440478416474215536924393868381393 0 0 0 0 0 0 0 0 0 0 0 0 0 0 0 0 0 0 0 0 0 0 0 0 0 0 0 1 0 0 0 0 0 0 0 0 0 0 0 0 0 0 0 0 0 0 0 0 0 0 0]
[639919785343289573858211112675243080489375963278879400916108563256038267698394795396050621440904159120612902808899701771190940460546690652782283662814364750 0 0 0 0 0 0 0 0 0 0 0 0 0 0 0 0 0 0 0 0 0 0 0 0 0 0 0 0 1 0 0 0 0 0 0 0 0 0 0 0 0 0 0 0 0 0 0 0 0 0 0]
[1152478470001249305354812511906436931017387606016006739087716095043110611165767423171405697236589385634233564469026164518387219518033545664212598587602176205 0 0 0 0 0 0 0 0 0 0 0 0 0 0 0 0 0 0 0 0 0 0 0 0 0 0 0 0 0 1 0 0 0 0 0 0 0 0 0 0 0 0 0 0 0 0 0 0 0 0 0]
[2043175499406860717481208191733447443071798921823327419968073538168043451592715804305894160508617832463270128285008207045850603854522109304603417094473011364 0 0 0 0 0 0 0 0 0 0 0 0 0 0 0 0 0 0 0 0 0 0 0 0 0 0 0 0 0 0 1 0 0 0 0 0 0 0 0 0 0 0 0 0 0 0 0 0 0 0 0]
[104690307131813743037434901387949595649749864070294670303741966776085477781581728779151563737370109337703814243227667929969034045153775446878833057865309948 0 0 0 0 0 0 0 0 0 0 0 0 0 0 0 0 0 0 0 0 0 0 0 0 0 0 0 0 0 0 0 1 0 0 0 0 0 0 0 0 0 0 0 0 0 0 0 0 0 0 0]
[630205762406480694015119161892487510069790781978879813206233987795293680953460092797180379836894712436145768608559445739352569269932721462962955280783610473 0 0 0 0 0 0 0 0 0 0 0 0 0 0 0 0 0 0 0 0 0 0 0 0 0 0 0 0 0 0 0 0 1 0 0 0 0 0 0 0 0 0 0 0 0 0 0 0 0 0 0]
[416837417591132961564235886064779478111574173907069758020979657540401845629384721120728688915790714190407785617047495890951450383195717754957682234327029325 0 0 0 0 0 0 0 0 0 0 0 0 0 0 0 0 0 0 0 0 0 0 0 0 0 0 0 0 0 0 0 0 0 1 0 0 0 0 0 0 0 0 0 0 0 0 0 0 0 0 0]
[1056879597270433843258519227022245049549583949870574135732809750384642668627883434801251337368424920474559667136171313695998385851125419537394153829617222869 0 0 0 0 0 0 0 0 0 0 0 0 0 0 0 0 0 0 0 0 0 0 0 0 0 0 0 0 0 0 0 0 0 0 1 0 0 0 0 0 0 0 0 0 0 0 0 0 0 0 0]
[1799854258128186237698116034353741234757400406269489809843890660764976986670838083588814460590502429488687107391581697007508332651911754376775298918836381045 0 0 0 0 0 0 0 0 0 0 0 0 0 0 0 0 0 0 0 0 0 0 0 0 0 0 0 0 0 0 0 0 0 0 0 1 0 0 0 0 0 0 0 0 0 0 0 0 0 0 0]
[195629140004182967748681202424714188755201190586014620345606329903875006247157829133077861282927193869168744941374960277795134601622551316849145073544186021 0 0 0 0 0 0 0 0 0 0 0 0 0 0 0 0 0 0 0 0 0 0 0 0 0 0 0 0 0 0 0 0 0 0 0 0 1 0 0 0 0 0 0 0 0 0 0 0 0 0 0]
[2251977002581102781113506223141725150312504466031044860543425346701862376001025825686519146890119427979786135819041522000694733168086767618682172884125448569 0 0 0 0 0 0 0 0 0 0 0 0 0 0 0 0 0 0 0 0 0 0 0 0 0 0 0 0 0 0 0 0 0 0 0 0 0 1 0 0 0 0 0 0 0 0 0 0 0 0 0]
[795194817455042107601225830825080530503916266132541380601565049481679698340535175916008012834316339122949632197676649608899934058918679814057397310077533703 0 0 0 0 0 0 0 0 0 0 0 0 0 0 0 0 0 0 0 0 0 0 0 0 0 0 0 0 0 0 0 0 0 0 0 0 0 0 1 0 0 0 0 0 0 0 0 0 0 0 0]
[2190063064447305385106113613270788868618716158502137007170317996300003973066474861255935135074573641358284289573398309409830111947180864006386802773485398524 0 0 0 0 0 0 0 0 0 0 0 0 0 0 0 0 0 0 0 0 0 0 0 0 0 0 0 0 0 0 0 0 0 0 0 0 0 0 0 1 0 0 0 0 0 0 0 0 0 0 0]
[1479985810165351571043336195680206117353517684458596368217740936259538322045425956876162835813361459268129115160382445389116186613008489273957598590561302209 0 0 0 0 0 0 0 0 0 0 0 0 0 0 0 0 0 0 0 0 0 0 0 0 0 0 0 0 0 0 0 0 0 0 0 0 0 0 0 0 1 0 0 0 0 0 0 0 0 0 0]
[1165160195033746462876869457764621571608101189644792681464239237190059309125507084994037762464209406794928432588146000518148066107553455813227087725745988013 0 0 0 0 0 0 0 0 0 0 0 0 0 0 0 0 0 0 0 0 0 0 0 0 0 0 0 0 0 0 0 0 0 0 0 0 0 0 0 0 0 1 0 0 0 0 0 0 0 0 0]
[2065904956175734940463482017993046256083711632988864703453584878190270526524376916821102051997762314628601158168278633897416654152067511360767015299609536840 0 0 0 0 0 0 0 0 0 0 0 0 0 0 0 0 0 0 0 0 0 0 0 0 0 0 0 0 0 0 0 0 0 0 0 0 0 0 0 0 0 0 1 0 0 0 0 0 0 0 0]
[154720823813123920671811414527100450093142376104520421640338798335623913461852761027600617086039224093674856875051066462773305622176449586746186533038009843 0 0 0 0 0 0 0 0 0 0 0 0 0 0 0 0 0 0 0 0 0 0 0 0 0 0 0 0 0 0 0 0 0 0 0 0 0 0 0 0 0 0 0 1 0 0 0 0 0 0 0]
[1511593432906435382889837773806355421901890253289974363246307390121263193034756564278518144804734135596229669075119577656112166848159280926775262792995926870 0 0 0 0 0 0 0 0 0 0 0 0 0 0 0 0 0 0 0 0 0 0 0 0 0 0 0 0 0 0 0 0 0 0 0 0 0 0 0 0 0 0 0 0 1 0 0 0 0 0 0]
[98365889441383741944967491293925694852690304357260399290806863409276638706298864688838986126127209902114387145525337778674102057787557035474523534669574720 0 0 0 0 0 0 0 0 0 0 0 0 0 0 0 0 0 0 0 0 0 0 0 0 0 0 0 0 0 0 0 0 0 0 0 0 0 0 0 0 0 0 0 0 0 1 0 0 0 0 0]
[1176663184759343161931425871482599229270574147157879481491179897864699766546884965627771142529034113028139964799969418646373295374012003668850156799052237137 0 0 0 0 0 0 0 0 0 0 0 0 0 0 0 0 0 0 0 0 0 0 0 0 0 0 0 0 0 0 0 0 0 0 0 0 0 0 0 0 0 0 0 0 0 0 1 0 0 0 0]
[1643068106326025273857433221278942776769464578975844219451000215640736187140927852009247879367025702661882229917615755389046911275419596429360908600269916241 0 0 0 0 0 0 0 0 0 0 0 0 0 0 0 0 0 0 0 0 0 0 0 0 0 0 0 0 0 0 0 0 0 0 0 0 0 0 0 0 0 0 0 0 0 0 0 1 0 0 0]
[118209220438098515305516604161039967710920600569441008689740965240936151768687720496601791066415878991896324361255734910161552353368048955397421730808066949 0 0 0 0 0 0 0 0 0 0 0 0 0 0 0 0 0 0 0 0 0 0 0 0 0 0 0 0 0 0 0 0 0 0 0 0 0 0 0 0 0 0 0 0 0 0 0 0 1 0 0]
[1848054663470449678682859537511070585958907241926008821249905431697589365496612866216515059428566207865067692478608986214352006887500195790622520578421611183 0 0 0 0 0 0 0 0 0 0 0 0 0 0 0 0 0 0 0 0 0 0 0 0 0 0 0 0 0 0 0 0 0 0 0 0 0 0 0 0 0 0 0 0 0 0 0 0 0 1 0]
[741648953586749687122836220769016119800359189748455502405576048068165374911397076721452282945090143216097501283394875602083479065242839815373351664178014130 0 0 0 0 0 0 0 0 0 0 0 0 0 0 0 0 0 0 0 0 0 0 0 0 0 0 0 0 0 0 0 0 0 0 0 0 0 0 0 0 0 0 0 0 0 0 0 0 0 0 1]
]
52 53 1
[1 1 1 1 1 1 1 1 1 1 1 1 1 1 1 1 1 1 1 1 1 1 1 1 1 1 1 1 1 1 1 1 1 1 1 1 1 1 1 1 1 1 1 1 1 1 1 1 1 1 1 1 1]
