[[2093698954165649853102053501595178351173127817252341292946865345996407913568103673529141620712036873306852515105617850955568618657937835327239640324179347991 0 0 0 0 0 0 0 0 0 0 0 0 0 0 0 0 0 0 0 0 0 0 0 0 0 0 0 0 0 0 0 0 0 0 0 0 0 0 0 0 0 0 0 0 0 0 0 0 0 0 0]
[1794375612460306912026176118957787843041260785917963499455825275302008459032441186559749618976037204041835149366988755380919111740533258109317149984253380978 1 0 0 0 0 0 0 0 0 0 0 0 0 0 0 0 0 0 0 0 0 0 0 0 0 0 0 0 0 0 0 0 0 0 0 0 0 0 0 0 0 0 0 0 0 0 0 0 0 0 0]
[411937932628854313068473296341514374775760601568609599366687070323345517226284447584243486933530476297756148001309191234040564763362298100666852422106710304 0 1 0 0 0 0 0 0 0 0 0 0 0 0 0 0 0 0 0 0 0 0 0 0 0 0 0 0 0 0 0 0 0 0 0 0 0 0 0 0 0 0 0 0 0 0 0 0 0 0 0]
[58844121820070189744138254514675309392207565963150998816245308530123868922888438569988564117777632503602649305356174825602168139408734825020922484328216696 0 0 1 0 0 0 0 0 0 0 0 0 0 0 0 0 0 0 0 0 0 0 0 0 0 0 0 0 0 0 0 0 0 0 0 0 0 0 0 0 0 0 0 0 0 0 0 0 0 0 0]
[1750884160366887703435109472642328506624423180731135270797875134761706524228410937265150602686833534858074187427141075901531329103885475233432629389353938386 0 0 0 1 0 0 0 0 0 0 0 0 0 0 0 0 0 0 0 0 0 0 0 0 0 0 0 0 0 0 0 0 0 0 0 0 0 0 0 0 0 0 0 0 0 0 0 0 0 0 0]
[1744896686788080014144457809867437536163583805857029560065221781229742009398406988864740552101954544300207648842118076433273625138189867085592019848276755790 0 0 0 0 1 0 0 0 0 0 0 0 0 0 0 0 0 0 0 0 0 0 0 0 0 0 0 0 0 0 0 0 0 0 0 0 0 0 0 0 0 0 0 0 0 0 0 0 0 0 0]
[712377670616864667185618186890320415801565806805116289615991388416243173914147055735473788771955757400872075624702866688314051082655388405740380593759997382 0 0 0 0 0 1 0 0 0 0 0 0 0 0 0 0 0 0 0 0 0 0 0 0 0 0 0 0 0 0 0 0 0 0 0 0 0 0 0 0 0 0 0 0 0 0 0 0 0 0 0]
[1585569684155506023429230313768615463680217391712273650680946278820801133019938981560900840922610971064520695368552439043738770654621024239263797530858607519 0 0 0 0 0 0 1 0 0 0 0 0 0 0 0 0 0 0 0 0 0 0 0 0 0 0 0 0 0 0 0 0 0 0 0 0 0 0 0 0 0 0 0 0 0 0 0 0 0 0 0]
[47096100513302695315523656011559874652247180988037283628332903749573405860303719542591242701228582283301332826642407425124193788223823666392422183024946840 0 0 0 0 0 0 0 1 0 0 0 0 0 0 0 0 0 0 0 0 0 0 0 0 0 0 0 0 0 0 0 0 0 0 0 0 0 0 0 0 0 0 0 0 0 0 0 0 0 0 0]
[432354791530913295453277076810181996583808499876453332937764680825871981633345970940381013227530465159888943409928675628050981377077668823300935359469343630 0 0 0 0 0 0 0 0 1 0 0 0 0 0 0 0 0 0 0 0 0 0 0 0 0 0 0 0 0 0 0 0 0 0 0 0 0 0 0 0 0 0 0 0 0 0 0 0 0 0 0]
[953743794084901091277822491146298700151225281488799429918808223384207176527951122519195634326933586755709560586886365463490940135020047488211916034521175392 0 0 0 0 0 0 0 0 0 1 0 0 0 0 0 0 0 0 0 0 0 0 0 0 0 0 0 0 0 0 0 0 0 0 0 0 0 0 0 0 0 0 0 0 0 0 0 0 0 0 0]
[1072007014203939682277243038059757063483296943487444809348560780347793109954108647379439588843497723236437272803563486521293118253228117798528421206957139808 0 0 0 0 0 0 0 0 0 0 1 0 0 0 0 0 0 0 0 0 0 0 0 0 0 0 0 0 0 0 0 0 0 0 0 0 0 0 0 0 0 0 0 0 0 0 0 0 0 0 0]
[967436872212895910087766928385667712965845372003442742515981237306094346584348453401984420667483932140635291919408585910263375690319561654865560384073805091 0 0 0 0 0 0 0 0 0 0 0 1 0 0 0 0 0 0 0 0 0 0 0 0 0 0 0 0 0 0 0 0 0 0 0 0 0 0 0 0 0 0 0 0 0 0 0 0 0 0 0]
[1197871939080280639935957943772108730284240933018339451927569151160216400901768607165640244352533425944468200026693022672307986976668018474777530284244177691 0 0 0 0 0 0 0 0 0 0 0 0 1 0 0 0 0 0 0 0 0 0 0 0 0 0 0 0 0 0 0 0 0 0 0 0 0 0 0 0 0 0 0 0 0 0 0 0 0 0 0]
[487675843184820580985484507213385282806112912505973050718230544368040467377274891844713577719229988754709692775643038962633951025370661998942292752067649989 0 0 0 0 0 0 0 0 0 0 0 0 0 1 0 0 0 0 0 0 0 0 0 0 0 0 0 0 0 0 0 0 0 0 0 0 0 0 0 0 0 0 0 0 0 0 0 0 0 0 0]
[1237738589075357095609902834908350365018390558957202799580495503510658335599323545696051892487435061879604432154903538661755301940467172023261908589889364597 0 0 0 0 0 0 0 0 0 0 0 0 0 0 1 0 0 0 0 0 0 0 0 0 0 0 0 0 0 0 0 0 0 0 0 0 0 0 0 0 0 0 0 0 0 0 0 0 0 0 0]
[497503237468112548528962037670173011522527628451607648140893936281605256134865554848133057548078637840292969688789751854125006970395637350651841460750864264 0 0 0 0 0 0 0 0 0 0 0 0 0 0 0 1 0 0 0 0 0 0 0 0 0 0 0 0 0 0 0 0 0 0 0 0 0 0 0 0 0 0 0 0 0 0 0 0 0 0 0]
[786456980746507856655810003204258264490395948309909098548114850295375662290465751189244490664988164222466530510103980635515470123911127455896160136287592409 0 0 0 0 0 0 0 0 0 0 0 0 0 0 0 0 1 0 0 0 0 0 0 0 0 0 0 0 0 0 0 0 0 0 0 0 0 0 0 0 0 0 0 0 0 0 0 0 0 0 0]
[1790345135211954810920793014521777354381117297527883980144711280081771842990391082249672435196153739528159362945575874604496626421049690052018220353749198482 0 0 0 0 0 0 0 0 0 0 0 0 0 0 0 0 0 1 0 0 0 0 0 0 0 0 0 0 0 0 0 0 0 0 0 0 0 0 0 0 0 0 0 0 0 0 0 0 0 0 0]
[2008320241557045005240888339271579634377975885242666252609307712975236549109984366573936175681671074591036086486853185733003819040442260951661544909040859899 0 0 0 0 0 0 0 0 0 0 0 0 0 0 0 0 0 0 1 0 0 0 0 0 0 0 0 0 0 0 0 0 0 0 0 0 0 0 0 0 0 0 0 0 0 0 0 0 0 0 0]
[1426365054325277436159366895743104214115129578725038106049678775488627033283021302134071380327728209401359703148854389165757329014761708177836403216875845574 0 0 0 0 0 0 0 0 0 0 0 0 0 0 0 0 0 0 0 1 0 0 0 0 0 0 0 0 0 0 0 0 0 0 0 0 0 0 0 0 0 0 0 0 0 0 0 0 0 0 0]
[1421414606883932638641400036187078612049266788485366664943925872500056185021947098872002703660160427938371321339829969444359988804966553440739435500219054792 0 0 0 0 0 0 0 0 0 0 0 0 0 0 0 0 0 0 0 0 1 0 0 0 0 0 0 0 0 0 0 0 0 0 0 0 0 0 0 0 0 0 0 0 0 0 0 0 0 0 0]
[1328320236344448556560809967047667979573995132033583451709403229364081129876345718492749343246246416244979581346611472477141693908208008110014333889530271953 0 0 0 0 0 0 0 0 0 0 0 0 0 0 0 0 0 0 0 0 0 1 0 0 0 0 0 0 0 0 0 0 0 0 0 0 0 0 0 0 0 0 0 0 0 0 0 0 0 0 0]
[251234504654610478579540702634811219007096009485567996729117016890304675109430224425208124141840601999458494348398851837402381232323947542687717078484525964 0 0 0 0 0 0 0 0 0 0 0 0 0 0 0 0 0 0 0 0 0 0 1 0 0 0 0 0 0 0 0 0 0 0 0 0 0 0 0 0 0 0 0 0 0 0 0 0 0 0 0]
[597506415868190441997381516657486745722812046963042735864483498232119902123579593095147916549298122766051011068576283281258417021092675828432575961213121812 0 0 0 0 0 0 0 0 0 0 0 0 0 0 0 0 0 0 0 0 0 0 0 1 0 0 0 0 0 0 0 0 0 0 0 0 0 0 0 0 0 0 0 0 0 0 0 0 0 0 0]
[1315121515691643916183489696456909383790525539018193749768069126660450363485663767754510460014278656614636822014243994731911998477188262991034304036909659893 0 0 0 0 0 0 0 0 0 0 0 0 0 0 0 0 0 0 0 0 0 0 0 0 1 0 0 0 0 0 0 0 0 0 0 0 0 0 0 0 0 0 0 0 0 0 0 0 0 0 0]
[276245070956280344644819356866106795930962052936564062773090343546207578749633034554820813104791096272089854991204503959802390014450507715906106749402621104 0 0 0 0 0 0 0 0 0 0 0 0 0 0 0 0 0 0 0 0 0 0 0 0 0 1 0 0 0 0 0 0 0 0 0 0 0 0 0 0 0 0 0 0 0 0 0 0 0 0 0]
[1201698396541741058649115241985406117704744728041722134395400895423385571696119053869965332703449115921049495274244575263400974888071638342247313865893797736 0 0 0 0 0 0 0 0 0 0 0 0 0 0 0 0 0 0 0 0 0 0 0 0 0 0 1 0 0 0 0 0 0 0 0 0 0 0 0 0 0 0 0 0 0 0 0 0 0 0 0]
[659687058496309824993814668953930749654484547081919127125918992444069464110212119165275213849596347088436113783579226812207640101952532088186604571394286538 0 0 0 0 0 0 0 0 0 0 0 0 0 0 0 0 0 0 0 0 0 0 0 0 0 0 0 1 0 0 0 0 0 0 0 0 0 0 0 0 0 0 0 0 0 0 0 0 0 0 0]
[65118229523037957871068694922426286914741325365250771936159429156879045949528083419062646014921678369114074604776800879630814732897769907043998309327170476 0 0 0 0 0 0 0 0 0 0 0 0 0 0 0 0 0 0 0 0 0 0 0 0 0 0 0 0 1 0 0 0 0 0 0 0 0 0 0 0 0 0 0 0 0 0 0 0 0 0 0]
[166073163312160165857324245657923004316127907003170722908037976114265943174592344468547303486900752408328951850529682137306280628264724355859740799678172142 0 0 0 0 0 0 0 0 0 0 0 0 0 0 0 0 0 0 0 0 0 0 0 0 0 0 0 0 0 1 0 0 0 0 0 0 0 0 0 0 0 0 0 0 0 0 0 0 0 0 0]
[1457153422100649508807403788757852553302227934238760091760933881767330143244991471020771773590466389580107268808355421066860027197791414232457788129808973691 0 0 0 0 0 0 0 0 0 0 0 0 0 0 0 0 0 0 0 0 0 0 0 0 0 0 0 0 0 0 1 0 0 0 0 0 0 0 0 0 0 0 0 0 0 0 0 0 0 0 0]
[1706218056476016715250207767630688168702196887099199267140527905022076392017919491618707529289571200269187876506312851622644160298393735712846706003983258807 0 0 0 0 0 0 0 0 0 0 0 0 0 0 0 0 0 0 0 0 0 0 0 0 0 0 0 0 0 0 0 1 0 0 0 0 0 0 0 0 0 0 0 0 0 0 0 0 0 0 0]
[27208539649931816589835506973971241133115509281082841651545786249820109897529951674961662041638912190345094245670943659013274997352826815278773605274686308 0 0 0 0 0 0 0 0 0 0 0 0 0 0 0 0 0 0 0 0 0 0 0 0 0 0 0 0 0 0 0 0 1 0 0 0 0 0 0 0 0 0 0 0 0 0 0 0 0 0 0]
[1508979152175929266569577808328086507799781548052892272581744402936211925459627006989020117759059338986205701293738579627784256185542684985079451469269106508 0 0 0 0 0 0 0 0 0 0 0 0 0 0 0 0 0 0 0 0 0 0 0 0 0 0 0 0 0 0 0 0 0 1 0 0 0 0 0 0 0 0 0 0 0 0 0 0 0 0 0]
[499913398917129823645879658583690395217426036230812349980199719591400737896130001691922206018384312889049334880372316359679066236543133871718618938196931367 0 0 0 0 0 0 0 0 0 0 0 0 0 0 0 0 0 0 0 0 0 0 0 0 0 0 0 0 0 0 0 0 0 0 1 0 0 0 0 0 0 0 0 0 0 0 0 0 0 0 0]
[307737141068976151615152769612870326681675414610539523813141621725868398138262282139695730513360482435292790371023024854383768840991668193508909038437634884 0 0 0 0 0 0 0 0 0 0 0 0 0 0 0 0 0 0 0 0 0 0 0 0 0 0 0 0 0 0 0 0 0 0 0 1 0 0 0 0 0 0 0 0 0 0 0 0 0 0 0]
[1195394527300837511376838871891836276146286155914136869734442197654444414722174780267377745395654997860763471190319605849566256149003723436807189525005543639 0 0 0 0 0 0 0 0 0 0 0 0 0 0 0 0 0 0 0 0 0 0 0 0 0 0 0 0 0 0 0 0 0 0 0 0 1 0 0 0 0 0 0 0 0 0 0 0 0 0 0]
[819258367110024101012705965017507408319710363816186402684853450645300821463401087513862277069605206596809731960422385632585260887229603564082131403897010218 0 0 0 0 0 0 0 0 0 0 0 0 0 0 0 0 0 0 0 0 0 0 0 0 0 0 0 0 0 0 0 0 0 0 0 0 0 1 0 0 0 0 0 0 0 0 0 0 0 0 0]
[666142656744738095556689357511834187993459338463241169335784152975256312897468081340986653350902270732602634594898344013577819637439875498295378343181718667 0 0 0 0 0 0 0 0 0 0 0 0 0 0 0 0 0 0 0 0 0 0 0 0 0 0 0 0 0 0 0 0 0 0 0 0 0 0 1 0 0 0 0 0 0 0 0 0 0 0 0]
[1521303552844312091778196005100832931222965829175893625430653440044802076790414320862457008890302427692926630583599878527503438873786849281860286917846407681 0 0 0 0 0 0 0 0 0 0 0 0 0 0 0 0 0 0 0 0 0 0 0 0 0 0 0 0 0 0 0 0 0 0 0 0 0 0 0 1 0 0 0 0 0 0 0 0 0 0 0]
[474077282639783052827824997709643706949206152040169894978236428206327670208199394277985764673210539505971406210956612521017952629933170080043352065244389859 0 0 0 0 0 0 0 0 0 0 0 0 0 0 0 0 0 0 0 0 0 0 0 0 0 0 0 0 0 0 0 0 0 0 0 0 0 0 0 0 1 0 0 0 0 0 0 0 0 0 0]
[774593422113585319602369325518612977274225005977835099559170779756758841907002405417356094153434663910074145428889154490028329200518085514119254009693884081 0 0 0 0 0 0 0 0 0 0 0 0 0 0 0 0 0 0 0 0 0 0 0 0 0 0 0 0 0 0 0 0 0 0 0 0 0 0 0 0 0 1 0 0 0 0 0 0 0 0 0]
[1083003523790079167985296638852414485657344769728018864699583436092982992120219064996552603013851187595239821041214887196098661615850591025281993379365488286 0 0 0 0 0 0 0 0 0 0 0 0 0 0 0 0 0 0 0 0 0 0 0 0 0 0 0 0 0 0 0 0 0 0 0 0 0 0 0 0 0 0 1 0 0 0 0 0 0 0 0]
[428185816500980819114506319082706704267145047934236468491798600000487362182133108983709535674534896950896929554374778164931339833258234354979784107846216310 0 0 0 0 0 0 0 0 0 0 0 0 0 0 0 0 0 0 0 0 0 0 0 0 0 0 0 0 0 0 0 0 0 0 0 0 0 0 0 0 0 0 0 1 0 0 0 0 0 0 0]
[1375913382021979083572080080830554866401648213783517348584127919349922334561605103362603086499277165683278854953078618497363657893327580875337641558526545319 0 0 0 0 0 0 0 0 0 0 0 0 0 0 0 0 0 0 0 0 0 0 0 0 0 0 0 0 0 0 0 0 0 0 0 0 0 0 0 0 0 0 0 0 1 0 0 0 0 0 0]
[851727501563446178607149650247064194005929171125572212247959870508881121139078944968570788774237709406270025871067943597302571246567244572322111427031679095 0 0 0 0 0 0 0 0 0 0 0 0 0 0 0 0 0 0 0 0 0 0 0 0 0 0 0 0 0 0 0 0 0 0 0 0 0 0 0 0 0 0 0 0 0 1 0 0 0 0 0]
[1865509118725893095951549586333341544290954065132769588351966282139742504318993802816258721027570494862242574062224082850228158902031567774292845873019955124 0 0 0 0 0 0 0 0 0 0 0 0 0 0 0 0 0 0 0 0 0 0 0 0 0 0 0 0 0 0 0 0 0 0 0 0 0 0 0 0 0 0 0 0 0 0 1 0 0 0 0]
[1898420640601882409513728632889925511815551642560457921595264232637473583855886799991622618643320771446597560141157108453566593273891004926585184338627433678 0 0 0 0 0 0 0 0 0 0 0 0 0 0 0 0 0 0 0 0 0 0 0 0 0 0 0 0 0 0 0 0 0 0 0 0 0 0 0 0 0 0 0 0 0 0 0 1 0 0 0]
[1930073901219359703930548426098264527192941596966889920486819572495345585046265672636003247380418747482159570326222604564831800656832063189644243221288421003 0 0 0 0 0 0 0 0 0 0 0 0 0 0 0 0 0 0 0 0 0 0 0 0 0 0 0 0 0 0 0 0 0 0 0 0 0 0 0 0 0 0 0 0 0 0 0 0 1 0 0]
[687727023778533848399752352635851520953390389718541123361670711438765274091494179195706828760355595297324720033720548352535141329585179809193721413006324653 0 0 0 0 0 0 0 0 0 0 0 0 0 0 0 0 0 0 0 0 0 0 0 0 0 0 0 0 0 0 0 0 0 0 0 0 0 0 0 0 0 0 0 0 0 0 0 0 0 1 0]
[602822398559184190505169807503230090428954099258660848499297190171746301495890120377139416424729856669321940492115049975928717934972051399308116357508127638 0 0 0 0 0 0 0 0 0 0 0 0 0 0 0 0 0 0 0 0 0 0 0 0 0 0 0 0 0 0 0 0 0 0 0 0 0 0 0 0 0 0 0 0 0 0 0 0 0 0 1]
]
52 53 9
[1 1 1 1 1 1 1 1 1 1 1 1 1 1 1 1 1 1 1 1 1 1 1 1 1 1 1 1 1 1 1 1 1 1 1 1 1 1 1 1 1 1 1 1 1 1 1 1 1 1 1 1 1]
