[[1831631325496123146922167787363980303615516658264655496323126240747387272477461179019848485764020940714521880932217676624571553226004083411461510924171369031 0 0 0 0 0 0 0 0 0 0 0 0 0 0 0 0 0 0 0 0 0 0 0 0 0 0 0 0 0 0 0 0 0 0 0 0 0 0 0 0 0 0 0 0 0 0 0 0 0 0 0]
[563542574630624109341977535567297906976287214952252099740904306867923572913203866459953675442265781382117525605449536896088587627132662302868360059471491823 1 0 0 0 0 0 0 0 0 0 0 0 0 0 0 0 0 0 0 0 0 0 0 0 0 0 0 0 0 0 0 0 0 0 0 0 0 0 0 0 0 0 0 0 0 0 0 0 0 0 0]
[912736464381111835135678848635605817225238233889725525754188015321674641690327416600153878266733747268048228131778882889480913344362550193094911894832507207 0 1 0 0 0 0 0 0 0 0 0 0 0 0 0 0 0 0 0 0 0 0 0 0 0 0 0 0 0 0 0 0 0 0 0 0 0 0 0 0 0 0 0 0 0 0 0 0 0 0 0]
[324564293053414802229118170083969610076877639239056907246997347898346033646336460956362179035974455249792300491765820337726835821542134860403465816539368226 0 0 1 0 0 0 0 0 0 0 0 0 0 0 0 0 0 0 0 0 0 0 0 0 0 0 0 0 0 0 0 0 0 0 0 0 0 0 0 0 0 0 0 0 0 0 0 0 0 0 0]
[492536995967699249129911857223740386912961534901224294119842139918466306915884176661935196931486545326114261547532552807219302669870547239518603623280974397 0 0 0 1 0 0 0 0 0 0 0 0 0 0 0 0 0 0 0 0 0 0 0 0 0 0 0 0 0 0 0 0 0 0 0 0 0 0 0 0 0 0 0 0 0 0 0 0 0 0 0]
[299703027966175696156076001253826104907693844817666057418030889652084838583268663609959620488016740414018274031176683191395655739053017446515837705801144734 0 0 0 0 1 0 0 0 0 0 0 0 0 0 0 0 0 0 0 0 0 0 0 0 0 0 0 0 0 0 0 0 0 0 0 0 0 0 0 0 0 0 0 0 0 0 0 0 0 0 0]
[22982434693089958477555030759112310644278324771885211609622001147731912158648834845554698995460937437138920960576078652907297661435792886819426271503307181 0 0 0 0 0 1 0 0 0 0 0 0 0 0 0 0 0 0 0 0 0 0 0 0 0 0 0 0 0 0 0 0 0 0 0 0 0 0 0 0 0 0 0 0 0 0 0 0 0 0 0]
[835546028706017838171266715933531810632976721904016687206520089230049205381266296860387617156321841163221694685365360020740336704451405969369447821549611443 0 0 0 0 0 0 1 0 0 0 0 0 0 0 0 0 0 0 0 0 0 0 0 0 0 0 0 0 0 0 0 0 0 0 0 0 0 0 0 0 0 0 0 0 0 0 0 0 0 0 0]
[329184640448446020325493351417393223428350415640120520176214071165012153568936251399911662668530640921650143454618373748954299578644978575485923301538260845 0 0 0 0 0 0 0 1 0 0 0 0 0 0 0 0 0 0 0 0 0 0 0 0 0 0 0 0 0 0 0 0 0 0 0 0 0 0 0 0 0 0 0 0 0 0 0 0 0 0 0]
[1400928342498870667670026079227596471202159066322908207090822062395363767889511569249709796031091838008311808770154961414731263954906161765128444153102942001 0 0 0 0 0 0 0 0 1 0 0 0 0 0 0 0 0 0 0 0 0 0 0 0 0 0 0 0 0 0 0 0 0 0 0 0 0 0 0 0 0 0 0 0 0 0 0 0 0 0 0]
[1442427946125978982773022541359333803309574201579700945018901209494112269827032651104031469278473979746237148389870920917991086863470681796701484917983396568 0 0 0 0 0 0 0 0 0 1 0 0 0 0 0 0 0 0 0 0 0 0 0 0 0 0 0 0 0 0 0 0 0 0 0 0 0 0 0 0 0 0 0 0 0 0 0 0 0 0 0]
[1433839368032868951809532457044605559099709920178274079845157549919005651633209520060220628531806695123334398153153611828377816938892102994264889087736249896 0 0 0 0 0 0 0 0 0 0 1 0 0 0 0 0 0 0 0 0 0 0 0 0 0 0 0 0 0 0 0 0 0 0 0 0 0 0 0 0 0 0 0 0 0 0 0 0 0 0 0]
[1534726240363675308610617480964607628752550663351243661967414197445646975952234730316466304920029251291971350037017558607380462765337401488662093262305139336 0 0 0 0 0 0 0 0 0 0 0 1 0 0 0 0 0 0 0 0 0 0 0 0 0 0 0 0 0 0 0 0 0 0 0 0 0 0 0 0 0 0 0 0 0 0 0 0 0 0 0]
[1087486287155032446171578395610525566929477966068622351266172439341315002693426339950737051313385507143813315094054756847723206264305950298853832432482445707 0 0 0 0 0 0 0 0 0 0 0 0 1 0 0 0 0 0 0 0 0 0 0 0 0 0 0 0 0 0 0 0 0 0 0 0 0 0 0 0 0 0 0 0 0 0 0 0 0 0 0]
[833533830516780358694626488834944068017714158386325409367450612746536202209782604679256955682154862210109128301560362340564214633871115644534400555963127975 0 0 0 0 0 0 0 0 0 0 0 0 0 1 0 0 0 0 0 0 0 0 0 0 0 0 0 0 0 0 0 0 0 0 0 0 0 0 0 0 0 0 0 0 0 0 0 0 0 0 0]
[942101446832148430163923106226822911119960172027282778564127718577952775292166531436630497339492059397330300659488095662239121780775965146216768387876243358 0 0 0 0 0 0 0 0 0 0 0 0 0 0 1 0 0 0 0 0 0 0 0 0 0 0 0 0 0 0 0 0 0 0 0 0 0 0 0 0 0 0 0 0 0 0 0 0 0 0 0]
[1049527600535339680282005894583575543882324731073044645549368077348574161098880508202454665531731373384409169357058225348209513581357457436951865625965222919 0 0 0 0 0 0 0 0 0 0 0 0 0 0 0 1 0 0 0 0 0 0 0 0 0 0 0 0 0 0 0 0 0 0 0 0 0 0 0 0 0 0 0 0 0 0 0 0 0 0 0]
[1640085200628402433754926853530828310916753041879731938721834579993828520867942442265034074962228600480567269629010343701716023364350824776932556499654599778 0 0 0 0 0 0 0 0 0 0 0 0 0 0 0 0 1 0 0 0 0 0 0 0 0 0 0 0 0 0 0 0 0 0 0 0 0 0 0 0 0 0 0 0 0 0 0 0 0 0 0]
[491215077432904921661697886181262750751386655194674403346542826760942376384329722780071387165086026838248707078424440920317506147756410222956856367593844592 0 0 0 0 0 0 0 0 0 0 0 0 0 0 0 0 0 1 0 0 0 0 0 0 0 0 0 0 0 0 0 0 0 0 0 0 0 0 0 0 0 0 0 0 0 0 0 0 0 0 0]
[108253970051505947671349153493500339033845273322817915366663359064364055106362628902859078055833417073635042970029178778768231583148435656953210705940870763 0 0 0 0 0 0 0 0 0 0 0 0 0 0 0 0 0 0 1 0 0 0 0 0 0 0 0 0 0 0 0 0 0 0 0 0 0 0 0 0 0 0 0 0 0 0 0 0 0 0 0]
[1329149144299854029103306684660675228870721218429957713789342657280185958458328371716869206164833720949878502260680494077395313240311270119458057178215797848 0 0 0 0 0 0 0 0 0 0 0 0 0 0 0 0 0 0 0 1 0 0 0 0 0 0 0 0 0 0 0 0 0 0 0 0 0 0 0 0 0 0 0 0 0 0 0 0 0 0 0]
[1564445008721465884140355995811227224943619086475781635835720330503673070062031722561882324052483175794227157714954138323780614407376751033935124012903222312 0 0 0 0 0 0 0 0 0 0 0 0 0 0 0 0 0 0 0 0 1 0 0 0 0 0 0 0 0 0 0 0 0 0 0 0 0 0 0 0 0 0 0 0 0 0 0 0 0 0 0]
[650552487252245297869600684124168709109689716448577619256867059068287344791114239979368923290794022278085266734517467266934930254204595058322614612403138041 0 0 0 0 0 0 0 0 0 0 0 0 0 0 0 0 0 0 0 0 0 1 0 0 0 0 0 0 0 0 0 0 0 0 0 0 0 0 0 0 0 0 0 0 0 0 0 0 0 0 0]
[1421774854092402849910684638162954809743933599167899358400686400852843307807684441458156339414797537496581510866091431013176424942017099823785661386312555462 0 0 0 0 0 0 0 0 0 0 0 0 0 0 0 0 0 0 0 0 0 0 1 0 0 0 0 0 0 0 0 0 0 0 0 0 0 0 0 0 0 0 0 0 0 0 0 0 0 0 0]
[1681956829880482662573427979636934403065368161365333371087781707364919626493214792184007522355733761109689630748628096721387829153832520707957407133519480907 0 0 0 0 0 0 0 0 0 0 0 0 0 0 0 0 0 0 0 0 0 0 0 1 0 0 0 0 0 0 0 0 0 0 0 0 0 0 0 0 0 0 0 0 0 0 0 0 0 0 0]
[10306124756999701486768155496737817843312766034034854190098794144335989838442963699410154135523593400893578963578186300968085097546147000328874621193838597 0 0 0 0 0 0 0 0 0 0 0 0 0 0 0 0 0 0 0 0 0 0 0 0 1 0 0 0 0 0 0 0 0 0 0 0 0 0 0 0 0 0 0 0 0 0 0 0 0 0 0]
[917417019615064354207512199937181584671471626452429414127427067006369667143130373358900245256238200444158095541990066729571101508137985436071151996895998688 0 0 0 0 0 0 0 0 0 0 0 0 0 0 0 0 0 0 0 0 0 0 0 0 0 1 0 0 0 0 0 0 0 0 0 0 0 0 0 0 0 0 0 0 0 0 0 0 0 0 0]
[460225425037223467817337685883141279577749643131608134195856608436308541385262624120181533394284564590721141105422401461284305805456685302079716643739834642 0 0 0 0 0 0 0 0 0 0 0 0 0 0 0 0 0 0 0 0 0 0 0 0 0 0 1 0 0 0 0 0 0 0 0 0 0 0 0 0 0 0 0 0 0 0 0 0 0 0 0]
[269110471069294853540305777549162548291255343462317785758401205236241665864404930176150524552465059814530131680813116754727152690219846097991335831425973874 0 0 0 0 0 0 0 0 0 0 0 0 0 0 0 0 0 0 0 0 0 0 0 0 0 0 0 1 0 0 0 0 0 0 0 0 0 0 0 0 0 0 0 0 0 0 0 0 0 0 0]
[88387183214955992717594949387277876161806967087486241578665993209729717263905129604577397698248823343985856744055255176036069429822290224243551030459054503 0 0 0 0 0 0 0 0 0 0 0 0 0 0 0 0 0 0 0 0 0 0 0 0 0 0 0 0 1 0 0 0 0 0 0 0 0 0 0 0 0 0 0 0 0 0 0 0 0 0 0]
[346663400846612114670058787715698678476009279208231029383885819232393263837729431119697641764739236783026693362280384503117240183600530339257085560725756442 0 0 0 0 0 0 0 0 0 0 0 0 0 0 0 0 0 0 0 0 0 0 0 0 0 0 0 0 0 1 0 0 0 0 0 0 0 0 0 0 0 0 0 0 0 0 0 0 0 0 0]
[910172928767535225271225401357408897274838328819033216162746189620964897364268379528801524483285003855788877449966995378640317591958666339139530200568955221 0 0 0 0 0 0 0 0 0 0 0 0 0 0 0 0 0 0 0 0 0 0 0 0 0 0 0 0 0 0 1 0 0 0 0 0 0 0 0 0 0 0 0 0 0 0 0 0 0 0 0]
[545279572007346278118547348101087125445004660461658383277026113807044086391945931725646292286602073702147491953553613143843911260669187962761344546897791626 0 0 0 0 0 0 0 0 0 0 0 0 0 0 0 0 0 0 0 0 0 0 0 0 0 0 0 0 0 0 0 1 0 0 0 0 0 0 0 0 0 0 0 0 0 0 0 0 0 0 0]
[1566647047213229211242282037606524996315674262268046114397488419654778396604137179463950214940308217375686045591633983919706056511391126129228065015095223804 0 0 0 0 0 0 0 0 0 0 0 0 0 0 0 0 0 0 0 0 0 0 0 0 0 0 0 0 0 0 0 0 1 0 0 0 0 0 0 0 0 0 0 0 0 0 0 0 0 0 0]
[659401062822161023939049113344760064741005228757095872001778568086932363934494610165683574837715294747781690474410180559062430534580986375641546569565315134 0 0 0 0 0 0 0 0 0 0 0 0 0 0 0 0 0 0 0 0 0 0 0 0 0 0 0 0 0 0 0 0 0 1 0 0 0 0 0 0 0 0 0 0 0 0 0 0 0 0 0]
[599758064013992983901903166911680860433870744421104125032253838214499266625553119617340419520439204314560074486136411020217609016091433901778973020621028146 0 0 0 0 0 0 0 0 0 0 0 0 0 0 0 0 0 0 0 0 0 0 0 0 0 0 0 0 0 0 0 0 0 0 1 0 0 0 0 0 0 0 0 0 0 0 0 0 0 0 0]
[738386155931405903070118739982392439027598407992910802724545343719549811244782421315469141165327760865310144449253085653081402174892149656024497866353786899 0 0 0 0 0 0 0 0 0 0 0 0 0 0 0 0 0 0 0 0 0 0 0 0 0 0 0 0 0 0 0 0 0 0 0 1 0 0 0 0 0 0 0 0 0 0 0 0 0 0 0]
[1628916083772870370750065604511695583005947606889677091347470341673479243262867806787429344494067306270495482409146622699667824710851414216885023731385863753 0 0 0 0 0 0 0 0 0 0 0 0 0 0 0 0 0 0 0 0 0 0 0 0 0 0 0 0 0 0 0 0 0 0 0 0 1 0 0 0 0 0 0 0 0 0 0 0 0 0 0]
[624245905210921040122523203072478595464706797249708442987067120483019624956013135220189253434372774191325125797521844496725547473621197224303531361823230832 0 0 0 0 0 0 0 0 0 0 0 0 0 0 0 0 0 0 0 0 0 0 0 0 0 0 0 0 0 0 0 0 0 0 0 0 0 1 0 0 0 0 0 0 0 0 0 0 0 0 0]
[36388145937941133453223028795985278817566280186813339552554211692344015523575194025714062479231703757333817027543582857459997981900880050635768569462329967 0 0 0 0 0 0 0 0 0 0 0 0 0 0 0 0 0 0 0 0 0 0 0 0 0 0 0 0 0 0 0 0 0 0 0 0 0 0 1 0 0 0 0 0 0 0 0 0 0 0 0]
[1060123550828907449810114901750665214621930828141776622500002747455839357574466298297832663075591527990561989742232047368781148044577487025121062950864831083 0 0 0 0 0 0 0 0 0 0 0 0 0 0 0 0 0 0 0 0 0 0 0 0 0 0 0 0 0 0 0 0 0 0 0 0 0 0 0 1 0 0 0 0 0 0 0 0 0 0 0]
[364496420147279001162101880396107734816315137511614960650955722827019149125337820572870251520950990689339648490143926699819041980320952789174724367921571453 0 0 0 0 0 0 0 0 0 0 0 0 0 0 0 0 0 0 0 0 0 0 0 0 0 0 0 0 0 0 0 0 0 0 0 0 0 0 0 0 1 0 0 0 0 0 0 0 0 0 0]
[1385979136526309294071735557656695760480148826826300218987103800802767072225652460408784029881115499580354718028124592948091789567607530443408290483147168298 0 0 0 0 0 0 0 0 0 0 0 0 0 0 0 0 0 0 0 0 0 0 0 0 0 0 0 0 0 0 0 0 0 0 0 0 0 0 0 0 0 1 0 0 0 0 0 0 0 0 0]
[1783736708582553662157706144058695956556231880389932300655767020851030143836878039368661949369020257038094317824331384532025137970887643923565152290950965938 0 0 0 0 0 0 0 0 0 0 0 0 0 0 0 0 0 0 0 0 0 0 0 0 0 0 0 0 0 0 0 0 0 0 0 0 0 0 0 0 0 0 1 0 0 0 0 0 0 0 0]
[1719811253403981947041685279373944126754885529889989346030459316925044641350172371014396903015088668299434209812121476994139059618086422599139941612876233343 0 0 0 0 0 0 0 0 0 0 0 0 0 0 0 0 0 0 0 0 0 0 0 0 0 0 0 0 0 0 0 0 0 0 0 0 0 0 0 0 0 0 0 1 0 0 0 0 0 0 0]
[1036300940366803016417828088841781496647882561055352863772917187657160024604353535385471057583773207312157148267949047030273680276413671251327595695233933855 0 0 0 0 0 0 0 0 0 0 0 0 0 0 0 0 0 0 0 0 0 0 0 0 0 0 0 0 0 0 0 0 0 0 0 0 0 0 0 0 0 0 0 0 1 0 0 0 0 0 0]
[1175261076860797972255388701447657361649438191572565772102147759185580583459363959104359682901527455503044271736232291872699294708096753801573145142681165670 0 0 0 0 0 0 0 0 0 0 0 0 0 0 0 0 0 0 0 0 0 0 0 0 0 0 0 0 0 0 0 0 0 0 0 0 0 0 0 0 0 0 0 0 0 1 0 0 0 0 0]
[1104640165159771830689746007551533271482787940416035452560981835452888672150559324469986776352542165877901691206878914090683789632973644777994530340548946248 0 0 0 0 0 0 0 0 0 0 0 0 0 0 0 0 0 0 0 0 0 0 0 0 0 0 0 0 0 0 0 0 0 0 0 0 0 0 0 0 0 0 0 0 0 0 1 0 0 0 0]
[1119765841614829980199492033948126171320572150783906145708705040715075531032712873147847461318194238510793433466957442226705114668944855041678101965052573794 0 0 0 0 0 0 0 0 0 0 0 0 0 0 0 0 0 0 0 0 0 0 0 0 0 0 0 0 0 0 0 0 0 0 0 0 0 0 0 0 0 0 0 0 0 0 0 1 0 0 0]
[1141523591903223181896747609881601501732730434867088278594627675077161939152706388753536840756507002275263637010625902483211128708220792110495713454473647214 0 0 0 0 0 0 0 0 0 0 0 0 0 0 0 0 0 0 0 0 0 0 0 0 0 0 0 0 0 0 0 0 0 0 0 0 0 0 0 0 0 0 0 0 0 0 0 0 1 0 0]
[850969293690153454592747656357871353888991277895201396429364399380417931640731715383737814060552831691048528077872360879586441770219969231807342421505838170 0 0 0 0 0 0 0 0 0 0 0 0 0 0 0 0 0 0 0 0 0 0 0 0 0 0 0 0 0 0 0 0 0 0 0 0 0 0 0 0 0 0 0 0 0 0 0 0 0 1 0]
[300224572105597433773501233963864776521496026618820336922304256941054133380810375386264045320786120614505563192883899148433311678152206834616596536535666085 0 0 0 0 0 0 0 0 0 0 0 0 0 0 0 0 0 0 0 0 0 0 0 0 0 0 0 0 0 0 0 0 0 0 0 0 0 0 0 0 0 0 0 0 0 0 0 0 0 0 1]
]
52 53 3
[1 1 1 1 1 1 1 1 1 1 1 1 1 1 1 1 1 1 1 1 1 1 1 1 1 1 1 1 1 1 1 1 1 1 1 1 1 1 1 1 1 1 1 1 1 1 1 1 1 1 1 1 1]
