[[2329144548281469663814553801453326123234733494816760057883631963709976107828056520454962466696967495562344522344272189898843960201183728785888306464380166017 0 0 0 0 0 0 0 0 0 0 0 0 0 0 0 0 0 0 0 0 0 0 0 0 0 0 0 0 0 0 0 0 0 0 0 0 0 0 0 0 0 0 0 0 0 0 0 0 0 0 0]
[1825185155900150045838717926704327824629181730098520877537218876671886701346301438669015575885134508101246323993985037015669289526451007833469245183631237889 1 0 0 0 0 0 0 0 0 0 0 0 0 0 0 0 0 0 0 0 0 0 0 0 0 0 0 0 0 0 0 0 0 0 0 0 0 0 0 0 0 0 0 0 0 0 0 0 0 0 0]
[2146237032873911884695205792530749857900474816402432329385351254448233285035286918211971057147637303531679976123992323742381109926339023040594268926732592162 0 1 0 0 0 0 0 0 0 0 0 0 0 0 0 0 0 0 0 0 0 0 0 0 0 0 0 0 0 0 0 0 0 0 0 0 0 0 0 0 0 0 0 0 0 0 0 0 0 0 0]
[1717016223271757599968848637694962358224752120804049992027027531049486803526669892652728866767141773860325726461336703996630058268036725909213264976324305346 0 0 1 0 0 0 0 0 0 0 0 0 0 0 0 0 0 0 0 0 0 0 0 0 0 0 0 0 0 0 0 0 0 0 0 0 0 0 0 0 0 0 0 0 0 0 0 0 0 0 0]
[884051419387221255776751716706061699288166085131050492588423323181205440978710835489880229163422200395856572012309996349847732555249331309716771856917669554 0 0 0 1 0 0 0 0 0 0 0 0 0 0 0 0 0 0 0 0 0 0 0 0 0 0 0 0 0 0 0 0 0 0 0 0 0 0 0 0 0 0 0 0 0 0 0 0 0 0 0]
[964469561401723012331518547778611415479300245296629322871485822335917513172139356030750996691621846133692624724652710511412422900368700652744470205747314135 0 0 0 0 1 0 0 0 0 0 0 0 0 0 0 0 0 0 0 0 0 0 0 0 0 0 0 0 0 0 0 0 0 0 0 0 0 0 0 0 0 0 0 0 0 0 0 0 0 0 0]
[1378784623403861738123070633107467927097448537885138121521935946168615400527271645349907672695922949177436683376781620072927038714533718129214439687565173650 0 0 0 0 0 1 0 0 0 0 0 0 0 0 0 0 0 0 0 0 0 0 0 0 0 0 0 0 0 0 0 0 0 0 0 0 0 0 0 0 0 0 0 0 0 0 0 0 0 0 0]
[141997145571729962644091564726817973479642045807227545170958636586835989531174922162496988267168000982153014647620762936227259536159170509841288342290083408 0 0 0 0 0 0 1 0 0 0 0 0 0 0 0 0 0 0 0 0 0 0 0 0 0 0 0 0 0 0 0 0 0 0 0 0 0 0 0 0 0 0 0 0 0 0 0 0 0 0 0]
[2074041523950956157846423484440968472175961235298816206944838315904469590698794649667876566232587653809060998692952667751920694035452835367298729221531916382 0 0 0 0 0 0 0 1 0 0 0 0 0 0 0 0 0 0 0 0 0 0 0 0 0 0 0 0 0 0 0 0 0 0 0 0 0 0 0 0 0 0 0 0 0 0 0 0 0 0 0]
[1916150247633467577224403831043564142127940727417575723152796879091512893551776964772249236669847384635916061148128745991403829264938326694830090745835511478 0 0 0 0 0 0 0 0 1 0 0 0 0 0 0 0 0 0 0 0 0 0 0 0 0 0 0 0 0 0 0 0 0 0 0 0 0 0 0 0 0 0 0 0 0 0 0 0 0 0 0]
[855626069301672866821336265507808294515850310708300634187627220337910968193745837992804027328075993567002992942576122734503634108916762845851592299230672854 0 0 0 0 0 0 0 0 0 1 0 0 0 0 0 0 0 0 0 0 0 0 0 0 0 0 0 0 0 0 0 0 0 0 0 0 0 0 0 0 0 0 0 0 0 0 0 0 0 0 0]
[1005244826506818619816399992122221023761224414865491349162640383325442053334184799864792560798127480478916505488006938902458171099983970506822491119311413181 0 0 0 0 0 0 0 0 0 0 1 0 0 0 0 0 0 0 0 0 0 0 0 0 0 0 0 0 0 0 0 0 0 0 0 0 0 0 0 0 0 0 0 0 0 0 0 0 0 0 0]
[572230976742271555470842530395673775400475878482955573570259861772288901667364095915420237847565361443899532817917469566406324724562879382169928188069624940 0 0 0 0 0 0 0 0 0 0 0 1 0 0 0 0 0 0 0 0 0 0 0 0 0 0 0 0 0 0 0 0 0 0 0 0 0 0 0 0 0 0 0 0 0 0 0 0 0 0 0]
[645279564836569548579253620890462373577001696409847009947645741206073367068248743120575434623905599448493135141938760244222226761750237570899242225834656837 0 0 0 0 0 0 0 0 0 0 0 0 1 0 0 0 0 0 0 0 0 0 0 0 0 0 0 0 0 0 0 0 0 0 0 0 0 0 0 0 0 0 0 0 0 0 0 0 0 0 0]
[501460633784453009628893304631248093373038853157175483177818982147679172173738452706046943645463877430451548755851217000679636446609475431463749056111458920 0 0 0 0 0 0 0 0 0 0 0 0 0 1 0 0 0 0 0 0 0 0 0 0 0 0 0 0 0 0 0 0 0 0 0 0 0 0 0 0 0 0 0 0 0 0 0 0 0 0 0]
[1680968355669987069156668774398258289199616278949947601609774484379071206814510403277092473749738222382533316342588231431266282614932060238549502056650613387 0 0 0 0 0 0 0 0 0 0 0 0 0 0 1 0 0 0 0 0 0 0 0 0 0 0 0 0 0 0 0 0 0 0 0 0 0 0 0 0 0 0 0 0 0 0 0 0 0 0 0]
[754527565830001097529255555633468630438373263081457456300129073957596682802815835711853473571423820645526984654781513601958153478209020595374213779484880313 0 0 0 0 0 0 0 0 0 0 0 0 0 0 0 1 0 0 0 0 0 0 0 0 0 0 0 0 0 0 0 0 0 0 0 0 0 0 0 0 0 0 0 0 0 0 0 0 0 0 0]
[1984662293255629045817629027368735383404632517610719157625817543913080548541310495904700101496337577515459609208949411592998544502782020104593530737737133906 0 0 0 0 0 0 0 0 0 0 0 0 0 0 0 0 1 0 0 0 0 0 0 0 0 0 0 0 0 0 0 0 0 0 0 0 0 0 0 0 0 0 0 0 0 0 0 0 0 0 0]
[1648655913514732704853662719842632859756956569116478221130623615382477454895522742938344341648717749538494163534640454238543341035821778943100003990685072077 0 0 0 0 0 0 0 0 0 0 0 0 0 0 0 0 0 1 0 0 0 0 0 0 0 0 0 0 0 0 0 0 0 0 0 0 0 0 0 0 0 0 0 0 0 0 0 0 0 0 0]
[2226414155420382231365021283651894997300364299288578017392391899024838400065524571185284774441983068150539553384091463091444008875434148414078606440206277576 0 0 0 0 0 0 0 0 0 0 0 0 0 0 0 0 0 0 1 0 0 0 0 0 0 0 0 0 0 0 0 0 0 0 0 0 0 0 0 0 0 0 0 0 0 0 0 0 0 0 0]
[1175126521231761495045049050778354968829207623946078541563500777281919046142798453677555530202184730117770480649632611682686386416660557664312750238955854209 0 0 0 0 0 0 0 0 0 0 0 0 0 0 0 0 0 0 0 1 0 0 0 0 0 0 0 0 0 0 0 0 0 0 0 0 0 0 0 0 0 0 0 0 0 0 0 0 0 0 0]
[1309639773981057698699996342769860657033834287337800449924990447177833417926837917433791716666028411579477680830793991567703392978736449116339944320038720026 0 0 0 0 0 0 0 0 0 0 0 0 0 0 0 0 0 0 0 0 1 0 0 0 0 0 0 0 0 0 0 0 0 0 0 0 0 0 0 0 0 0 0 0 0 0 0 0 0 0 0]
[1928624062752288531478428807102255522598635990121171110853463835840550163341479135282492203307589053791540987280725555796522000783471280602043298711892259362 0 0 0 0 0 0 0 0 0 0 0 0 0 0 0 0 0 0 0 0 0 1 0 0 0 0 0 0 0 0 0 0 0 0 0 0 0 0 0 0 0 0 0 0 0 0 0 0 0 0 0]
[1073436978685584548311846238700671223114213882661122206789612644237904626147552052406231857804384326285326359071487042536090214314814950685000133572831871280 0 0 0 0 0 0 0 0 0 0 0 0 0 0 0 0 0 0 0 0 0 0 1 0 0 0 0 0 0 0 0 0 0 0 0 0 0 0 0 0 0 0 0 0 0 0 0 0 0 0 0]
[1613588777134169220193771589704100013314759778932320184334693355450050702399625509800197185461218379669279920691550873318788186957108552449508482903937271527 0 0 0 0 0 0 0 0 0 0 0 0 0 0 0 0 0 0 0 0 0 0 0 1 0 0 0 0 0 0 0 0 0 0 0 0 0 0 0 0 0 0 0 0 0 0 0 0 0 0 0]
[1686795580609752951339284964562643500336247846093024858122442593754241228818823028882899325673396079999489939954637266269235125837213397571867946987346125660 0 0 0 0 0 0 0 0 0 0 0 0 0 0 0 0 0 0 0 0 0 0 0 0 1 0 0 0 0 0 0 0 0 0 0 0 0 0 0 0 0 0 0 0 0 0 0 0 0 0 0]
[79422249246319074946613000809015359864628002925165218830401609294064443495645197649259170706478786530076202620457900927672925633394103391090270450929429328 0 0 0 0 0 0 0 0 0 0 0 0 0 0 0 0 0 0 0 0 0 0 0 0 0 1 0 0 0 0 0 0 0 0 0 0 0 0 0 0 0 0 0 0 0 0 0 0 0 0 0]
[1596126586949229301227744144507694418220461627832495659459471039318360690682021115747883841966827502750076430401946836081109815945867474398791176262354149399 0 0 0 0 0 0 0 0 0 0 0 0 0 0 0 0 0 0 0 0 0 0 0 0 0 0 1 0 0 0 0 0 0 0 0 0 0 0 0 0 0 0 0 0 0 0 0 0 0 0 0]
[1733769035556035514991204291951321871230644345052791366489252298666982650007823732353192930403316485689440737695257554234241769010661219376307397745955291048 0 0 0 0 0 0 0 0 0 0 0 0 0 0 0 0 0 0 0 0 0 0 0 0 0 0 0 1 0 0 0 0 0 0 0 0 0 0 0 0 0 0 0 0 0 0 0 0 0 0 0]
[2091301322940208156626393375000627852668940810817141456908248894745199578425516680203232926417486518168501897360009010907851344120160367251555954663265182184 0 0 0 0 0 0 0 0 0 0 0 0 0 0 0 0 0 0 0 0 0 0 0 0 0 0 0 0 1 0 0 0 0 0 0 0 0 0 0 0 0 0 0 0 0 0 0 0 0 0 0]
[796860799101169683933398745846946076526008216077191647039235920664582126931828181329171255188791458842116122819911014129383456275554309807261947735813213692 0 0 0 0 0 0 0 0 0 0 0 0 0 0 0 0 0 0 0 0 0 0 0 0 0 0 0 0 0 1 0 0 0 0 0 0 0 0 0 0 0 0 0 0 0 0 0 0 0 0 0]
[689060173443451563906812066097784807306322507934915325584490861911309409179685322611641763752584321594404402263853335896763456848085616763772282718406715182 0 0 0 0 0 0 0 0 0 0 0 0 0 0 0 0 0 0 0 0 0 0 0 0 0 0 0 0 0 0 1 0 0 0 0 0 0 0 0 0 0 0 0 0 0 0 0 0 0 0 0]
[1719040537963203879050417997632774789726816690517771899797506367595035756698426723363629155480000115089348274484491116512115312747324060790629844256992716904 0 0 0 0 0 0 0 0 0 0 0 0 0 0 0 0 0 0 0 0 0 0 0 0 0 0 0 0 0 0 0 1 0 0 0 0 0 0 0 0 0 0 0 0 0 0 0 0 0 0 0]
[2286188487443678851044726393118754467208937173725374048773183822163396438646108636066178020993378051514299436188612323884479317145152485468003089093583155509 0 0 0 0 0 0 0 0 0 0 0 0 0 0 0 0 0 0 0 0 0 0 0 0 0 0 0 0 0 0 0 0 1 0 0 0 0 0 0 0 0 0 0 0 0 0 0 0 0 0 0]
[60229442276115350074812945190929938184106236449861782917018569461997667652175827538366961802397554605537558444594589610462836932816192437668620984618645687 0 0 0 0 0 0 0 0 0 0 0 0 0 0 0 0 0 0 0 0 0 0 0 0 0 0 0 0 0 0 0 0 0 1 0 0 0 0 0 0 0 0 0 0 0 0 0 0 0 0 0]
[901523745726002869826763534004275954469173809641434676231280423252836609934155304381572560660170069275993796771588640768126284412150853968409485538089075869 0 0 0 0 0 0 0 0 0 0 0 0 0 0 0 0 0 0 0 0 0 0 0 0 0 0 0 0 0 0 0 0 0 0 1 0 0 0 0 0 0 0 0 0 0 0 0 0 0 0 0]
[129378247279620241975515845395950312373985111816702882647554541054636278854722159805465692596768220147155982028400854258917359610780463263447713316651929393 0 0 0 0 0 0 0 0 0 0 0 0 0 0 0 0 0 0 0 0 0 0 0 0 0 0 0 0 0 0 0 0 0 0 0 1 0 0 0 0 0 0 0 0 0 0 0 0 0 0 0]
[2120473519357855100645723714981500210044508192173768931290988669594596545536633253709930470148480148366242904598360254853802530608663828651227147946721781717 0 0 0 0 0 0 0 0 0 0 0 0 0 0 0 0 0 0 0 0 0 0 0 0 0 0 0 0 0 0 0 0 0 0 0 0 1 0 0 0 0 0 0 0 0 0 0 0 0 0 0]
[131145722048444151027797455282601911330928535098966452966189394862135101651894326351965645230121545410883980886674302573344896826024589927214686880327829598 0 0 0 0 0 0 0 0 0 0 0 0 0 0 0 0 0 0 0 0 0 0 0 0 0 0 0 0 0 0 0 0 0 0 0 0 0 1 0 0 0 0 0 0 0 0 0 0 0 0 0]
[673745990889074580649166573216729888150073271824632944362546663024517838615113603096620016135279233040924616046547802196973700844692175828369581586743023217 0 0 0 0 0 0 0 0 0 0 0 0 0 0 0 0 0 0 0 0 0 0 0 0 0 0 0 0 0 0 0 0 0 0 0 0 0 0 1 0 0 0 0 0 0 0 0 0 0 0 0]
[317035216105926734055276842387119656759396102129543287342914261410773316230775690826967833344630019776606071138176289796335446854179030206240521267960908353 0 0 0 0 0 0 0 0 0 0 0 0 0 0 0 0 0 0 0 0 0 0 0 0 0 0 0 0 0 0 0 0 0 0 0 0 0 0 0 1 0 0 0 0 0 0 0 0 0 0 0]
[1743821819097601324962899388917174447619611600304913143196308474405039067717986691946558546011494848530256114269177023518191597081847910529348622353518311807 0 0 0 0 0 0 0 0 0 0 0 0 0 0 0 0 0 0 0 0 0 0 0 0 0 0 0 0 0 0 0 0 0 0 0 0 0 0 0 0 1 0 0 0 0 0 0 0 0 0 0]
[1950900182410047871350852119893122574393793624585230226301361128678068841428558092398581165030189432954065776372382355500723238314614668551291574726351495198 0 0 0 0 0 0 0 0 0 0 0 0 0 0 0 0 0 0 0 0 0 0 0 0 0 0 0 0 0 0 0 0 0 0 0 0 0 0 0 0 0 1 0 0 0 0 0 0 0 0 0]
[26878122683740203841929133541916173121044208567752754540943808563956032625893442904388077872731082158155182205027577076438940214709293036121505598467319948 0 0 0 0 0 0 0 0 0 0 0 0 0 0 0 0 0 0 0 0 0 0 0 0 0 0 0 0 0 0 0 0 0 0 0 0 0 0 0 0 0 0 1 0 0 0 0 0 0 0 0]
[1211490740346960794827698407848868198000721431961202236034537840105011220603902851364303310403295520952985896489967547889348844309820237400655709747041614595 0 0 0 0 0 0 0 0 0 0 0 0 0 0 0 0 0 0 0 0 0 0 0 0 0 0 0 0 0 0 0 0 0 0 0 0 0 0 0 0 0 0 0 1 0 0 0 0 0 0 0]
[2091332241474691804494748918566842031660548380314444570701954852445508852597617558250448293556307236964847529299387583629173537733223562671512803349343232970 0 0 0 0 0 0 0 0 0 0 0 0 0 0 0 0 0 0 0 0 0 0 0 0 0 0 0 0 0 0 0 0 0 0 0 0 0 0 0 0 0 0 0 0 1 0 0 0 0 0 0]
[268954373313279378513615795187859874662791436383031709937911838782661094379299004066366506850509626585589403063037083908868573738918858692240849103374450034 0 0 0 0 0 0 0 0 0 0 0 0 0 0 0 0 0 0 0 0 0 0 0 0 0 0 0 0 0 0 0 0 0 0 0 0 0 0 0 0 0 0 0 0 0 1 0 0 0 0 0]
[1976793154410960757059839862563028743595991484523390536714163193700266975080326032996899011062195791632436914520413992545738176600011043713969596926380864873 0 0 0 0 0 0 0 0 0 0 0 0 0 0 0 0 0 0 0 0 0 0 0 0 0 0 0 0 0 0 0 0 0 0 0 0 0 0 0 0 0 0 0 0 0 0 1 0 0 0 0]
[1077628472323027463258169040966288798355828627968303515877261667201847573786251230432051985533273520431654329498380624442200746622976500065004741943430820357 0 0 0 0 0 0 0 0 0 0 0 0 0 0 0 0 0 0 0 0 0 0 0 0 0 0 0 0 0 0 0 0 0 0 0 0 0 0 0 0 0 0 0 0 0 0 0 1 0 0 0]
[451205487538958981301140144980020308164829001212546440621254737832740751357794751261939580302879141825672901949506743632510370097276583686227708929988319351 0 0 0 0 0 0 0 0 0 0 0 0 0 0 0 0 0 0 0 0 0 0 0 0 0 0 0 0 0 0 0 0 0 0 0 0 0 0 0 0 0 0 0 0 0 0 0 0 1 0 0]
[2121643417784737764230523757156845645227008102911679421184024657509631907924134949520520076422301250626031630805606328542790083307353077978660764833553253328 0 0 0 0 0 0 0 0 0 0 0 0 0 0 0 0 0 0 0 0 0 0 0 0 0 0 0 0 0 0 0 0 0 0 0 0 0 0 0 0 0 0 0 0 0 0 0 0 0 1 0]
[948138252285029457221715228406659880435745705244699055767036751898484203870356004446196412970171474781964187381669309895679867163784752940187495542137146566 0 0 0 0 0 0 0 0 0 0 0 0 0 0 0 0 0 0 0 0 0 0 0 0 0 0 0 0 0 0 0 0 0 0 0 0 0 0 0 0 0 0 0 0 0 0 0 0 0 0 1]
]
52 53 7
[1 1 1 1 1 1 1 1 1 1 1 1 1 1 1 1 1 1 1 1 1 1 1 1 1 1 1 1 1 1 1 1 1 1 1 1 1 1 1 1 1 1 1 1 1 1 1 1 1 1 1 1 1]
