[[2523766233451081053803559854892945939115844116327016414814041218701357988962194185115707394594437449102835076263528882948238634808591819639697554733476566023 0 0 0 0 0 0 0 0 0 0 0 0 0 0 0 0 0 0 0 0 0 0 0 0 0 0 0 0 0 0 0 0 0 0 0 0 0 0 0 0 0 0 0 0 0 0 0 0 0 0 0]
[1548744468411708919916413416745739773946237418032656001427686272536900434344756754460710764117483613835975200910999473320202393305388459449184314420168670832 1 0 0 0 0 0 0 0 0 0 0 0 0 0 0 0 0 0 0 0 0 0 0 0 0 0 0 0 0 0 0 0 0 0 0 0 0 0 0 0 0 0 0 0 0 0 0 0 0 0 0]
[345659218962190285869160444412332565057876683595969459921647843668679718477401876053867138096399052225781305538064718202946169779798738292363359114284956689 0 1 0 0 0 0 0 0 0 0 0 0 0 0 0 0 0 0 0 0 0 0 0 0 0 0 0 0 0 0 0 0 0 0 0 0 0 0 0 0 0 0 0 0 0 0 0 0 0 0 0]
[208056513287771357375347461337041443150689997051257916558415394463778847389270403407865420902567954537903569195772648644939721310546235917509694433052193424 0 0 1 0 0 0 0 0 0 0 0 0 0 0 0 0 0 0 0 0 0 0 0 0 0 0 0 0 0 0 0 0 0 0 0 0 0 0 0 0 0 0 0 0 0 0 0 0 0 0 0]
[1654066758400747865732406755791608221331031544302692722098310834751644441174120131491887730542604547674153239378165236978953458155896256950269170607094608027 0 0 0 1 0 0 0 0 0 0 0 0 0 0 0 0 0 0 0 0 0 0 0 0 0 0 0 0 0 0 0 0 0 0 0 0 0 0 0 0 0 0 0 0 0 0 0 0 0 0 0]
[552402880917106130093173720344094649269297888865209165342515533091098803133622326111900664351004506380068262470433142415713034057494301393462293027805484298 0 0 0 0 1 0 0 0 0 0 0 0 0 0 0 0 0 0 0 0 0 0 0 0 0 0 0 0 0 0 0 0 0 0 0 0 0 0 0 0 0 0 0 0 0 0 0 0 0 0 0]
[2078188713719614523518609387211811579564379750436654117261846701465433947517863039179179568448773372074970741995883966295722906054115002762943887345413576240 0 0 0 0 0 1 0 0 0 0 0 0 0 0 0 0 0 0 0 0 0 0 0 0 0 0 0 0 0 0 0 0 0 0 0 0 0 0 0 0 0 0 0 0 0 0 0 0 0 0 0]
[575824364441038942834047796482838166848088282846389764126029296702746759454923939173677675818996202193998596376245242385874975947221320435801785750155007209 0 0 0 0 0 0 1 0 0 0 0 0 0 0 0 0 0 0 0 0 0 0 0 0 0 0 0 0 0 0 0 0 0 0 0 0 0 0 0 0 0 0 0 0 0 0 0 0 0 0 0]
[179380917181328922130891382660600061379912293726359410049165807609578243274802258382010907932180394505115952663276782096458070483382476047030211356943639386 0 0 0 0 0 0 0 1 0 0 0 0 0 0 0 0 0 0 0 0 0 0 0 0 0 0 0 0 0 0 0 0 0 0 0 0 0 0 0 0 0 0 0 0 0 0 0 0 0 0 0]
[412737073980063541840137800986950408137482031950799921666467690111380434204902793551734646383035839551119363117369806545339163960756625670920455333280592390 0 0 0 0 0 0 0 0 1 0 0 0 0 0 0 0 0 0 0 0 0 0 0 0 0 0 0 0 0 0 0 0 0 0 0 0 0 0 0 0 0 0 0 0 0 0 0 0 0 0 0]
[2399079432498624936090870423940059635074068768502244076196122352393308689581438150435178577591451425323263963305991470890492726949881414245527430922144865457 0 0 0 0 0 0 0 0 0 1 0 0 0 0 0 0 0 0 0 0 0 0 0 0 0 0 0 0 0 0 0 0 0 0 0 0 0 0 0 0 0 0 0 0 0 0 0 0 0 0 0]
[1870219889390113353258739324068902033137867108071348172291459991837927307630768756373285106216765117162181904005101168697127401743703336067753503415682131844 0 0 0 0 0 0 0 0 0 0 1 0 0 0 0 0 0 0 0 0 0 0 0 0 0 0 0 0 0 0 0 0 0 0 0 0 0 0 0 0 0 0 0 0 0 0 0 0 0 0 0]
[454050893537286142030840204290388428774599154826993840790477988941197476409034542008113455136082815923459258834129743405393811082457188679309723368258916661 0 0 0 0 0 0 0 0 0 0 0 1 0 0 0 0 0 0 0 0 0 0 0 0 0 0 0 0 0 0 0 0 0 0 0 0 0 0 0 0 0 0 0 0 0 0 0 0 0 0 0]
[535426720170290294610490126392750733722612456602796715815317985098108105661664304179233345933968366579857801181362383423946032883226974224898225860955248337 0 0 0 0 0 0 0 0 0 0 0 0 1 0 0 0 0 0 0 0 0 0 0 0 0 0 0 0 0 0 0 0 0 0 0 0 0 0 0 0 0 0 0 0 0 0 0 0 0 0 0]
[1663138330644450971152351792237676434277416371165189189699775772466991917734725692477806593802974015929163734372666053261321699252762874560268674936505682000 0 0 0 0 0 0 0 0 0 0 0 0 0 1 0 0 0 0 0 0 0 0 0 0 0 0 0 0 0 0 0 0 0 0 0 0 0 0 0 0 0 0 0 0 0 0 0 0 0 0 0]
[1837441552922548155571979273264118646669172535868506623162489601340296694999065996177495948527002332229325440470237806968702186145419761365056908798511145599 0 0 0 0 0 0 0 0 0 0 0 0 0 0 1 0 0 0 0 0 0 0 0 0 0 0 0 0 0 0 0 0 0 0 0 0 0 0 0 0 0 0 0 0 0 0 0 0 0 0 0]
[1738548288136335578180799184744758318561393185024001172803904942712044822586174767105454549062675956156891667426018605227173267016021281913309054275206948467 0 0 0 0 0 0 0 0 0 0 0 0 0 0 0 1 0 0 0 0 0 0 0 0 0 0 0 0 0 0 0 0 0 0 0 0 0 0 0 0 0 0 0 0 0 0 0 0 0 0 0]
[1003035582842212937811034025660392297564335777635826549476916008445325307795862530866561913024027520634120679115210980669946056760348530987523512142815452280 0 0 0 0 0 0 0 0 0 0 0 0 0 0 0 0 1 0 0 0 0 0 0 0 0 0 0 0 0 0 0 0 0 0 0 0 0 0 0 0 0 0 0 0 0 0 0 0 0 0 0]
[191368556279698529324326383482539933545340018693146572191172563034419025935492833742361422283944744625839147730599787259936776613729233462722229975066773433 0 0 0 0 0 0 0 0 0 0 0 0 0 0 0 0 0 1 0 0 0 0 0 0 0 0 0 0 0 0 0 0 0 0 0 0 0 0 0 0 0 0 0 0 0 0 0 0 0 0 0]
[1481172264561874665051230430323537076678296896466251242173604194085957247840242765978015161113003687853004976406032793104963310860673458224610945143785384497 0 0 0 0 0 0 0 0 0 0 0 0 0 0 0 0 0 0 1 0 0 0 0 0 0 0 0 0 0 0 0 0 0 0 0 0 0 0 0 0 0 0 0 0 0 0 0 0 0 0 0]
[2428939685588745080248445594057501900268721688633446965566941129496790157944814717274740486237673643602321824959681459605639125444373765422421314513372716619 0 0 0 0 0 0 0 0 0 0 0 0 0 0 0 0 0 0 0 1 0 0 0 0 0 0 0 0 0 0 0 0 0 0 0 0 0 0 0 0 0 0 0 0 0 0 0 0 0 0 0]
[2134696360654601053221768696630033893678021413708438642793444650405020619591635945920227273529970115487376717041385827129702216644349223915293829552461839972 0 0 0 0 0 0 0 0 0 0 0 0 0 0 0 0 0 0 0 0 1 0 0 0 0 0 0 0 0 0 0 0 0 0 0 0 0 0 0 0 0 0 0 0 0 0 0 0 0 0 0]
[209571727069023350449099854673335117667464873767630219142324189491400663536608046363238307103862966727089127022930214513181460915798729603995945175509137161 0 0 0 0 0 0 0 0 0 0 0 0 0 0 0 0 0 0 0 0 0 1 0 0 0 0 0 0 0 0 0 0 0 0 0 0 0 0 0 0 0 0 0 0 0 0 0 0 0 0 0]
[1442127837217292138503761651174068725552514255458591854495732397152187186215633168918285881486755470184116066692782475191580213344065740486675298316316803267 0 0 0 0 0 0 0 0 0 0 0 0 0 0 0 0 0 0 0 0 0 0 1 0 0 0 0 0 0 0 0 0 0 0 0 0 0 0 0 0 0 0 0 0 0 0 0 0 0 0 0]
[2067204118412483201241055198051215048737619364536880683282340233486546630507419731769480161207330094286995872455278128707483077000942405675758575671505788278 0 0 0 0 0 0 0 0 0 0 0 0 0 0 0 0 0 0 0 0 0 0 0 1 0 0 0 0 0 0 0 0 0 0 0 0 0 0 0 0 0 0 0 0 0 0 0 0 0 0 0]
[376240278361474378710195950493142991195768623534783069972897636227397975996400158554465313641606397832824348378885470363959589914257244427683806649603065627 0 0 0 0 0 0 0 0 0 0 0 0 0 0 0 0 0 0 0 0 0 0 0 0 1 0 0 0 0 0 0 0 0 0 0 0 0 0 0 0 0 0 0 0 0 0 0 0 0 0 0]
[309543135874418691443991023837635620374764516289877730967878614389584774816769280196326895808818365375368698453554620029451517493539998356248432425591913550 0 0 0 0 0 0 0 0 0 0 0 0 0 0 0 0 0 0 0 0 0 0 0 0 0 1 0 0 0 0 0 0 0 0 0 0 0 0 0 0 0 0 0 0 0 0 0 0 0 0 0]
[2015356745485496234701287419622436248985728799583021647688151221149370403198431360656321646394725597669278535459248156349696428287564638072332397695468284419 0 0 0 0 0 0 0 0 0 0 0 0 0 0 0 0 0 0 0 0 0 0 0 0 0 0 1 0 0 0 0 0 0 0 0 0 0 0 0 0 0 0 0 0 0 0 0 0 0 0 0]
[1311344534775651551738801410854729770033597245760962775880295729217196010472033210830813890347383503780426491658453577623269753988969329434592079731661293648 0 0 0 0 0 0 0 0 0 0 0 0 0 0 0 0 0 0 0 0 0 0 0 0 0 0 0 1 0 0 0 0 0 0 0 0 0 0 0 0 0 0 0 0 0 0 0 0 0 0 0]
[1881009118708653283055675056193033787433362196853349393777976594442518455875851888759783478243733338327272213531447211191047221541826521715726780867751442703 0 0 0 0 0 0 0 0 0 0 0 0 0 0 0 0 0 0 0 0 0 0 0 0 0 0 0 0 1 0 0 0 0 0 0 0 0 0 0 0 0 0 0 0 0 0 0 0 0 0 0]
[964014486204211343791480930806697900014545448172011315302169677326959113615117236371852566806991945743269559505934196604668603630101547065553220583170548489 0 0 0 0 0 0 0 0 0 0 0 0 0 0 0 0 0 0 0 0 0 0 0 0 0 0 0 0 0 1 0 0 0 0 0 0 0 0 0 0 0 0 0 0 0 0 0 0 0 0 0]
[498480755898490327431216753814931800021699013911919314590781877000714773697694988349333160348069973619942324027523142369953806645949653893422942275987435580 0 0 0 0 0 0 0 0 0 0 0 0 0 0 0 0 0 0 0 0 0 0 0 0 0 0 0 0 0 0 1 0 0 0 0 0 0 0 0 0 0 0 0 0 0 0 0 0 0 0 0]
[1402119054978850340813936098763020080209667923611464496092223002678718246950340374721496766319703023325829466935059543762740058385744943524855055212271397808 0 0 0 0 0 0 0 0 0 0 0 0 0 0 0 0 0 0 0 0 0 0 0 0 0 0 0 0 0 0 0 1 0 0 0 0 0 0 0 0 0 0 0 0 0 0 0 0 0 0 0]
[2496729141767322035547288780475050000634593784744952955904647472207140790325800257082350694617126981175044782893093896800440650345707058296173181838855993948 0 0 0 0 0 0 0 0 0 0 0 0 0 0 0 0 0 0 0 0 0 0 0 0 0 0 0 0 0 0 0 0 1 0 0 0 0 0 0 0 0 0 0 0 0 0 0 0 0 0 0]
[358541275287272637642321671776192701443115524591990131305428195008224970166624940621054368583039700198218231363783125132141425135720628101780414047205975588 0 0 0 0 0 0 0 0 0 0 0 0 0 0 0 0 0 0 0 0 0 0 0 0 0 0 0 0 0 0 0 0 0 1 0 0 0 0 0 0 0 0 0 0 0 0 0 0 0 0 0]
[520441541423602372548063565492927256321382675584300346623142517083820183433442135862411527714308981628516727963045186221916056773111934285297454172435214510 0 0 0 0 0 0 0 0 0 0 0 0 0 0 0 0 0 0 0 0 0 0 0 0 0 0 0 0 0 0 0 0 0 0 1 0 0 0 0 0 0 0 0 0 0 0 0 0 0 0 0]
[791466267529250536485647933725353332252518934483219830083346205436645736767580090747565572880631511619967431503660461493377310086400675375386829316528086504 0 0 0 0 0 0 0 0 0 0 0 0 0 0 0 0 0 0 0 0 0 0 0 0 0 0 0 0 0 0 0 0 0 0 0 1 0 0 0 0 0 0 0 0 0 0 0 0 0 0 0]
[2221121162010168912535896069386060208053924248279214775905637234411948790923935667881705171567556230873829257492887644916718137617598954790861903242414435740 0 0 0 0 0 0 0 0 0 0 0 0 0 0 0 0 0 0 0 0 0 0 0 0 0 0 0 0 0 0 0 0 0 0 0 0 1 0 0 0 0 0 0 0 0 0 0 0 0 0 0]
[1915845034866446375721563789110680557179178949118132032426096596120926076411320643640723048579024641039037232541259165426847254001093399545590123690142224535 0 0 0 0 0 0 0 0 0 0 0 0 0 0 0 0 0 0 0 0 0 0 0 0 0 0 0 0 0 0 0 0 0 0 0 0 0 1 0 0 0 0 0 0 0 0 0 0 0 0 0]
[235699717762544040789041810583748822917020237050203382398434259710908609585068400973638678532989070194521910991462219469239072874408339692389450969412008154 0 0 0 0 0 0 0 0 0 0 0 0 0 0 0 0 0 0 0 0 0 0 0 0 0 0 0 0 0 0 0 0 0 0 0 0 0 0 1 0 0 0 0 0 0 0 0 0 0 0 0]
[1145435366146789878014755776094831632094916741253752642174372769924277140147902822725592634681543046608558075486020474247557225713692834898716194895999687339 0 0 0 0 0 0 0 0 0 0 0 0 0 0 0 0 0 0 0 0 0 0 0 0 0 0 0 0 0 0 0 0 0 0 0 0 0 0 0 1 0 0 0 0 0 0 0 0 0 0 0]
[665809493290596907002909485427754317076554045696172812647796821207513239481821326249373457177459756089081896047365196106336869306571304653781084813237914301 0 0 0 0 0 0 0 0 0 0 0 0 0 0 0 0 0 0 0 0 0 0 0 0 0 0 0 0 0 0 0 0 0 0 0 0 0 0 0 0 1 0 0 0 0 0 0 0 0 0 0]
[2257537297638273622063982849377774904903867668732579464100454622820992036833156176028221891106890460523383868537966971407975425467171118480946288759356793137 0 0 0 0 0 0 0 0 0 0 0 0 0 0 0 0 0 0 0 0 0 0 0 0 0 0 0 0 0 0 0 0 0 0 0 0 0 0 0 0 0 1 0 0 0 0 0 0 0 0 0]
[1100545378111372623872445021996274731242459183658293860911463756308918547701947904174240286495203199760850938824085362104676744525346553591144920293565327957 0 0 0 0 0 0 0 0 0 0 0 0 0 0 0 0 0 0 0 0 0 0 0 0 0 0 0 0 0 0 0 0 0 0 0 0 0 0 0 0 0 0 1 0 0 0 0 0 0 0 0]
[2355342223958064767948729896699849527581031918139391491042990557247913502397274976139839087567012352368790177824159209474902198993636722438228536620198164600 0 0 0 0 0 0 0 0 0 0 0 0 0 0 0 0 0 0 0 0 0 0 0 0 0 0 0 0 0 0 0 0 0 0 0 0 0 0 0 0 0 0 0 1 0 0 0 0 0 0 0]
[746353146855163582061381514382097247196507986946940540646182155490840644997898816833555389298724153369490972080729748533507707847609631290828742458747304783 0 0 0 0 0 0 0 0 0 0 0 0 0 0 0 0 0 0 0 0 0 0 0 0 0 0 0 0 0 0 0 0 0 0 0 0 0 0 0 0 0 0 0 0 1 0 0 0 0 0 0]
[1004804936719859947888891797463515302723928055199182036631727135798113328548486365433583195938817429164885274031648868680964370590010927502787720609984759795 0 0 0 0 0 0 0 0 0 0 0 0 0 0 0 0 0 0 0 0 0 0 0 0 0 0 0 0 0 0 0 0 0 0 0 0 0 0 0 0 0 0 0 0 0 1 0 0 0 0 0]
[2127370732592583799886145789458645002011612941928447650600907100671605945305557749489008490570750262487077452317108188856202520692241837668029846832032334169 0 0 0 0 0 0 0 0 0 0 0 0 0 0 0 0 0 0 0 0 0 0 0 0 0 0 0 0 0 0 0 0 0 0 0 0 0 0 0 0 0 0 0 0 0 0 1 0 0 0 0]
[762138731608874331845926540622419081754799780592931180111642215567095243170125190979572059288146427988761932212610235354842476364481248796392297556658723724 0 0 0 0 0 0 0 0 0 0 0 0 0 0 0 0 0 0 0 0 0 0 0 0 0 0 0 0 0 0 0 0 0 0 0 0 0 0 0 0 0 0 0 0 0 0 0 1 0 0 0]
[1586435615864918605333188358341008675903920989736144082734159180780371837922688793088842090515041734821606010657158101332006562901484326104283513366114228230 0 0 0 0 0 0 0 0 0 0 0 0 0 0 0 0 0 0 0 0 0 0 0 0 0 0 0 0 0 0 0 0 0 0 0 0 0 0 0 0 0 0 0 0 0 0 0 0 1 0 0]
[2504455164965675306452622275310757307273318018577674608026768160713889722459358956308396811385893500756798433646269433986509751251236059235468927606006028728 0 0 0 0 0 0 0 0 0 0 0 0 0 0 0 0 0 0 0 0 0 0 0 0 0 0 0 0 0 0 0 0 0 0 0 0 0 0 0 0 0 0 0 0 0 0 0 0 0 1 0]
[1520962699771933166562457590468679720806505384828342862470652668872675977224101741485864609674152838275450794491027893558325472728218047056114014036599819296 0 0 0 0 0 0 0 0 0 0 0 0 0 0 0 0 0 0 0 0 0 0 0 0 0 0 0 0 0 0 0 0 0 0 0 0 0 0 0 0 0 0 0 0 0 0 0 0 0 0 1]
]
52 53 4
[1 1 1 1 1 1 1 1 1 1 1 1 1 1 1 1 1 1 1 1 1 1 1 1 1 1 1 1 1 1 1 1 1 1 1 1 1 1 1 1 1 1 1 1 1 1 1 1 1 1 1 1 1]
