[[2721841149800616927166120516513044230281833276495940278118994086235053981023755912531185869126241685844315414185857842411569820858057283860988034453121925390067857653151492348702436310720182891272411 0 0 0 0 0 0 0 0 0 0 0 0 0 0 0 0 0 0 0 0 0 0 0 0 0 0 0 0 0 0 0 0 0 0 0 0 0 0 0 0 0 0 0 0 0 0 0 0 0 0 0 0 0 0 0 0 0 0 0 0 0 0 0 0 0]
[1788090212902264275321246023520302561907207951550786159717909286789011867309827243640143034367966926621986876397577859088400816104740481195952734387300382365147098150062276962305964713746258646033764 1 0 0 0 0 0 0 0 0 0 0 0 0 0 0 0 0 0 0 0 0 0 0 0 0 0 0 0 0 0 0 0 0 0 0 0 0 0 0 0 0 0 0 0 0 0 0 0 0 0 0 0 0 0 0 0 0 0 0 0 0 0 0 0 0]
[2008416370299848743939204561754585274395901693268779868619747741054062854166422344259897143450450404995384286966535547330463198058775654757077756468802449032678745814864627627381756569721785704222678 0 1 0 0 0 0 0 0 0 0 0 0 0 0 0 0 0 0 0 0 0 0 0 0 0 0 0 0 0 0 0 0 0 0 0 0 0 0 0 0 0 0 0 0 0 0 0 0 0 0 0 0 0 0 0 0 0 0 0 0 0 0 0 0 0]
[1310801358489011333497040067785218880711964965323841885261404392378130618468162282215478597355814433079213633176071146303462025059779443774905529994733896872843237853087379168194467014235965689181915 0 0 1 0 0 0 0 0 0 0 0 0 0 0 0 0 0 0 0 0 0 0 0 0 0 0 0 0 0 0 0 0 0 0 0 0 0 0 0 0 0 0 0 0 0 0 0 0 0 0 0 0 0 0 0 0 0 0 0 0 0 0 0 0 0]
[676368573852969668018475936590708706269933887827499969957687742907886859586971947145936492540173409114861398911326409420182175794116529654341914759402679086494507658820295697577626978606044384020547 0 0 0 1 0 0 0 0 0 0 0 0 0 0 0 0 0 0 0 0 0 0 0 0 0 0 0 0 0 0 0 0 0 0 0 0 0 0 0 0 0 0 0 0 0 0 0 0 0 0 0 0 0 0 0 0 0 0 0 0 0 0 0 0 0]
[1735933731318423931977078250461142960301158584324140443055572299730207347382622218746864632925749932885229217834911344511004129267104656644046411276845954428888036009767370458593491187723925854740747 0 0 0 0 1 0 0 0 0 0 0 0 0 0 0 0 0 0 0 0 0 0 0 0 0 0 0 0 0 0 0 0 0 0 0 0 0 0 0 0 0 0 0 0 0 0 0 0 0 0 0 0 0 0 0 0 0 0 0 0 0 0 0 0 0]
[1943070689931413195243286359864435968438096242327341544465539557396347753370266175745957678636371382059716557853679608420498405317961527175793099099083841234491320802427137701011290483227551116762835 0 0 0 0 0 1 0 0 0 0 0 0 0 0 0 0 0 0 0 0 0 0 0 0 0 0 0 0 0 0 0 0 0 0 0 0 0 0 0 0 0 0 0 0 0 0 0 0 0 0 0 0 0 0 0 0 0 0 0 0 0 0 0 0 0]
[1592541952576939737984775945059215589172100484521491492791137337201347960792868109052517242277140414459001482583726782123474469475001803451641424122332407723898057280563595002183840742783384867227897 0 0 0 0 0 0 1 0 0 0 0 0 0 0 0 0 0 0 0 0 0 0 0 0 0 0 0 0 0 0 0 0 0 0 0 0 0 0 0 0 0 0 0 0 0 0 0 0 0 0 0 0 0 0 0 0 0 0 0 0 0 0 0 0 0]
[86329576614398714042934223014190495577081015517098168407963486670406614468994108275455979843558819227689184595699420136171847514416155463667479431278790075751849556253042888839053293835340859836353 0 0 0 0 0 0 0 1 0 0 0 0 0 0 0 0 0 0 0 0 0 0 0 0 0 0 0 0 0 0 0 0 0 0 0 0 0 0 0 0 0 0 0 0 0 0 0 0 0 0 0 0 0 0 0 0 0 0 0 0 0 0 0 0 0]
[1117183331069473495578807213043834510482093251339051288278507051327892637066304775960315934814871080637512235164726840188435554379030016411628311817941842927696222874752513006571947016599313601047287 0 0 0 0 0 0 0 0 1 0 0 0 0 0 0 0 0 0 0 0 0 0 0 0 0 0 0 0 0 0 0 0 0 0 0 0 0 0 0 0 0 0 0 0 0 0 0 0 0 0 0 0 0 0 0 0 0 0 0 0 0 0 0 0 0]
[1444219128451205996519248403501279150683571915449043474066221718987886547480294046955462600440006236875745280774100735276416136478148565945701788164185146631429605341126467945839389822964612118612027 0 0 0 0 0 0 0 0 0 1 0 0 0 0 0 0 0 0 0 0 0 0 0 0 0 0 0 0 0 0 0 0 0 0 0 0 0 0 0 0 0 0 0 0 0 0 0 0 0 0 0 0 0 0 0 0 0 0 0 0 0 0 0 0 0]
[1403981239222906302804781247236113345786529328458976724637402888972719169493802237187900215576507246448590312217931452393762168055876216559445267157321525757186901398315871113059471590673888649389145 0 0 0 0 0 0 0 0 0 0 1 0 0 0 0 0 0 0 0 0 0 0 0 0 0 0 0 0 0 0 0 0 0 0 0 0 0 0 0 0 0 0 0 0 0 0 0 0 0 0 0 0 0 0 0 0 0 0 0 0 0 0 0 0 0]
[36747208892730272192004136803392969564441615552818841885850981929049165260847861772194042211761256353977121679146865426113243966172093721795243868031905252095997111434494099076951307318095448288961 0 0 0 0 0 0 0 0 0 0 0 1 0 0 0 0 0 0 0 0 0 0 0 0 0 0 0 0 0 0 0 0 0 0 0 0 0 0 0 0 0 0 0 0 0 0 0 0 0 0 0 0 0 0 0 0 0 0 0 0 0 0 0 0 0]
[1169552463115085407739074139018896840249632275654827073626780570108739751472217031841369145108285745854432650280298887130832849538568644096675730666196139229772999997787341017119463760229387060778884 0 0 0 0 0 0 0 0 0 0 0 0 1 0 0 0 0 0 0 0 0 0 0 0 0 0 0 0 0 0 0 0 0 0 0 0 0 0 0 0 0 0 0 0 0 0 0 0 0 0 0 0 0 0 0 0 0 0 0 0 0 0 0 0 0]
[1900071773542330462841690879880844853527833270647174285606633373967780043032038233449779321910223255506822033830444994216164591150402667576355069214051073541723136433020621446083564517246857756072209 0 0 0 0 0 0 0 0 0 0 0 0 0 1 0 0 0 0 0 0 0 0 0 0 0 0 0 0 0 0 0 0 0 0 0 0 0 0 0 0 0 0 0 0 0 0 0 0 0 0 0 0 0 0 0 0 0 0 0 0 0 0 0 0 0]
[1933359233169060644267090190440225570283282955326364291668027044228070906489819170571249636200252118855525627328514063583209960776933689835337379492206832395672173434667170454297177960657940719399233 0 0 0 0 0 0 0 0 0 0 0 0 0 0 1 0 0 0 0 0 0 0 0 0 0 0 0 0 0 0 0 0 0 0 0 0 0 0 0 0 0 0 0 0 0 0 0 0 0 0 0 0 0 0 0 0 0 0 0 0 0 0 0 0 0]
[1075701321544111612387664495811589743803209867314315961968139446880576479601639474941833699077805391220476096618067287142018703545016610727619441091936465916483592213931189093082141061915819203528475 0 0 0 0 0 0 0 0 0 0 0 0 0 0 0 1 0 0 0 0 0 0 0 0 0 0 0 0 0 0 0 0 0 0 0 0 0 0 0 0 0 0 0 0 0 0 0 0 0 0 0 0 0 0 0 0 0 0 0 0 0 0 0 0 0]
[1201968526326022778694183927174180583879163703158253795863148808028967851611522255945357352779498260240592405183181184276669012112639378129745009003796308721765968785810621734823947634859475192093167 0 0 0 0 0 0 0 0 0 0 0 0 0 0 0 0 1 0 0 0 0 0 0 0 0 0 0 0 0 0 0 0 0 0 0 0 0 0 0 0 0 0 0 0 0 0 0 0 0 0 0 0 0 0 0 0 0 0 0 0 0 0 0 0 0]
[903115136890033167896426899391326467751052037507990023080122720500876897674187381122140393706770575440086624919699793620598124099392063973499870694761201821935188347895523009368844634603676555743971 0 0 0 0 0 0 0 0 0 0 0 0 0 0 0 0 0 1 0 0 0 0 0 0 0 0 0 0 0 0 0 0 0 0 0 0 0 0 0 0 0 0 0 0 0 0 0 0 0 0 0 0 0 0 0 0 0 0 0 0 0 0 0 0 0]
[850100863221966525059344478405074915424186404262734765653480763593695307152509074503805796170489297082547126898342760948941336548016641496484100132025767182246186513327812033890627484478579648281965 0 0 0 0 0 0 0 0 0 0 0 0 0 0 0 0 0 0 1 0 0 0 0 0 0 0 0 0 0 0 0 0 0 0 0 0 0 0 0 0 0 0 0 0 0 0 0 0 0 0 0 0 0 0 0 0 0 0 0 0 0 0 0 0 0]
[2030619680890656218037010854989511166436202261179477859556554192492381276249558005893396269607797260023230399742895777870244136245573041757817146916025041871088668368659818418746989633827362030339751 0 0 0 0 0 0 0 0 0 0 0 0 0 0 0 0 0 0 0 1 0 0 0 0 0 0 0 0 0 0 0 0 0 0 0 0 0 0 0 0 0 0 0 0 0 0 0 0 0 0 0 0 0 0 0 0 0 0 0 0 0 0 0 0 0]
[2129893144111909229051553095880470277527587153052036333220435559633482979600470163333628387412312476456822852850019038423152622392965585998627820702977787368810710988741122962712933070399885257897571 0 0 0 0 0 0 0 0 0 0 0 0 0 0 0 0 0 0 0 0 1 0 0 0 0 0 0 0 0 0 0 0 0 0 0 0 0 0 0 0 0 0 0 0 0 0 0 0 0 0 0 0 0 0 0 0 0 0 0 0 0 0 0 0 0]
[2258565330447483346177330117610599066266789092437819518562026644223634495380947428769033194196956706068830014349374104547089266094099165419804460354194897895752593777646089782769422359944668576402448 0 0 0 0 0 0 0 0 0 0 0 0 0 0 0 0 0 0 0 0 0 1 0 0 0 0 0 0 0 0 0 0 0 0 0 0 0 0 0 0 0 0 0 0 0 0 0 0 0 0 0 0 0 0 0 0 0 0 0 0 0 0 0 0 0]
[1478490991761817858948941751009281851213240855791365208445863137469187078677278521141237823049144509639159259868819576011260702959167004696301345597932258775457568614554397750782938050868627545142479 0 0 0 0 0 0 0 0 0 0 0 0 0 0 0 0 0 0 0 0 0 0 1 0 0 0 0 0 0 0 0 0 0 0 0 0 0 0 0 0 0 0 0 0 0 0 0 0 0 0 0 0 0 0 0 0 0 0 0 0 0 0 0 0 0]
[1474266231290787667884751198815831843145634429395982646939494312637953260175803982249849158411712881538087421098265465726977929237808338499128297471747366610310266162658324193440005135205550606363376 0 0 0 0 0 0 0 0 0 0 0 0 0 0 0 0 0 0 0 0 0 0 0 1 0 0 0 0 0 0 0 0 0 0 0 0 0 0 0 0 0 0 0 0 0 0 0 0 0 0 0 0 0 0 0 0 0 0 0 0 0 0 0 0 0]
[1420808515821162820994611640624769346862292134173742553520433166585425215818996288682667058523663453534187384569095432485794287344753532788079516319031787572459972620854067985334378860540076253384503 0 0 0 0 0 0 0 0 0 0 0 0 0 0 0 0 0 0 0 0 0 0 0 0 1 0 0 0 0 0 0 0 0 0 0 0 0 0 0 0 0 0 0 0 0 0 0 0 0 0 0 0 0 0 0 0 0 0 0 0 0 0 0 0 0]
[28560393164200904998329212645108451726542262949653921311316236388746827348220729758694334040995582559148512687574513371112857195681310209881933808382588977298529781540522702323910664438345655157771 0 0 0 0 0 0 0 0 0 0 0 0 0 0 0 0 0 0 0 0 0 0 0 0 0 1 0 0 0 0 0 0 0 0 0 0 0 0 0 0 0 0 0 0 0 0 0 0 0 0 0 0 0 0 0 0 0 0 0 0 0 0 0 0 0]
[1947287259011984750479889468770314796401387672002578007571956242465025368070673020813724895135164303211582855724810742393031677296956277036951804443973013343707380269253355584780367271460422061350685 0 0 0 0 0 0 0 0 0 0 0 0 0 0 0 0 0 0 0 0 0 0 0 0 0 0 1 0 0 0 0 0 0 0 0 0 0 0 0 0 0 0 0 0 0 0 0 0 0 0 0 0 0 0 0 0 0 0 0 0 0 0 0 0 0]
[109265107939020802325783787811631272392384121778177556630230471324213145623618626178283266746381303152620720576713374011689532119038132368334430569436989544654524351830332405261325485488293682115552 0 0 0 0 0 0 0 0 0 0 0 0 0 0 0 0 0 0 0 0 0 0 0 0 0 0 0 1 0 0 0 0 0 0 0 0 0 0 0 0 0 0 0 0 0 0 0 0 0 0 0 0 0 0 0 0 0 0 0 0 0 0 0 0 0]
[459229808121923042954193783948929120641391768276493748585179602450536819138822917753879081086445018377555042745657646607478392973294276316970252517510245395110801751246563817152160411637846877531067 0 0 0 0 0 0 0 0 0 0 0 0 0 0 0 0 0 0 0 0 0 0 0 0 0 0 0 0 1 0 0 0 0 0 0 0 0 0 0 0 0 0 0 0 0 0 0 0 0 0 0 0 0 0 0 0 0 0 0 0 0 0 0 0 0]
[1101205799638193496792130355292188981484212377225992060526485338066079163290059046968465765865084592681934968377032590865859319868420350213591446940908237691593601866972871572071771724438685372293889 0 0 0 0 0 0 0 0 0 0 0 0 0 0 0 0 0 0 0 0 0 0 0 0 0 0 0 0 0 1 0 0 0 0 0 0 0 0 0 0 0 0 0 0 0 0 0 0 0 0 0 0 0 0 0 0 0 0 0 0 0 0 0 0 0]
[663196856193946620746409499219954237500751855094334956469257993106228490133470699732475215389445178642274865025360956830920660279138147471915173456444730946074805552180062967171592211151508218754351 0 0 0 0 0 0 0 0 0 0 0 0 0 0 0 0 0 0 0 0 0 0 0 0 0 0 0 0 0 0 1 0 0 0 0 0 0 0 0 0 0 0 0 0 0 0 0 0 0 0 0 0 0 0 0 0 0 0 0 0 0 0 0 0 0]
[2279445964356544164165522845888408234277237142657978162932112567907380408676579667774351502829505012669816327405284582581947990259908829405129559974625651668747299592320974233955260829387704590460467 0 0 0 0 0 0 0 0 0 0 0 0 0 0 0 0 0 0 0 0 0 0 0 0 0 0 0 0 0 0 0 1 0 0 0 0 0 0 0 0 0 0 0 0 0 0 0 0 0 0 0 0 0 0 0 0 0 0 0 0 0 0 0 0 0]
[2330253293483535450321782550727243364720189358538780580298498409852475024625502500460158599039181947280460091169903902412448525478471008274756180177576643411883290982346401047432703844962058411602163 0 0 0 0 0 0 0 0 0 0 0 0 0 0 0 0 0 0 0 0 0 0 0 0 0 0 0 0 0 0 0 0 1 0 0 0 0 0 0 0 0 0 0 0 0 0 0 0 0 0 0 0 0 0 0 0 0 0 0 0 0 0 0 0 0]
[287400448259387627807951977989114691717453077692936148896653534355875431237500818475467171808940922829229787817426793768725544650062838474202291384613168276429354999092439985979991655067786173491399 0 0 0 0 0 0 0 0 0 0 0 0 0 0 0 0 0 0 0 0 0 0 0 0 0 0 0 0 0 0 0 0 0 1 0 0 0 0 0 0 0 0 0 0 0 0 0 0 0 0 0 0 0 0 0 0 0 0 0 0 0 0 0 0 0]
[2657770979747903888571383054671077793406575657506362221412422647083267646044716982756510534605854015992852604826390077008951390025381826754880719923456637148033527403617051703110340929894254767168863 0 0 0 0 0 0 0 0 0 0 0 0 0 0 0 0 0 0 0 0 0 0 0 0 0 0 0 0 0 0 0 0 0 0 1 0 0 0 0 0 0 0 0 0 0 0 0 0 0 0 0 0 0 0 0 0 0 0 0 0 0 0 0 0 0]
[8172960302244585422103818505139589105952452322641560648121798129860826158930580854450418112862472787912984974930767619254343535702270858992686833735446182431943438312141801460678088874820837809968 0 0 0 0 0 0 0 0 0 0 0 0 0 0 0 0 0 0 0 0 0 0 0 0 0 0 0 0 0 0 0 0 0 0 0 1 0 0 0 0 0 0 0 0 0 0 0 0 0 0 0 0 0 0 0 0 0 0 0 0 0 0 0 0 0]
[2592035570173164995976276333607763806803023951147889574661186967697913236801664380183395906382672130739268839019765041533365967993862643238904549635249637365513270734940087347888029303732896611374429 0 0 0 0 0 0 0 0 0 0 0 0 0 0 0 0 0 0 0 0 0 0 0 0 0 0 0 0 0 0 0 0 0 0 0 0 1 0 0 0 0 0 0 0 0 0 0 0 0 0 0 0 0 0 0 0 0 0 0 0 0 0 0 0 0]
[20761752130885553931202326643170134103997337360288012205263956979905079844336350353173912572876684182733133733462393827223996750397029148764534271953753905131864159676235881990661538796564146942477 0 0 0 0 0 0 0 0 0 0 0 0 0 0 0 0 0 0 0 0 0 0 0 0 0 0 0 0 0 0 0 0 0 0 0 0 0 1 0 0 0 0 0 0 0 0 0 0 0 0 0 0 0 0 0 0 0 0 0 0 0 0 0 0 0]
[1592922986704618395130809248849345658861781490350736976377907570635359696589340598388166786358324840561294506069681426191806903584165103953278170458578519289465615402627169698420468628566553537569132 0 0 0 0 0 0 0 0 0 0 0 0 0 0 0 0 0 0 0 0 0 0 0 0 0 0 0 0 0 0 0 0 0 0 0 0 0 0 1 0 0 0 0 0 0 0 0 0 0 0 0 0 0 0 0 0 0 0 0 0 0 0 0 0 0]
[2665683111367507007926498786067676366753473534559665934695902190726466468956496460971683502212506340204723883836367948996376332674784424740611482073842387594301210358812817131945925926471784006852034 0 0 0 0 0 0 0 0 0 0 0 0 0 0 0 0 0 0 0 0 0 0 0 0 0 0 0 0 0 0 0 0 0 0 0 0 0 0 0 1 0 0 0 0 0 0 0 0 0 0 0 0 0 0 0 0 0 0 0 0 0 0 0 0 0]
[1620217734437899463280599903932518456134122677059996509333920296725251510254359460802777653123510801103765507864992852979705100632143300601533114348502380563075885862184305630278606235378666111421209 0 0 0 0 0 0 0 0 0 0 0 0 0 0 0 0 0 0 0 0 0 0 0 0 0 0 0 0 0 0 0 0 0 0 0 0 0 0 0 0 1 0 0 0 0 0 0 0 0 0 0 0 0 0 0 0 0 0 0 0 0 0 0 0 0]
[1047355612078928818567806896100721063954826609721213794752831562738969158978087942466375525002280555374906823440675662934286879348340108760195180297391082011892186257039629266450784405034555040754022 0 0 0 0 0 0 0 0 0 0 0 0 0 0 0 0 0 0 0 0 0 0 0 0 0 0 0 0 0 0 0 0 0 0 0 0 0 0 0 0 0 1 0 0 0 0 0 0 0 0 0 0 0 0 0 0 0 0 0 0 0 0 0 0 0]
[1454778438558225784197461542424739944892941830596653134197985053706592885669418747447035371652191741125474126961607479307005630606464301106850051031105153433657874472379780321495341795685542968297780 0 0 0 0 0 0 0 0 0 0 0 0 0 0 0 0 0 0 0 0 0 0 0 0 0 0 0 0 0 0 0 0 0 0 0 0 0 0 0 0 0 0 1 0 0 0 0 0 0 0 0 0 0 0 0 0 0 0 0 0 0 0 0 0 0]
[2479295114013033324418041928070594830679832120962820273379967434053897246460222063025662393219641620726817499719384303654177867284357310844198519701787217247752299435958618729022634706261357868104806 0 0 0 0 0 0 0 0 0 0 0 0 0 0 0 0 0 0 0 0 0 0 0 0 0 0 0 0 0 0 0 0 0 0 0 0 0 0 0 0 0 0 0 1 0 0 0 0 0 0 0 0 0 0 0 0 0 0 0 0 0 0 0 0 0]
[2283506427622638600664403335825711725668487750670775726781040735508846304075932637522368938083179861318470502926224482898717374808686601417398338155462507283323692519085798686072869566486646201165606 0 0 0 0 0 0 0 0 0 0 0 0 0 0 0 0 0 0 0 0 0 0 0 0 0 0 0 0 0 0 0 0 0 0 0 0 0 0 0 0 0 0 0 0 1 0 0 0 0 0 0 0 0 0 0 0 0 0 0 0 0 0 0 0 0]
[1074726130166456704647653198505650981507696568181934099333374891587197874367517791993453840669036037299749028160379005935004994484715087906558781592776482497019480856200752392197818646212158857962888 0 0 0 0 0 0 0 0 0 0 0 0 0 0 0 0 0 0 0 0 0 0 0 0 0 0 0 0 0 0 0 0 0 0 0 0 0 0 0 0 0 0 0 0 0 1 0 0 0 0 0 0 0 0 0 0 0 0 0 0 0 0 0 0 0]
[1668611151319627777816821411473869987059731429257796471647302605426059571108511851047767656601504125274036876994351876171100497151205531244472352331038740055008921854878938481242269158388260300640618 0 0 0 0 0 0 0 0 0 0 0 0 0 0 0 0 0 0 0 0 0 0 0 0 0 0 0 0 0 0 0 0 0 0 0 0 0 0 0 0 0 0 0 0 0 0 1 0 0 0 0 0 0 0 0 0 0 0 0 0 0 0 0 0 0]
[1759044614568017814588575707717336473970550758004372277615466983114914212567680929630887943323120405763296194388205913411157612579309758471604801138427928208805803428569867417413257740203272715027620 0 0 0 0 0 0 0 0 0 0 0 0 0 0 0 0 0 0 0 0 0 0 0 0 0 0 0 0 0 0 0 0 0 0 0 0 0 0 0 0 0 0 0 0 0 0 0 1 0 0 0 0 0 0 0 0 0 0 0 0 0 0 0 0 0]
[190794972532492089921180400768753898165902801655390264954781213221760754443839941512727771858828996600460182646046560750295341976298166435092462648046484909735416972353953432263522460748202136696927 0 0 0 0 0 0 0 0 0 0 0 0 0 0 0 0 0 0 0 0 0 0 0 0 0 0 0 0 0 0 0 0 0 0 0 0 0 0 0 0 0 0 0 0 0 0 0 0 1 0 0 0 0 0 0 0 0 0 0 0 0 0 0 0 0]
[642541161912853470465110417514252671964034882425075033297114626600175576458794303280125925345074804439732951316256594238860716051686090118869397982305679903972870291179943647441235382471252052999097 0 0 0 0 0 0 0 0 0 0 0 0 0 0 0 0 0 0 0 0 0 0 0 0 0 0 0 0 0 0 0 0 0 0 0 0 0 0 0 0 0 0 0 0 0 0 0 0 0 1 0 0 0 0 0 0 0 0 0 0 0 0 0 0 0]
[668975762528578260583143847676575280298037026209255139852087913675507073609637087001435917872187316550784422227093221533311050716324343275408717697264234011767133877722741858993644809807488508334712 0 0 0 0 0 0 0 0 0 0 0 0 0 0 0 0 0 0 0 0 0 0 0 0 0 0 0 0 0 0 0 0 0 0 0 0 0 0 0 0 0 0 0 0 0 0 0 0 0 0 1 0 0 0 0 0 0 0 0 0 0 0 0 0 0]
[328975861127145536349495781504037959617397082002908821439660071486034976349958152055381749152393876711530067674141466120902278937972841586695459446743137883793446124283045435382906728436067202748992 0 0 0 0 0 0 0 0 0 0 0 0 0 0 0 0 0 0 0 0 0 0 0 0 0 0 0 0 0 0 0 0 0 0 0 0 0 0 0 0 0 0 0 0 0 0 0 0 0 0 0 1 0 0 0 0 0 0 0 0 0 0 0 0 0]
[927331413760177948093191275557235127308974175677180469118092036958593969474277023953245812915057304163617114160711115176362419360902903750602167823997468179103725694857668374100117030065970373279295 0 0 0 0 0 0 0 0 0 0 0 0 0 0 0 0 0 0 0 0 0 0 0 0 0 0 0 0 0 0 0 0 0 0 0 0 0 0 0 0 0 0 0 0 0 0 0 0 0 0 0 0 1 0 0 0 0 0 0 0 0 0 0 0 0]
[538184290111687477408207406314228401295237420211122712714386829415644941727693162672673119018790751808628107100627332590429256303474995596753253842821025059023551134650164492823287233758180689748103 0 0 0 0 0 0 0 0 0 0 0 0 0 0 0 0 0 0 0 0 0 0 0 0 0 0 0 0 0 0 0 0 0 0 0 0 0 0 0 0 0 0 0 0 0 0 0 0 0 0 0 0 0 1 0 0 0 0 0 0 0 0 0 0 0]
[2261949303083824447081349511392242276907530767537329750807627404715704160915302875938037050655322526152004198278180166854330695965745767839665142302798690448817720268863872874956495957418446003494922 0 0 0 0 0 0 0 0 0 0 0 0 0 0 0 0 0 0 0 0 0 0 0 0 0 0 0 0 0 0 0 0 0 0 0 0 0 0 0 0 0 0 0 0 0 0 0 0 0 0 0 0 0 0 1 0 0 0 0 0 0 0 0 0 0]
[1935936949623445319401585028359908370151800637781976819812039586880458492766536046088882116837259866809233883110316199012827809189978861587465640906638259672722142986439039302531466158912453263745120 0 0 0 0 0 0 0 0 0 0 0 0 0 0 0 0 0 0 0 0 0 0 0 0 0 0 0 0 0 0 0 0 0 0 0 0 0 0 0 0 0 0 0 0 0 0 0 0 0 0 0 0 0 0 0 1 0 0 0 0 0 0 0 0 0]
[1981638875106500504430096727034021567768589054799490174898729939911901351011340542746303789853445172699384960285797495717311966413486203998561980664495413938195174230522573598936470254427551449481621 0 0 0 0 0 0 0 0 0 0 0 0 0 0 0 0 0 0 0 0 0 0 0 0 0 0 0 0 0 0 0 0 0 0 0 0 0 0 0 0 0 0 0 0 0 0 0 0 0 0 0 0 0 0 0 0 1 0 0 0 0 0 0 0 0]
[1711871578608368493694881655325546102086886180800486509318093131073089731990414788146256093282753630533685150075045830572524923322426762713978379850222282792886979037428665249301153670276814790694909 0 0 0 0 0 0 0 0 0 0 0 0 0 0 0 0 0 0 0 0 0 0 0 0 0 0 0 0 0 0 0 0 0 0 0 0 0 0 0 0 0 0 0 0 0 0 0 0 0 0 0 0 0 0 0 0 0 1 0 0 0 0 0 0 0]
[2570164253111109036867490745983559649276044233284158239763466079272191392899378112278156943897578308417833234115593292489228017795461308199126946700254266116222844386280897153428336313484915160360229 0 0 0 0 0 0 0 0 0 0 0 0 0 0 0 0 0 0 0 0 0 0 0 0 0 0 0 0 0 0 0 0 0 0 0 0 0 0 0 0 0 0 0 0 0 0 0 0 0 0 0 0 0 0 0 0 0 0 1 0 0 0 0 0 0]
[1609372968206166155254368166726219221344861654778648309473340269252214761000338407368796660662358519330552213811411480558399227173084112184862560483890557624989505006213372225581060820176962560091337 0 0 0 0 0 0 0 0 0 0 0 0 0 0 0 0 0 0 0 0 0 0 0 0 0 0 0 0 0 0 0 0 0 0 0 0 0 0 0 0 0 0 0 0 0 0 0 0 0 0 0 0 0 0 0 0 0 0 0 1 0 0 0 0 0]
[2015844057291323106865157715532777038560127476138584079647246895300380909395678099570228078923869605355291768926214051252309554237118620934280624742252491437293745737762006992927649473212280463048894 0 0 0 0 0 0 0 0 0 0 0 0 0 0 0 0 0 0 0 0 0 0 0 0 0 0 0 0 0 0 0 0 0 0 0 0 0 0 0 0 0 0 0 0 0 0 0 0 0 0 0 0 0 0 0 0 0 0 0 0 1 0 0 0 0]
[2587352456182156234002753225500649538681626236975803639998383522243556023549963922737486426132448927518865891329858339972796490364760384716691684474512159413845737801633783145648122650104898107252499 0 0 0 0 0 0 0 0 0 0 0 0 0 0 0 0 0 0 0 0 0 0 0 0 0 0 0 0 0 0 0 0 0 0 0 0 0 0 0 0 0 0 0 0 0 0 0 0 0 0 0 0 0 0 0 0 0 0 0 0 0 1 0 0 0]
[1796347418528575704838573829398903651784852768437148976527922457019167449468401522596949369191235095680233896361529580603158596722243907430620694733734549841052448724318276106346630759615335202227497 0 0 0 0 0 0 0 0 0 0 0 0 0 0 0 0 0 0 0 0 0 0 0 0 0 0 0 0 0 0 0 0 0 0 0 0 0 0 0 0 0 0 0 0 0 0 0 0 0 0 0 0 0 0 0 0 0 0 0 0 0 0 1 0 0]
[802318537267998258437862907590168103811866543762089437266107742679367347264796797212649365028487870667829781291593545336402323575802006763047846786681196685573326038913321510647638977030748990691476 0 0 0 0 0 0 0 0 0 0 0 0 0 0 0 0 0 0 0 0 0 0 0 0 0 0 0 0 0 0 0 0 0 0 0 0 0 0 0 0 0 0 0 0 0 0 0 0 0 0 0 0 0 0 0 0 0 0 0 0 0 0 0 1 0]
[324802119359438939965186749711438776433974298388629194311292850925998956063431892749217557487704420768064815660320549595907178649149787285873472826266617058011608130297667772333698571740014622052171 0 0 0 0 0 0 0 0 0 0 0 0 0 0 0 0 0 0 0 0 0 0 0 0 0 0 0 0 0 0 0 0 0 0 0 0 0 0 0 0 0 0 0 0 0 0 0 0 0 0 0 0 0 0 0 0 0 0 0 0 0 0 0 0 1]
]
66 67 6
[1 1 1 1 1 1 1 1 1 1 1 1 1 1 1 1 1 1 1 1 1 1 1 1 1 1 1 1 1 1 1 1 1 1 1 1 1 1 1 1 1 1 1 1 1 1 1 1 1 1 1 1 1 1 1 1 1 1 1 1 1 1 1 1 1 1 1]
