[[3829261501451985405226980279905047350397502481501923920794563208212655301398604924495683943124020712601159518788194837233630138518932067122284317965525446271343166993865852127811016326229982772470777 0 0 0 0 0 0 0 0 0 0 0 0 0 0 0 0 0 0 0 0 0 0 0 0 0 0 0 0 0 0 0 0 0 0 0 0 0 0 0 0 0 0 0 0 0 0 0 0 0 0 0 0 0 0 0 0 0 0 0 0 0 0 0 0 0]
[478797591800664400795104309037054954062500430293528732619176494453363569453154866150926651707410934876266807768768974938918808984116374635874216972249626155562461065165032258118436025459876246564803 1 0 0 0 0 0 0 0 0 0 0 0 0 0 0 0 0 0 0 0 0 0 0 0 0 0 0 0 0 0 0 0 0 0 0 0 0 0 0 0 0 0 0 0 0 0 0 0 0 0 0 0 0 0 0 0 0 0 0 0 0 0 0 0 0]
[1821434431270144796679578903710013331228215420846302822914823407761322225472090796266872177730942182671630113324492034537823051457872646239655446478773575843075562765564354885558870961520595584779102 0 1 0 0 0 0 0 0 0 0 0 0 0 0 0 0 0 0 0 0 0 0 0 0 0 0 0 0 0 0 0 0 0 0 0 0 0 0 0 0 0 0 0 0 0 0 0 0 0 0 0 0 0 0 0 0 0 0 0 0 0 0 0 0 0]
[502138662153834340974020067188878587984100962116293589857610232833985969619750816701838192912089208436187384168435025844570488593555031663816105910568668617548195706214664627527595594109829226732872 0 0 1 0 0 0 0 0 0 0 0 0 0 0 0 0 0 0 0 0 0 0 0 0 0 0 0 0 0 0 0 0 0 0 0 0 0 0 0 0 0 0 0 0 0 0 0 0 0 0 0 0 0 0 0 0 0 0 0 0 0 0 0 0 0]
[3446090281583165769106148804015114276029654541345302304543972929558863776692801055320615271285769365279060269196187816373071586500537148885209431693991739636632268385731688170330756434381429236222950 0 0 0 1 0 0 0 0 0 0 0 0 0 0 0 0 0 0 0 0 0 0 0 0 0 0 0 0 0 0 0 0 0 0 0 0 0 0 0 0 0 0 0 0 0 0 0 0 0 0 0 0 0 0 0 0 0 0 0 0 0 0 0 0 0]
[3376890144461453755560057692722949135103312068045119081152019189848541570456495572656802775166739207346852473248970147958201010195677434843413698274660533664109601501921466916592145577131973514351260 0 0 0 0 1 0 0 0 0 0 0 0 0 0 0 0 0 0 0 0 0 0 0 0 0 0 0 0 0 0 0 0 0 0 0 0 0 0 0 0 0 0 0 0 0 0 0 0 0 0 0 0 0 0 0 0 0 0 0 0 0 0 0 0 0]
[637614979116286276833948091509679504516142250237082967885945887494706435010196459674489823094491848200058450573440846179534936533693708354340994186153609829462978155292647173161925727394958701722408 0 0 0 0 0 1 0 0 0 0 0 0 0 0 0 0 0 0 0 0 0 0 0 0 0 0 0 0 0 0 0 0 0 0 0 0 0 0 0 0 0 0 0 0 0 0 0 0 0 0 0 0 0 0 0 0 0 0 0 0 0 0 0 0 0]
[462510837354603883725705605225852600065492538741217454439760033809541017061800500531589358304065140499287148590749330241984429871561673562508326492117715682731813005326247834762383532110814280402771 0 0 0 0 0 0 1 0 0 0 0 0 0 0 0 0 0 0 0 0 0 0 0 0 0 0 0 0 0 0 0 0 0 0 0 0 0 0 0 0 0 0 0 0 0 0 0 0 0 0 0 0 0 0 0 0 0 0 0 0 0 0 0 0 0]
[2189317516030202022392445310323067053346928732134433662448836679161589146476880457850336479497404135355211896423730891609488640316664336620085004538156814262518117903855508765314830973970807488670148 0 0 0 0 0 0 0 1 0 0 0 0 0 0 0 0 0 0 0 0 0 0 0 0 0 0 0 0 0 0 0 0 0 0 0 0 0 0 0 0 0 0 0 0 0 0 0 0 0 0 0 0 0 0 0 0 0 0 0 0 0 0 0 0 0]
[3242634360374005674866222122650892262084931171837783619292782014815897201506524161847491636919013879941001383779690429040551085297072217018367951151083824636906196603786728398422303897070384271679258 0 0 0 0 0 0 0 0 1 0 0 0 0 0 0 0 0 0 0 0 0 0 0 0 0 0 0 0 0 0 0 0 0 0 0 0 0 0 0 0 0 0 0 0 0 0 0 0 0 0 0 0 0 0 0 0 0 0 0 0 0 0 0 0 0]
[1984452643988489241302736329632463167422779660151578265437294518045254761297351386471218977791346720424121964372073049343831861080387387419929800754285814035337985573458931858175744915673924960408503 0 0 0 0 0 0 0 0 0 1 0 0 0 0 0 0 0 0 0 0 0 0 0 0 0 0 0 0 0 0 0 0 0 0 0 0 0 0 0 0 0 0 0 0 0 0 0 0 0 0 0 0 0 0 0 0 0 0 0 0 0 0 0 0 0]
[2128904584416410843994656682666060867542954182549764617153206994614741731976367716820547821352057142360509551069842778892806449463499536849437635459622534362086637486514593618602746909140108747755523 0 0 0 0 0 0 0 0 0 0 1 0 0 0 0 0 0 0 0 0 0 0 0 0 0 0 0 0 0 0 0 0 0 0 0 0 0 0 0 0 0 0 0 0 0 0 0 0 0 0 0 0 0 0 0 0 0 0 0 0 0 0 0 0 0]
[1195946846062608100471260670463345331275920750269036346145685056368659267720882493020318362002709777228844450874793213033991973578549767850456729951272140203307501479243542619792533761624480393758116 0 0 0 0 0 0 0 0 0 0 0 1 0 0 0 0 0 0 0 0 0 0 0 0 0 0 0 0 0 0 0 0 0 0 0 0 0 0 0 0 0 0 0 0 0 0 0 0 0 0 0 0 0 0 0 0 0 0 0 0 0 0 0 0 0]
[2458206178374461204891859318704359697767315836556077917841256412975748191705011931992344886136186548821710663001071692794713169636505052956335009754818775168932116648619024290305894616361713924443795 0 0 0 0 0 0 0 0 0 0 0 0 1 0 0 0 0 0 0 0 0 0 0 0 0 0 0 0 0 0 0 0 0 0 0 0 0 0 0 0 0 0 0 0 0 0 0 0 0 0 0 0 0 0 0 0 0 0 0 0 0 0 0 0 0]
[2268450382332485327124492620629565745165319866573593904224146127075162669544168890679409626745847350543176426313614179128289111030481688405333813074099863138946539823479908979284970492517100465705314 0 0 0 0 0 0 0 0 0 0 0 0 0 1 0 0 0 0 0 0 0 0 0 0 0 0 0 0 0 0 0 0 0 0 0 0 0 0 0 0 0 0 0 0 0 0 0 0 0 0 0 0 0 0 0 0 0 0 0 0 0 0 0 0 0]
[2667293836757343494282565591311939978241493087537028244819951712923320590044904355108760073288453912277703464990353130346829689172936512371444529990078262142325822185401218558190879712797603189134311 0 0 0 0 0 0 0 0 0 0 0 0 0 0 1 0 0 0 0 0 0 0 0 0 0 0 0 0 0 0 0 0 0 0 0 0 0 0 0 0 0 0 0 0 0 0 0 0 0 0 0 0 0 0 0 0 0 0 0 0 0 0 0 0 0]
[870371414050859675070061082285731469183148284543756462730393294353501733625792213254037795588343331939861715565730315239270763652788085905858791515246480116052536577400236056814260585237310095272065 0 0 0 0 0 0 0 0 0 0 0 0 0 0 0 1 0 0 0 0 0 0 0 0 0 0 0 0 0 0 0 0 0 0 0 0 0 0 0 0 0 0 0 0 0 0 0 0 0 0 0 0 0 0 0 0 0 0 0 0 0 0 0 0 0]
[3291674987006381916079429960289737128629349423526621541266086199655147493311648968924081397009528917006643752192619745239952205403436798359387984730491466006015570013778297886219390806649827616828435 0 0 0 0 0 0 0 0 0 0 0 0 0 0 0 0 1 0 0 0 0 0 0 0 0 0 0 0 0 0 0 0 0 0 0 0 0 0 0 0 0 0 0 0 0 0 0 0 0 0 0 0 0 0 0 0 0 0 0 0 0 0 0 0 0]
[388773381053890248184015413998592813866787418650086872261521029431533066649523685599453480601421243951402766060941891406464145082978323305502049540811931464958800471906532882792154724177203140628329 0 0 0 0 0 0 0 0 0 0 0 0 0 0 0 0 0 1 0 0 0 0 0 0 0 0 0 0 0 0 0 0 0 0 0 0 0 0 0 0 0 0 0 0 0 0 0 0 0 0 0 0 0 0 0 0 0 0 0 0 0 0 0 0 0]
[2101186083505687421983017598384873975848099083214010141774899188631505407177329136359625423740290810972861744666149527807598695649698870206855483136486829520054803379556828899569892194007650060924444 0 0 0 0 0 0 0 0 0 0 0 0 0 0 0 0 0 0 1 0 0 0 0 0 0 0 0 0 0 0 0 0 0 0 0 0 0 0 0 0 0 0 0 0 0 0 0 0 0 0 0 0 0 0 0 0 0 0 0 0 0 0 0 0 0]
[3782389597766422219406834619807577459672295652679298618097173217725081176447257849649819860258452309994079505716306316382734011781900171081723770109127439128921873188513105549971099555396731481728526 0 0 0 0 0 0 0 0 0 0 0 0 0 0 0 0 0 0 0 1 0 0 0 0 0 0 0 0 0 0 0 0 0 0 0 0 0 0 0 0 0 0 0 0 0 0 0 0 0 0 0 0 0 0 0 0 0 0 0 0 0 0 0 0 0]
[3757392376212309717449904601033418633873735325869855187735641223607793683731901717510149001767592203238903120348161350833614806756257942158357454201188783617188782688219370215312406059936179072148973 0 0 0 0 0 0 0 0 0 0 0 0 0 0 0 0 0 0 0 0 1 0 0 0 0 0 0 0 0 0 0 0 0 0 0 0 0 0 0 0 0 0 0 0 0 0 0 0 0 0 0 0 0 0 0 0 0 0 0 0 0 0 0 0 0]
[3138994539592474570965908790014639286245780933661481468233242508864186448335874245806260655185722327271586069896749706975851966800142940811992124723268626512261191202186490968264307466925805029331695 0 0 0 0 0 0 0 0 0 0 0 0 0 0 0 0 0 0 0 0 0 1 0 0 0 0 0 0 0 0 0 0 0 0 0 0 0 0 0 0 0 0 0 0 0 0 0 0 0 0 0 0 0 0 0 0 0 0 0 0 0 0 0 0 0]
[1865901046086805008267708382352387904824182784094573175138857210135461697787311023567800452978274400656095899766285887031270818248562873625830310360346307114779910042112238018323582727268352470054716 0 0 0 0 0 0 0 0 0 0 0 0 0 0 0 0 0 0 0 0 0 0 1 0 0 0 0 0 0 0 0 0 0 0 0 0 0 0 0 0 0 0 0 0 0 0 0 0 0 0 0 0 0 0 0 0 0 0 0 0 0 0 0 0 0]
[2280412007843582073977400223594517107229810185911755519173574743665390930457168736302662555476407046064921886028860783961168309343237011984773762675069781637231358765083554149275415343185762838986614 0 0 0 0 0 0 0 0 0 0 0 0 0 0 0 0 0 0 0 0 0 0 0 1 0 0 0 0 0 0 0 0 0 0 0 0 0 0 0 0 0 0 0 0 0 0 0 0 0 0 0 0 0 0 0 0 0 0 0 0 0 0 0 0 0]
[3517366654641380186485742259002216541679138529312592667191305920789977433329301234270912853784108052442913272437757459839230908279985935026480119000423266220982219025499849444349840492587520906269797 0 0 0 0 0 0 0 0 0 0 0 0 0 0 0 0 0 0 0 0 0 0 0 0 1 0 0 0 0 0 0 0 0 0 0 0 0 0 0 0 0 0 0 0 0 0 0 0 0 0 0 0 0 0 0 0 0 0 0 0 0 0 0 0 0]
[2374580391471440069784491097637412174671716471521160388170990929860775669237460458741518751819896583559511316422727140652344158422099430383864422051614128095414524532052124230061100105478897424336561 0 0 0 0 0 0 0 0 0 0 0 0 0 0 0 0 0 0 0 0 0 0 0 0 0 1 0 0 0 0 0 0 0 0 0 0 0 0 0 0 0 0 0 0 0 0 0 0 0 0 0 0 0 0 0 0 0 0 0 0 0 0 0 0 0]
[218625908826435435240913804727021694241104262485179388019317572240297819258771185322024414930747865308532227635238111329681760041324205222565609528916433248864279878565876329835396172696597286601893 0 0 0 0 0 0 0 0 0 0 0 0 0 0 0 0 0 0 0 0 0 0 0 0 0 0 1 0 0 0 0 0 0 0 0 0 0 0 0 0 0 0 0 0 0 0 0 0 0 0 0 0 0 0 0 0 0 0 0 0 0 0 0 0 0]
[305651056374694126808459780389911477071837202224484880964627302734491540808515516626641302419168192027370811493013876214971906981738234797986775681069963173918069164676920429783164171032683198720741 0 0 0 0 0 0 0 0 0 0 0 0 0 0 0 0 0 0 0 0 0 0 0 0 0 0 0 1 0 0 0 0 0 0 0 0 0 0 0 0 0 0 0 0 0 0 0 0 0 0 0 0 0 0 0 0 0 0 0 0 0 0 0 0 0]
[162922516698172135637637425450891923996574364917949531236541214370962699411101270858225531489876636193804136568322921483131735846650162908897506565922538204293609633955591933847340164169888615324936 0 0 0 0 0 0 0 0 0 0 0 0 0 0 0 0 0 0 0 0 0 0 0 0 0 0 0 0 1 0 0 0 0 0 0 0 0 0 0 0 0 0 0 0 0 0 0 0 0 0 0 0 0 0 0 0 0 0 0 0 0 0 0 0 0]
[596873192790010298904010206996828714947253588958162034884682275889802214069254077758262655541294819008248137010052924172339673043305997971112973653449672356322760672563897555549770324523754697110779 0 0 0 0 0 0 0 0 0 0 0 0 0 0 0 0 0 0 0 0 0 0 0 0 0 0 0 0 0 1 0 0 0 0 0 0 0 0 0 0 0 0 0 0 0 0 0 0 0 0 0 0 0 0 0 0 0 0 0 0 0 0 0 0 0]
[465961049183918670149821222232963174035877460289821426261266213504717361597940901723650121500318466401071274865528603391372614211439813986855462105415542156701311542896480860491399956588202141786281 0 0 0 0 0 0 0 0 0 0 0 0 0 0 0 0 0 0 0 0 0 0 0 0 0 0 0 0 0 0 1 0 0 0 0 0 0 0 0 0 0 0 0 0 0 0 0 0 0 0 0 0 0 0 0 0 0 0 0 0 0 0 0 0 0]
[3126327602791001147247211502454008578103772496088126614818350526966246303695971646090450479603693890072725857059675077918432276638725942851571341422857015453804332416727272909660523099527842359192892 0 0 0 0 0 0 0 0 0 0 0 0 0 0 0 0 0 0 0 0 0 0 0 0 0 0 0 0 0 0 0 1 0 0 0 0 0 0 0 0 0 0 0 0 0 0 0 0 0 0 0 0 0 0 0 0 0 0 0 0 0 0 0 0 0]
[3143466597552891998761162011034044107151620995514303457202472477291005821427311628770850835343705271698222484027220233480625972360458054773691010349560143115956188428196073900831828517157435945504000 0 0 0 0 0 0 0 0 0 0 0 0 0 0 0 0 0 0 0 0 0 0 0 0 0 0 0 0 0 0 0 0 1 0 0 0 0 0 0 0 0 0 0 0 0 0 0 0 0 0 0 0 0 0 0 0 0 0 0 0 0 0 0 0 0]
[3679144300257049343242163915536960691908308328754735413938533168773092768816324015299229934576638437562391804287610693304265996992827316414389153933563907478983588941887667575843333593984022131831272 0 0 0 0 0 0 0 0 0 0 0 0 0 0 0 0 0 0 0 0 0 0 0 0 0 0 0 0 0 0 0 0 0 1 0 0 0 0 0 0 0 0 0 0 0 0 0 0 0 0 0 0 0 0 0 0 0 0 0 0 0 0 0 0 0]
[792936143092509792734113052085942096298740483224980802054674408940316066358573735043970140317867409809990067030585156517533477118181311366339593266287947802173206593994498692932429893892506860996583 0 0 0 0 0 0 0 0 0 0 0 0 0 0 0 0 0 0 0 0 0 0 0 0 0 0 0 0 0 0 0 0 0 0 1 0 0 0 0 0 0 0 0 0 0 0 0 0 0 0 0 0 0 0 0 0 0 0 0 0 0 0 0 0 0]
[2595189168734944267316506507927084755020813938331261124325370817742551973442849425609424917671135691254713229287375861470459847210734957203097902045323065637290707086837151235974871038188696088126084 0 0 0 0 0 0 0 0 0 0 0 0 0 0 0 0 0 0 0 0 0 0 0 0 0 0 0 0 0 0 0 0 0 0 0 1 0 0 0 0 0 0 0 0 0 0 0 0 0 0 0 0 0 0 0 0 0 0 0 0 0 0 0 0 0]
[2539137792410459282386814316771452818728291552217213350250440647256214030157339285354518733015969427320217080497400453963525335536137085832128544622916337095729405507491829793226011350399546515798335 0 0 0 0 0 0 0 0 0 0 0 0 0 0 0 0 0 0 0 0 0 0 0 0 0 0 0 0 0 0 0 0 0 0 0 0 1 0 0 0 0 0 0 0 0 0 0 0 0 0 0 0 0 0 0 0 0 0 0 0 0 0 0 0 0]
[3226918543925233585674422296303939709181419902954380460696822146122610770185804553713881721726795405706389048565873022450138802195228734158169722897281690211027831777976713983182897398760909092676670 0 0 0 0 0 0 0 0 0 0 0 0 0 0 0 0 0 0 0 0 0 0 0 0 0 0 0 0 0 0 0 0 0 0 0 0 0 1 0 0 0 0 0 0 0 0 0 0 0 0 0 0 0 0 0 0 0 0 0 0 0 0 0 0 0]
[2912583275886433560782096012304946341215337703966056952944440195836641330918630838983888692625687687283494986891711896438734605557562812565212821788783821841852010364972183532018520393585115281369616 0 0 0 0 0 0 0 0 0 0 0 0 0 0 0 0 0 0 0 0 0 0 0 0 0 0 0 0 0 0 0 0 0 0 0 0 0 0 1 0 0 0 0 0 0 0 0 0 0 0 0 0 0 0 0 0 0 0 0 0 0 0 0 0 0]
[855090168705856860846871778201812333582062148402300425699282604638517391255575230868855217869457682954459756717243927648646421678485582282796471151996871159492306815593018997946191677542499922573340 0 0 0 0 0 0 0 0 0 0 0 0 0 0 0 0 0 0 0 0 0 0 0 0 0 0 0 0 0 0 0 0 0 0 0 0 0 0 0 1 0 0 0 0 0 0 0 0 0 0 0 0 0 0 0 0 0 0 0 0 0 0 0 0 0]
[1004233408999565338664955655641830035874894806264948586942383376512716060999162163536128379243900007277421114688041625094770845066193672011915778986074447413295574229497024746239718821996765661007689 0 0 0 0 0 0 0 0 0 0 0 0 0 0 0 0 0 0 0 0 0 0 0 0 0 0 0 0 0 0 0 0 0 0 0 0 0 0 0 0 1 0 0 0 0 0 0 0 0 0 0 0 0 0 0 0 0 0 0 0 0 0 0 0 0]
[769985370401204432804348424716059688240595808973925834030442246007286866686231342066832529179890505020541405097711561819894607570905292758526881747122440948429387293521622958904333316778975485286599 0 0 0 0 0 0 0 0 0 0 0 0 0 0 0 0 0 0 0 0 0 0 0 0 0 0 0 0 0 0 0 0 0 0 0 0 0 0 0 0 0 1 0 0 0 0 0 0 0 0 0 0 0 0 0 0 0 0 0 0 0 0 0 0 0]
[2145978112271435215529876393993585068810971445608484286955336722132727374161960544881341644813397157575274828801005941720715765889066235675983526697124096996008739372830668416378092966776405776077624 0 0 0 0 0 0 0 0 0 0 0 0 0 0 0 0 0 0 0 0 0 0 0 0 0 0 0 0 0 0 0 0 0 0 0 0 0 0 0 0 0 0 1 0 0 0 0 0 0 0 0 0 0 0 0 0 0 0 0 0 0 0 0 0 0]
[401211024229943164795377024828361840154700716359255464355927188108455300319496143684702634951221183694595327664995754401800728749825752162550610112152897275004614767163069155564098997108388357953161 0 0 0 0 0 0 0 0 0 0 0 0 0 0 0 0 0 0 0 0 0 0 0 0 0 0 0 0 0 0 0 0 0 0 0 0 0 0 0 0 0 0 0 1 0 0 0 0 0 0 0 0 0 0 0 0 0 0 0 0 0 0 0 0 0]
[3815778025835239609937754261181283672462065124708653269334271856654752370127858418830910583138991894884267702599269345845352549611522992988445202352054230339720519695600260809911520459242362118003151 0 0 0 0 0 0 0 0 0 0 0 0 0 0 0 0 0 0 0 0 0 0 0 0 0 0 0 0 0 0 0 0 0 0 0 0 0 0 0 0 0 0 0 0 1 0 0 0 0 0 0 0 0 0 0 0 0 0 0 0 0 0 0 0 0]
[2019977396889391352735873324507019940384358628887116999302896828961969782237895637059503716624395154400106704033632351203019617744136372090138052887246662970544672233264000440748336171869141484690549 0 0 0 0 0 0 0 0 0 0 0 0 0 0 0 0 0 0 0 0 0 0 0 0 0 0 0 0 0 0 0 0 0 0 0 0 0 0 0 0 0 0 0 0 0 1 0 0 0 0 0 0 0 0 0 0 0 0 0 0 0 0 0 0 0]
[1999960369443923242974465242770265785413132680457167908544046709627611098236719747524232929571637830317746621475794517504454003779667446853682520333768338903022459174980767043017439922292497457179743 0 0 0 0 0 0 0 0 0 0 0 0 0 0 0 0 0 0 0 0 0 0 0 0 0 0 0 0 0 0 0 0 0 0 0 0 0 0 0 0 0 0 0 0 0 0 1 0 0 0 0 0 0 0 0 0 0 0 0 0 0 0 0 0 0]
[2037218708998903374035515368515008069843601887393568920143368513356961449949243316739248222601940342550551611852345039678819399275294181529640245005255643221681356884464985069305258335562134811988174 0 0 0 0 0 0 0 0 0 0 0 0 0 0 0 0 0 0 0 0 0 0 0 0 0 0 0 0 0 0 0 0 0 0 0 0 0 0 0 0 0 0 0 0 0 0 0 1 0 0 0 0 0 0 0 0 0 0 0 0 0 0 0 0 0]
[3247254195281716444874001300267128973867886784021259681504341326340365620523648810529245337665905657971212696693210690286793564096247518301621577602858188464304326453459500849063288668269263358147326 0 0 0 0 0 0 0 0 0 0 0 0 0 0 0 0 0 0 0 0 0 0 0 0 0 0 0 0 0 0 0 0 0 0 0 0 0 0 0 0 0 0 0 0 0 0 0 0 1 0 0 0 0 0 0 0 0 0 0 0 0 0 0 0 0]
[66358079803351743883313851794474904213028395991953861968746587766196469722076694941003403198177856491075289963415447475719870086418339085379817611800139077913835245645324253953007893655898687488809 0 0 0 0 0 0 0 0 0 0 0 0 0 0 0 0 0 0 0 0 0 0 0 0 0 0 0 0 0 0 0 0 0 0 0 0 0 0 0 0 0 0 0 0 0 0 0 0 0 1 0 0 0 0 0 0 0 0 0 0 0 0 0 0 0]
[358103788968311174438981178494855617382559438289262821067132242797328816202886947714391719353151869143519624318445528775392579118895670016736266394654065613280530910338441621733995204789004996636542 0 0 0 0 0 0 0 0 0 0 0 0 0 0 0 0 0 0 0 0 0 0 0 0 0 0 0 0 0 0 0 0 0 0 0 0 0 0 0 0 0 0 0 0 0 0 0 0 0 0 1 0 0 0 0 0 0 0 0 0 0 0 0 0 0]
[3179969988123023147810889860948599833053524537976089053315613696797898879262490453060307197352545130020837195205064053463186551761643810786170773301276565159835336345945497442925128026329084604973086 0 0 0 0 0 0 0 0 0 0 0 0 0 0 0 0 0 0 0 0 0 0 0 0 0 0 0 0 0 0 0 0 0 0 0 0 0 0 0 0 0 0 0 0 0 0 0 0 0 0 0 1 0 0 0 0 0 0 0 0 0 0 0 0 0]
[772773620849884432529760092195324050109293342990060297295867317722326623579591484822137533489820629442050614555805551840872632703665437561238065931725876532958107486955735785361957425945465097272312 0 0 0 0 0 0 0 0 0 0 0 0 0 0 0 0 0 0 0 0 0 0 0 0 0 0 0 0 0 0 0 0 0 0 0 0 0 0 0 0 0 0 0 0 0 0 0 0 0 0 0 0 1 0 0 0 0 0 0 0 0 0 0 0 0]
[1416921025708073222454632634310917882742015918843245271850880281654957416886073847223284763015337482576131758575948669570910674743448131077261934307452328117873264522260912996359163946848861379215845 0 0 0 0 0 0 0 0 0 0 0 0 0 0 0 0 0 0 0 0 0 0 0 0 0 0 0 0 0 0 0 0 0 0 0 0 0 0 0 0 0 0 0 0 0 0 0 0 0 0 0 0 0 1 0 0 0 0 0 0 0 0 0 0 0]
[2610157047485693847448247528522545735484016995570742875423040367297060605535254513609848212227737209548523493133144869914060424641841858751390165167203016500895186636955331528896730833772621448849231 0 0 0 0 0 0 0 0 0 0 0 0 0 0 0 0 0 0 0 0 0 0 0 0 0 0 0 0 0 0 0 0 0 0 0 0 0 0 0 0 0 0 0 0 0 0 0 0 0 0 0 0 0 0 1 0 0 0 0 0 0 0 0 0 0]
[3070562107014179467590526186191208586186276434388702167000168505301449718335461859513507171393127421770770315962612623698634514224811132867632659431231492769239053308986657777985227443528623442609401 0 0 0 0 0 0 0 0 0 0 0 0 0 0 0 0 0 0 0 0 0 0 0 0 0 0 0 0 0 0 0 0 0 0 0 0 0 0 0 0 0 0 0 0 0 0 0 0 0 0 0 0 0 0 0 1 0 0 0 0 0 0 0 0 0]
[2793333569866850785474906743269140451632526841793105115917210897860151197800790915543879733443387838213447176575099562960135102216677007819690277707610295385605704599732297647106367421494318625644737 0 0 0 0 0 0 0 0 0 0 0 0 0 0 0 0 0 0 0 0 0 0 0 0 0 0 0 0 0 0 0 0 0 0 0 0 0 0 0 0 0 0 0 0 0 0 0 0 0 0 0 0 0 0 0 0 1 0 0 0 0 0 0 0 0]
[2945586420029059416862647780437739592611696443414117361870396950221035330548504716484565760981024935132706801964808567728182821513274260922238391426033771072787345813196196120744071839927027267826262 0 0 0 0 0 0 0 0 0 0 0 0 0 0 0 0 0 0 0 0 0 0 0 0 0 0 0 0 0 0 0 0 0 0 0 0 0 0 0 0 0 0 0 0 0 0 0 0 0 0 0 0 0 0 0 0 0 1 0 0 0 0 0 0 0]
[2501698734537171951834961701555746345442935706469961948062253186574106195303989246673767797247338175647284735931286525612118674740164876984772728916731173391015154373514005886198888282647565175158611 0 0 0 0 0 0 0 0 0 0 0 0 0 0 0 0 0 0 0 0 0 0 0 0 0 0 0 0 0 0 0 0 0 0 0 0 0 0 0 0 0 0 0 0 0 0 0 0 0 0 0 0 0 0 0 0 0 0 1 0 0 0 0 0 0]
[3604195142749706455450022123793675234678871929786007038872474624050479186979976101432369344828857178551856460463187451106278668804192014598294153609468290525805985367757061930360212116855218501781145 0 0 0 0 0 0 0 0 0 0 0 0 0 0 0 0 0 0 0 0 0 0 0 0 0 0 0 0 0 0 0 0 0 0 0 0 0 0 0 0 0 0 0 0 0 0 0 0 0 0 0 0 0 0 0 0 0 0 0 1 0 0 0 0 0]
[3167269819197501856635558369626497215272494952639841646403983516908317696908770648015189498712097617549715506179165469484398253023710569801841242426595374688808246538391925485425396261502850360917261 0 0 0 0 0 0 0 0 0 0 0 0 0 0 0 0 0 0 0 0 0 0 0 0 0 0 0 0 0 0 0 0 0 0 0 0 0 0 0 0 0 0 0 0 0 0 0 0 0 0 0 0 0 0 0 0 0 0 0 0 1 0 0 0 0]
[3711874543936472714210811415285439276807130396399391565160281485632447349818783295686024544156262911848635685402857534064640690085343661171258688723460781822768254124961105830448544664938906286670120 0 0 0 0 0 0 0 0 0 0 0 0 0 0 0 0 0 0 0 0 0 0 0 0 0 0 0 0 0 0 0 0 0 0 0 0 0 0 0 0 0 0 0 0 0 0 0 0 0 0 0 0 0 0 0 0 0 0 0 0 0 1 0 0 0]
[989514640174119476485776889723481503084499576761456598228708849648734851385806970216948671813100506442979603927437716876198195839464349252860015891675191281916505742773153186140342005942710466034263 0 0 0 0 0 0 0 0 0 0 0 0 0 0 0 0 0 0 0 0 0 0 0 0 0 0 0 0 0 0 0 0 0 0 0 0 0 0 0 0 0 0 0 0 0 0 0 0 0 0 0 0 0 0 0 0 0 0 0 0 0 0 1 0 0]
[980432586729894864135878393961256156960767177340089426282447041989021119998998898579297225556395619106148766383109164899205138659472165294495263540469403614390744886247743639900101480512621196313910 0 0 0 0 0 0 0 0 0 0 0 0 0 0 0 0 0 0 0 0 0 0 0 0 0 0 0 0 0 0 0 0 0 0 0 0 0 0 0 0 0 0 0 0 0 0 0 0 0 0 0 0 0 0 0 0 0 0 0 0 0 0 0 1 0]
[783516222143079607901405717940859475111078274666922047784358491519000489484889486627040403116141244257744854083984679673215870643465357517555754313783404810736674175392325669259044550008102862177942 0 0 0 0 0 0 0 0 0 0 0 0 0 0 0 0 0 0 0 0 0 0 0 0 0 0 0 0 0 0 0 0 0 0 0 0 0 0 0 0 0 0 0 0 0 0 0 0 0 0 0 0 0 0 0 0 0 0 0 0 0 0 0 0 1]
]
66 67 5
[1 1 1 1 1 1 1 1 1 1 1 1 1 1 1 1 1 1 1 1 1 1 1 1 1 1 1 1 1 1 1 1 1 1 1 1 1 1 1 1 1 1 1 1 1 1 1 1 1 1 1 1 1 1 1 1 1 1 1 1 1 1 1 1 1 1 1]
