[[4022297748714057134152841724704435607723626583570142514286581545537322195677737747501694526038745146877805118992260949966416866215853591849950925692379204447726412978162946902813920285382352554962091 0 0 0 0 0 0 0 0 0 0 0 0 0 0 0 0 0 0 0 0 0 0 0 0 0 0 0 0 0 0 0 0 0 0 0 0 0 0 0 0 0 0 0 0 0 0 0 0 0 0 0 0 0 0 0 0 0 0 0 0 0 0 0 0 0]
[3830248359903194390818103325717195338654230939398507172446866772133953729610708465080499886219122258941680433148483860109796740364748477603992795312634479965604352473045925013697027265949009614296790 1 0 0 0 0 0 0 0 0 0 0 0 0 0 0 0 0 0 0 0 0 0 0 0 0 0 0 0 0 0 0 0 0 0 0 0 0 0 0 0 0 0 0 0 0 0 0 0 0 0 0 0 0 0 0 0 0 0 0 0 0 0 0 0 0]
[1692720146207724574607691538384487590266914553557091964820422486184466289497387955455363106021052153222273536738051352087305544756171030099832512304605505650245104320416094281888030073467412750093398 0 1 0 0 0 0 0 0 0 0 0 0 0 0 0 0 0 0 0 0 0 0 0 0 0 0 0 0 0 0 0 0 0 0 0 0 0 0 0 0 0 0 0 0 0 0 0 0 0 0 0 0 0 0 0 0 0 0 0 0 0 0 0 0 0]
[3904705572890808273908825616661680358361867957550956962262406681523594491010570019140834809179785780203562206130222637544219417876334841325200657200976571255929798653382860154236047034449718643308717 0 0 1 0 0 0 0 0 0 0 0 0 0 0 0 0 0 0 0 0 0 0 0 0 0 0 0 0 0 0 0 0 0 0 0 0 0 0 0 0 0 0 0 0 0 0 0 0 0 0 0 0 0 0 0 0 0 0 0 0 0 0 0 0 0]
[3837691533666012099891632518531480748908893498983979907005168035767895865165245960550402393176271696420314695437000392316236439370969854829289743733664669041255693567413348460574713057794815489627217 0 0 0 1 0 0 0 0 0 0 0 0 0 0 0 0 0 0 0 0 0 0 0 0 0 0 0 0 0 0 0 0 0 0 0 0 0 0 0 0 0 0 0 0 0 0 0 0 0 0 0 0 0 0 0 0 0 0 0 0 0 0 0 0 0]
[3073254688401856681620111418122551333242175603280216984262227821217881064968645820219252223455110252200045629757989150825630186620976658242021105501274366608957740635322332378285380483709148194360482 0 0 0 0 1 0 0 0 0 0 0 0 0 0 0 0 0 0 0 0 0 0 0 0 0 0 0 0 0 0 0 0 0 0 0 0 0 0 0 0 0 0 0 0 0 0 0 0 0 0 0 0 0 0 0 0 0 0 0 0 0 0 0 0 0]
[1987174689180402324202186277950968066976723630182499337426765763222775277937063679938135825410109910719983886488157872121715127435119058645329817816848486348021173739226141932902356368702447661062516 0 0 0 0 0 1 0 0 0 0 0 0 0 0 0 0 0 0 0 0 0 0 0 0 0 0 0 0 0 0 0 0 0 0 0 0 0 0 0 0 0 0 0 0 0 0 0 0 0 0 0 0 0 0 0 0 0 0 0 0 0 0 0 0 0]
[3543806307006949355679002070903934817727944040116435087731129594514336366770102192228711568490262138512051863386471376424375875051127396508244616033364262665748414078023537274663374119444444128636694 0 0 0 0 0 0 1 0 0 0 0 0 0 0 0 0 0 0 0 0 0 0 0 0 0 0 0 0 0 0 0 0 0 0 0 0 0 0 0 0 0 0 0 0 0 0 0 0 0 0 0 0 0 0 0 0 0 0 0 0 0 0 0 0 0]
[2967466519022666701448029281256144226673496414327594726297511164858009757268292115037151955578326778730878548168303393222914206145951942029346757058070506777017756507448275883412218384462235589175145 0 0 0 0 0 0 0 1 0 0 0 0 0 0 0 0 0 0 0 0 0 0 0 0 0 0 0 0 0 0 0 0 0 0 0 0 0 0 0 0 0 0 0 0 0 0 0 0 0 0 0 0 0 0 0 0 0 0 0 0 0 0 0 0 0]
[3342246308569482782487380688770161143712050437060209972723335264782616839973560793461772512509556381339489836960372877993756410123229509390581520551813534574042109812288546107681091747104419848939321 0 0 0 0 0 0 0 0 1 0 0 0 0 0 0 0 0 0 0 0 0 0 0 0 0 0 0 0 0 0 0 0 0 0 0 0 0 0 0 0 0 0 0 0 0 0 0 0 0 0 0 0 0 0 0 0 0 0 0 0 0 0 0 0 0]
[1286902082064933403933859474334010587363789523117775191315210407008917116675227122539937028185321104237682399202017446189994831317991223387322257673393706529694743838945761053635977802891830264391909 0 0 0 0 0 0 0 0 0 1 0 0 0 0 0 0 0 0 0 0 0 0 0 0 0 0 0 0 0 0 0 0 0 0 0 0 0 0 0 0 0 0 0 0 0 0 0 0 0 0 0 0 0 0 0 0 0 0 0 0 0 0 0 0 0]
[1301470998544158350578680206911143940467023629282481274954424318599093052932840185323621493422750782066700296583521127299599396443571201708362102184937662005336536660306631692846271375781547594163841 0 0 0 0 0 0 0 0 0 0 1 0 0 0 0 0 0 0 0 0 0 0 0 0 0 0 0 0 0 0 0 0 0 0 0 0 0 0 0 0 0 0 0 0 0 0 0 0 0 0 0 0 0 0 0 0 0 0 0 0 0 0 0 0 0]
[3012872738807592622090593168312151047791223142350804662649487556937947765684779308359520205789144478143869476965326079768481968464404301006996032572929625886523473102785691091215178703645443048962344 0 0 0 0 0 0 0 0 0 0 0 1 0 0 0 0 0 0 0 0 0 0 0 0 0 0 0 0 0 0 0 0 0 0 0 0 0 0 0 0 0 0 0 0 0 0 0 0 0 0 0 0 0 0 0 0 0 0 0 0 0 0 0 0 0]
[1813596276631879341834142909070835820975549085661748979100099984310480164384701331593568899361548347833862468477117050518906067867717936036049386428733914795186559233586931795587242798675867459844887 0 0 0 0 0 0 0 0 0 0 0 0 1 0 0 0 0 0 0 0 0 0 0 0 0 0 0 0 0 0 0 0 0 0 0 0 0 0 0 0 0 0 0 0 0 0 0 0 0 0 0 0 0 0 0 0 0 0 0 0 0 0 0 0 0]
[3459602787073476708073301416497874613149358763439436090617020411455867777386122384754551041613412274394101271679687609181506630002600367745334517050005836526975802234110643415628017728977899282647600 0 0 0 0 0 0 0 0 0 0 0 0 0 1 0 0 0 0 0 0 0 0 0 0 0 0 0 0 0 0 0 0 0 0 0 0 0 0 0 0 0 0 0 0 0 0 0 0 0 0 0 0 0 0 0 0 0 0 0 0 0 0 0 0 0]
[2079904522938603200924031154073471759890318904539392892993544486433149488012184726173564907378635676708065020279591553961984564854363217332964528441710606826300170004530070146559830088635636222736822 0 0 0 0 0 0 0 0 0 0 0 0 0 0 1 0 0 0 0 0 0 0 0 0 0 0 0 0 0 0 0 0 0 0 0 0 0 0 0 0 0 0 0 0 0 0 0 0 0 0 0 0 0 0 0 0 0 0 0 0 0 0 0 0 0]
[2754725220023327364391445713237793005879961724834236258990083215000233205636271253816701855316296886724949712788304992424779178800506451233292889704867999371685654511934689609041081410093107995734379 0 0 0 0 0 0 0 0 0 0 0 0 0 0 0 1 0 0 0 0 0 0 0 0 0 0 0 0 0 0 0 0 0 0 0 0 0 0 0 0 0 0 0 0 0 0 0 0 0 0 0 0 0 0 0 0 0 0 0 0 0 0 0 0 0]
[3694861855731550922562789639637249510499688935843193459294735792769504348011975355617989215601918915317435167120544498323674997231085161801681641988835588748667874146598262337374211367231739132880406 0 0 0 0 0 0 0 0 0 0 0 0 0 0 0 0 1 0 0 0 0 0 0 0 0 0 0 0 0 0 0 0 0 0 0 0 0 0 0 0 0 0 0 0 0 0 0 0 0 0 0 0 0 0 0 0 0 0 0 0 0 0 0 0 0]
[3801272602904026808821811360238027075073031382137995013940496446657300924801316294002218456364563341784790231608850988253716590304306671088333193185117322611762473610473575579228715442131859371539394 0 0 0 0 0 0 0 0 0 0 0 0 0 0 0 0 0 1 0 0 0 0 0 0 0 0 0 0 0 0 0 0 0 0 0 0 0 0 0 0 0 0 0 0 0 0 0 0 0 0 0 0 0 0 0 0 0 0 0 0 0 0 0 0 0]
[273004543290570663209018578427584931241921385858135849371898205791885547565702406138538430479905611981742933731358410660653261778147799447416525803997056315417419630219842849396421298671148089064507 0 0 0 0 0 0 0 0 0 0 0 0 0 0 0 0 0 0 1 0 0 0 0 0 0 0 0 0 0 0 0 0 0 0 0 0 0 0 0 0 0 0 0 0 0 0 0 0 0 0 0 0 0 0 0 0 0 0 0 0 0 0 0 0 0]
[3969321563388523371205861162632989607595571144745026621591622825995872210209521694493720346270755250344755676838034891605560657040112445395358660124615199990742903981956715860984753597811805460206348 0 0 0 0 0 0 0 0 0 0 0 0 0 0 0 0 0 0 0 1 0 0 0 0 0 0 0 0 0 0 0 0 0 0 0 0 0 0 0 0 0 0 0 0 0 0 0 0 0 0 0 0 0 0 0 0 0 0 0 0 0 0 0 0 0]
[3430958569390336763140959711471498934159482110428346571782789032006673150066719604077452058281531983043134726716702705858732727666701718926434107857756738528158615668446944421282471577136691818337143 0 0 0 0 0 0 0 0 0 0 0 0 0 0 0 0 0 0 0 0 1 0 0 0 0 0 0 0 0 0 0 0 0 0 0 0 0 0 0 0 0 0 0 0 0 0 0 0 0 0 0 0 0 0 0 0 0 0 0 0 0 0 0 0 0]
[484503057565777936660481356289647906471321899695509124944221646601901612573740926591497236987383928104611398065865591870866565582345465351889372540869701926074304721258521924347997837028318687660172 0 0 0 0 0 0 0 0 0 0 0 0 0 0 0 0 0 0 0 0 0 1 0 0 0 0 0 0 0 0 0 0 0 0 0 0 0 0 0 0 0 0 0 0 0 0 0 0 0 0 0 0 0 0 0 0 0 0 0 0 0 0 0 0 0]
[2038529438690618415121608846876134587721752685527364635041420854771911197695419023145700165874154324203825048568567529247407720780974248368955578062098937846143977419013112500546498384197831695244298 0 0 0 0 0 0 0 0 0 0 0 0 0 0 0 0 0 0 0 0 0 0 1 0 0 0 0 0 0 0 0 0 0 0 0 0 0 0 0 0 0 0 0 0 0 0 0 0 0 0 0 0 0 0 0 0 0 0 0 0 0 0 0 0 0]
[456718798974750633684321077012331970063555562382687580994089895027959535550242789972996975791276286190773624859467799705323966927814736101657799857801988718178794474722971040056386123055316213672584 0 0 0 0 0 0 0 0 0 0 0 0 0 0 0 0 0 0 0 0 0 0 0 1 0 0 0 0 0 0 0 0 0 0 0 0 0 0 0 0 0 0 0 0 0 0 0 0 0 0 0 0 0 0 0 0 0 0 0 0 0 0 0 0 0]
[132659016209128200891713183354789474849783296340562716789998695713839503017332370685981461685111294935932086258479260059731314387098614438963733461497643274141670611808344224189191482953656970974625 0 0 0 0 0 0 0 0 0 0 0 0 0 0 0 0 0 0 0 0 0 0 0 0 1 0 0 0 0 0 0 0 0 0 0 0 0 0 0 0 0 0 0 0 0 0 0 0 0 0 0 0 0 0 0 0 0 0 0 0 0 0 0 0 0]
[991999550168278827704644838165463708686744919366648904883767762197312280185979879341393399050658528410661929764768066985980980423970263868051465251391531342030511709444052943570511968698625904647691 0 0 0 0 0 0 0 0 0 0 0 0 0 0 0 0 0 0 0 0 0 0 0 0 0 1 0 0 0 0 0 0 0 0 0 0 0 0 0 0 0 0 0 0 0 0 0 0 0 0 0 0 0 0 0 0 0 0 0 0 0 0 0 0 0]
[2450658509758747462482038935692846831386349203508068368204220908644740784456544854862654890546281684546784302417255022686521815355727113367535590995733934233661856960603454372497910874403915095601679 0 0 0 0 0 0 0 0 0 0 0 0 0 0 0 0 0 0 0 0 0 0 0 0 0 0 1 0 0 0 0 0 0 0 0 0 0 0 0 0 0 0 0 0 0 0 0 0 0 0 0 0 0 0 0 0 0 0 0 0 0 0 0 0 0]
[965219514113117008749863914727490221249560353168534705615178190526506793711363579510468304406981555391195974172611978088215536907672231345950143426356027243975226233543832099641847905547632647850942 0 0 0 0 0 0 0 0 0 0 0 0 0 0 0 0 0 0 0 0 0 0 0 0 0 0 0 1 0 0 0 0 0 0 0 0 0 0 0 0 0 0 0 0 0 0 0 0 0 0 0 0 0 0 0 0 0 0 0 0 0 0 0 0 0]
[3634095312074075331407384879427048815170569987364046972700656570807650378900059938717008501876290103425260893025716580307427659475613300227691769438170246929588701488270069783854362938428733279132763 0 0 0 0 0 0 0 0 0 0 0 0 0 0 0 0 0 0 0 0 0 0 0 0 0 0 0 0 1 0 0 0 0 0 0 0 0 0 0 0 0 0 0 0 0 0 0 0 0 0 0 0 0 0 0 0 0 0 0 0 0 0 0 0 0]
[214842088077717303202067359704753713226058369393542009958120032219831542394300916765017547906910083589226491780512801209167416606574443052308074371767324369766217244021149924733510718830616254872252 0 0 0 0 0 0 0 0 0 0 0 0 0 0 0 0 0 0 0 0 0 0 0 0 0 0 0 0 0 1 0 0 0 0 0 0 0 0 0 0 0 0 0 0 0 0 0 0 0 0 0 0 0 0 0 0 0 0 0 0 0 0 0 0 0]
[2321091991818575858775763172738941416706765183505719749239057997182297005306842845120499912857776183916308124186749098201777627713408070736496122020036227915985175942982165871285018653687343520677181 0 0 0 0 0 0 0 0 0 0 0 0 0 0 0 0 0 0 0 0 0 0 0 0 0 0 0 0 0 0 1 0 0 0 0 0 0 0 0 0 0 0 0 0 0 0 0 0 0 0 0 0 0 0 0 0 0 0 0 0 0 0 0 0 0]
[1543794683462476491929193966880039701720737867961883344931944476360031216997494387559875774072084578878477537838174379646936180286707245336426687664526603789473003484635463982343744565040055230368486 0 0 0 0 0 0 0 0 0 0 0 0 0 0 0 0 0 0 0 0 0 0 0 0 0 0 0 0 0 0 0 1 0 0 0 0 0 0 0 0 0 0 0 0 0 0 0 0 0 0 0 0 0 0 0 0 0 0 0 0 0 0 0 0 0]
[3991959101096531062587133984368598633632892264433736371524923889870334825277723801438074108983654166403575469992458100490150935703207139710472404999010806977839739401491497737044499583213942050515013 0 0 0 0 0 0 0 0 0 0 0 0 0 0 0 0 0 0 0 0 0 0 0 0 0 0 0 0 0 0 0 0 1 0 0 0 0 0 0 0 0 0 0 0 0 0 0 0 0 0 0 0 0 0 0 0 0 0 0 0 0 0 0 0 0]
[3704821762611399640429294303526336115514167816991784777981347112386483871761658560793830122819901973654006677473130587110947089250602094196956075737943176966878080499167238056120358871391581076731833 0 0 0 0 0 0 0 0 0 0 0 0 0 0 0 0 0 0 0 0 0 0 0 0 0 0 0 0 0 0 0 0 0 1 0 0 0 0 0 0 0 0 0 0 0 0 0 0 0 0 0 0 0 0 0 0 0 0 0 0 0 0 0 0 0]
[2121938820756487800227290063241041059585058943588465300945152438572351245459452296194565521405519834443619177925984521702385996084475629000430250901377364508031228737878706003264402562989686858475716 0 0 0 0 0 0 0 0 0 0 0 0 0 0 0 0 0 0 0 0 0 0 0 0 0 0 0 0 0 0 0 0 0 0 1 0 0 0 0 0 0 0 0 0 0 0 0 0 0 0 0 0 0 0 0 0 0 0 0 0 0 0 0 0 0]
[428302361699903362626617681488481498523455460419859711535742491054895924444478523428161074932900440953195545734573082955075677398826426948059639903473281283386194786034841744993758565211900261237966 0 0 0 0 0 0 0 0 0 0 0 0 0 0 0 0 0 0 0 0 0 0 0 0 0 0 0 0 0 0 0 0 0 0 0 1 0 0 0 0 0 0 0 0 0 0 0 0 0 0 0 0 0 0 0 0 0 0 0 0 0 0 0 0 0]
[3508099404967883668297621196192545796249529838922311899650165500128631637409315815922040126688691570516175707584201998041912119571424603184440029172854430619688488050253381626866208913763780814892822 0 0 0 0 0 0 0 0 0 0 0 0 0 0 0 0 0 0 0 0 0 0 0 0 0 0 0 0 0 0 0 0 0 0 0 0 1 0 0 0 0 0 0 0 0 0 0 0 0 0 0 0 0 0 0 0 0 0 0 0 0 0 0 0 0]
[474576976193768383402717301246589965469104419933520308550279542773450646379325335780616317763431321873874076292035885883627020477598078385834915734522705537757891733630853673209186223715471741761166 0 0 0 0 0 0 0 0 0 0 0 0 0 0 0 0 0 0 0 0 0 0 0 0 0 0 0 0 0 0 0 0 0 0 0 0 0 1 0 0 0 0 0 0 0 0 0 0 0 0 0 0 0 0 0 0 0 0 0 0 0 0 0 0 0]
[2647443041672919151331842010857396202732895510838876497328047975749924998118312090297740110745221512976610662769554148196883179945503255074716962148060710320226015890144026834224868431443170669319667 0 0 0 0 0 0 0 0 0 0 0 0 0 0 0 0 0 0 0 0 0 0 0 0 0 0 0 0 0 0 0 0 0 0 0 0 0 0 1 0 0 0 0 0 0 0 0 0 0 0 0 0 0 0 0 0 0 0 0 0 0 0 0 0 0]
[3738854719087250366679095210607204071853305068006602366509753767462154396829270622543002354020526097405057491275405064395696743276380488535768971409153623515680487161198315069482995181012284811702933 0 0 0 0 0 0 0 0 0 0 0 0 0 0 0 0 0 0 0 0 0 0 0 0 0 0 0 0 0 0 0 0 0 0 0 0 0 0 0 1 0 0 0 0 0 0 0 0 0 0 0 0 0 0 0 0 0 0 0 0 0 0 0 0 0]
[3170108350916931442101255473199804640008398780129374550990287691936716539387871182502142166551976814337285096681200593835298258067112517760143620436835004743705532139078137054765603307614762760638976 0 0 0 0 0 0 0 0 0 0 0 0 0 0 0 0 0 0 0 0 0 0 0 0 0 0 0 0 0 0 0 0 0 0 0 0 0 0 0 0 1 0 0 0 0 0 0 0 0 0 0 0 0 0 0 0 0 0 0 0 0 0 0 0 0]
[2686074096036358499430230096954844127669039222395147854649662264947227300068912948294308618431993003846985065162480828120539912382598498124409685687414837963630580628180155036198052289817523626772111 0 0 0 0 0 0 0 0 0 0 0 0 0 0 0 0 0 0 0 0 0 0 0 0 0 0 0 0 0 0 0 0 0 0 0 0 0 0 0 0 0 1 0 0 0 0 0 0 0 0 0 0 0 0 0 0 0 0 0 0 0 0 0 0 0]
[1979647414014405014530272627859216267440116650359719676053995192511567752595743227335464701689564101491863168324717081248102148516514915678879048915338173076806914411395333143159743455374917893655824 0 0 0 0 0 0 0 0 0 0 0 0 0 0 0 0 0 0 0 0 0 0 0 0 0 0 0 0 0 0 0 0 0 0 0 0 0 0 0 0 0 0 1 0 0 0 0 0 0 0 0 0 0 0 0 0 0 0 0 0 0 0 0 0 0]
[2826981272081477180410544991796194549112414971148235878175319791830000870344967446871566793682052165236557709804348094763376928294607576802346731531235395760126126534862973662602768314445936674951193 0 0 0 0 0 0 0 0 0 0 0 0 0 0 0 0 0 0 0 0 0 0 0 0 0 0 0 0 0 0 0 0 0 0 0 0 0 0 0 0 0 0 0 1 0 0 0 0 0 0 0 0 0 0 0 0 0 0 0 0 0 0 0 0 0]
[2231737698773545214582370834017814636523504122007119767211889023024320296736523207519018160796012648196515104849942393030528439298100481673603144374622937634488776361215194587603969832628143740939893 0 0 0 0 0 0 0 0 0 0 0 0 0 0 0 0 0 0 0 0 0 0 0 0 0 0 0 0 0 0 0 0 0 0 0 0 0 0 0 0 0 0 0 0 1 0 0 0 0 0 0 0 0 0 0 0 0 0 0 0 0 0 0 0 0]
[411037770952266488651873375309589319503859639686664323355274744177049646591344841023908275621203641494631664314803923093736740836968073374968318289206892856215406307906280743501030477912483916950488 0 0 0 0 0 0 0 0 0 0 0 0 0 0 0 0 0 0 0 0 0 0 0 0 0 0 0 0 0 0 0 0 0 0 0 0 0 0 0 0 0 0 0 0 0 1 0 0 0 0 0 0 0 0 0 0 0 0 0 0 0 0 0 0 0]
[1246034251522626827297839545400156029310586675531200538969794444889276768044426986788153059406684488304224440734888249293379687551032479465660097479545366975407755468530163815932358739409512877560232 0 0 0 0 0 0 0 0 0 0 0 0 0 0 0 0 0 0 0 0 0 0 0 0 0 0 0 0 0 0 0 0 0 0 0 0 0 0 0 0 0 0 0 0 0 0 1 0 0 0 0 0 0 0 0 0 0 0 0 0 0 0 0 0 0]
[2071787847151847921297443383371173922191542962806727644593144588692243785161774310591092983049382511720751237088200394152420940289724509588523895512406376357397100349757553948007772121652316032134309 0 0 0 0 0 0 0 0 0 0 0 0 0 0 0 0 0 0 0 0 0 0 0 0 0 0 0 0 0 0 0 0 0 0 0 0 0 0 0 0 0 0 0 0 0 0 0 1 0 0 0 0 0 0 0 0 0 0 0 0 0 0 0 0 0]
[946035171192611141624922953567113473054884123876409989696232430507135991571286488655238334287644210515362168449324653887047608753177769290292434502428510204622743637402738703740691303820830388102764 0 0 0 0 0 0 0 0 0 0 0 0 0 0 0 0 0 0 0 0 0 0 0 0 0 0 0 0 0 0 0 0 0 0 0 0 0 0 0 0 0 0 0 0 0 0 0 0 1 0 0 0 0 0 0 0 0 0 0 0 0 0 0 0 0]
[1883249452767579469442141632032145745583137673587433263100298710477946915744896287475212001846506897699851988553794833476316532330690831812509863466341939353394878351289708140912623892170927161918223 0 0 0 0 0 0 0 0 0 0 0 0 0 0 0 0 0 0 0 0 0 0 0 0 0 0 0 0 0 0 0 0 0 0 0 0 0 0 0 0 0 0 0 0 0 0 0 0 0 1 0 0 0 0 0 0 0 0 0 0 0 0 0 0 0]
[1359736367532326330936505812610047530626150793632958588089918127377201854496729133507022936647899499105514546589033245495002450126153723584974237588494755662248064645201783023010509057571004999814093 0 0 0 0 0 0 0 0 0 0 0 0 0 0 0 0 0 0 0 0 0 0 0 0 0 0 0 0 0 0 0 0 0 0 0 0 0 0 0 0 0 0 0 0 0 0 0 0 0 0 1 0 0 0 0 0 0 0 0 0 0 0 0 0 0]
[2854966385461904385580005424163373999105629983233527946086432792530246847900302509005753716063890596426961737299631100482712264709411094870954880899485171890987344558600548608889317155482370712535673 0 0 0 0 0 0 0 0 0 0 0 0 0 0 0 0 0 0 0 0 0 0 0 0 0 0 0 0 0 0 0 0 0 0 0 0 0 0 0 0 0 0 0 0 0 0 0 0 0 0 0 1 0 0 0 0 0 0 0 0 0 0 0 0 0]
[2764282878444725819601490281988996234083678316123874260893090633882020031171733757594552143950003415824948372190462599879615888137072585165566794803377112225079847386286881702207700181382249615644596 0 0 0 0 0 0 0 0 0 0 0 0 0 0 0 0 0 0 0 0 0 0 0 0 0 0 0 0 0 0 0 0 0 0 0 0 0 0 0 0 0 0 0 0 0 0 0 0 0 0 0 0 1 0 0 0 0 0 0 0 0 0 0 0 0]
[3485014467393156787503577975910073441637588515545356789017352583060100935374847602004018341281827088883671070825838543559389339004812875934899070878563071488767967416708125303314127312172111866061489 0 0 0 0 0 0 0 0 0 0 0 0 0 0 0 0 0 0 0 0 0 0 0 0 0 0 0 0 0 0 0 0 0 0 0 0 0 0 0 0 0 0 0 0 0 0 0 0 0 0 0 0 0 1 0 0 0 0 0 0 0 0 0 0 0]
[917767322504627967393452898882432706998032361927897694315073323737999374717276962926167365433936964466833755155976936065356477151887350468286578614079190358054721213636575770864126259489862206586329 0 0 0 0 0 0 0 0 0 0 0 0 0 0 0 0 0 0 0 0 0 0 0 0 0 0 0 0 0 0 0 0 0 0 0 0 0 0 0 0 0 0 0 0 0 0 0 0 0 0 0 0 0 0 1 0 0 0 0 0 0 0 0 0 0]
[1794987341144831841448440962254241238396389368901478415856864529785232840666582068357294028135712972908701727452171356275361671382612949424908619677805674078498005260515780596626127614737339153175860 0 0 0 0 0 0 0 0 0 0 0 0 0 0 0 0 0 0 0 0 0 0 0 0 0 0 0 0 0 0 0 0 0 0 0 0 0 0 0 0 0 0 0 0 0 0 0 0 0 0 0 0 0 0 0 1 0 0 0 0 0 0 0 0 0]
[3345085611567512851312552703071102889667114486725188379494413460508366721079221661638808765398485524672684078036949517575909360749344451597881939891214720745445036124877713876396721144398281249901736 0 0 0 0 0 0 0 0 0 0 0 0 0 0 0 0 0 0 0 0 0 0 0 0 0 0 0 0 0 0 0 0 0 0 0 0 0 0 0 0 0 0 0 0 0 0 0 0 0 0 0 0 0 0 0 0 1 0 0 0 0 0 0 0 0]
[3849115569532013341779205623103339326082943262624727640254453194086947733381887466232443301994556504146206944107875602487668569186092635150187404824257307918535778017443995234661477750571200488643957 0 0 0 0 0 0 0 0 0 0 0 0 0 0 0 0 0 0 0 0 0 0 0 0 0 0 0 0 0 0 0 0 0 0 0 0 0 0 0 0 0 0 0 0 0 0 0 0 0 0 0 0 0 0 0 0 0 1 0 0 0 0 0 0 0]
[3262274434545181291791638565030233301553646444279435194877585824282936962134423408375275445113835596702085934291459334505129869787000697817294704388768408687543068992697176594528194644905198157163827 0 0 0 0 0 0 0 0 0 0 0 0 0 0 0 0 0 0 0 0 0 0 0 0 0 0 0 0 0 0 0 0 0 0 0 0 0 0 0 0 0 0 0 0 0 0 0 0 0 0 0 0 0 0 0 0 0 0 1 0 0 0 0 0 0]
[2670371762378956669776052469848777229484975975660414362967535394353911813249206881797835752092144466489748619610603674466210812977481126917520018064184731159923988062661749209654446403331063760313326 0 0 0 0 0 0 0 0 0 0 0 0 0 0 0 0 0 0 0 0 0 0 0 0 0 0 0 0 0 0 0 0 0 0 0 0 0 0 0 0 0 0 0 0 0 0 0 0 0 0 0 0 0 0 0 0 0 0 0 1 0 0 0 0 0]
[3762074591728519080405591362026611962620732382076566880966119463020884696481286354664100352770146505693555001638731623085713586747488850926629671206419170675001653090135015497186176298071428099536913 0 0 0 0 0 0 0 0 0 0 0 0 0 0 0 0 0 0 0 0 0 0 0 0 0 0 0 0 0 0 0 0 0 0 0 0 0 0 0 0 0 0 0 0 0 0 0 0 0 0 0 0 0 0 0 0 0 0 0 0 1 0 0 0 0]
[884113159582747790658516716115975693063225533816302864049102758942750767161340640559239338326661942416359618814545562431678870859404644352591525843114563180119134614077503854857449260972751492728598 0 0 0 0 0 0 0 0 0 0 0 0 0 0 0 0 0 0 0 0 0 0 0 0 0 0 0 0 0 0 0 0 0 0 0 0 0 0 0 0 0 0 0 0 0 0 0 0 0 0 0 0 0 0 0 0 0 0 0 0 0 1 0 0 0]
[3130690084057582520850160510693880514154587984289441488217940699491662381038844958707255151434658063822008802930093495541087834880641811561108653913411645602934820088368792569203610332013306653757901 0 0 0 0 0 0 0 0 0 0 0 0 0 0 0 0 0 0 0 0 0 0 0 0 0 0 0 0 0 0 0 0 0 0 0 0 0 0 0 0 0 0 0 0 0 0 0 0 0 0 0 0 0 0 0 0 0 0 0 0 0 0 1 0 0]
[2702287393617761107237014037907722998774398653953411726329578168919393734995208759699868973378769256310345722253446620415202004107387667917931980576553453886554527692929675841204159325558137137187994 0 0 0 0 0 0 0 0 0 0 0 0 0 0 0 0 0 0 0 0 0 0 0 0 0 0 0 0 0 0 0 0 0 0 0 0 0 0 0 0 0 0 0 0 0 0 0 0 0 0 0 0 0 0 0 0 0 0 0 0 0 0 0 1 0]
[1148354542176761265361027890870460118430141231862107818293312649444289756070542882793482853862974526065716373420360542790363297734854676685282336598845863112372267322408323674289101243847184481342206 0 0 0 0 0 0 0 0 0 0 0 0 0 0 0 0 0 0 0 0 0 0 0 0 0 0 0 0 0 0 0 0 0 0 0 0 0 0 0 0 0 0 0 0 0 0 0 0 0 0 0 0 0 0 0 0 0 0 0 0 0 0 0 0 1]
]
66 67 7
[1 1 1 1 1 1 1 1 1 1 1 1 1 1 1 1 1 1 1 1 1 1 1 1 1 1 1 1 1 1 1 1 1 1 1 1 1 1 1 1 1 1 1 1 1 1 1 1 1 1 1 1 1 1 1 1 1 1 1 1 1 1 1 1 1 1 1]
