[[3518129574255802081832064208721616945480228027375639613040736769093606651805886606048957722444839833837297994958148379474230887166986798802212972721466061620950730941279027404798809192320996289940863 0 0 0 0 0 0 0 0 0 0 0 0 0 0 0 0 0 0 0 0 0 0 0 0 0 0 0 0 0 0 0 0 0 0 0 0 0 0 0 0 0 0 0 0 0 0 0 0 0 0 0 0 0 0 0 0 0 0 0 0 0 0 0 0 0]
[2149338299573267664205100724626553014293030600699235805797714288437037430219535796756657085222107118225399760318911435776757810607836522838435659492613985252823843213596923051799560541403463119394079 1 0 0 0 0 0 0 0 0 0 0 0 0 0 0 0 0 0 0 0 0 0 0 0 0 0 0 0 0 0 0 0 0 0 0 0 0 0 0 0 0 0 0 0 0 0 0 0 0 0 0 0 0 0 0 0 0 0 0 0 0 0 0 0 0]
[1392951580467497375675874528050729605785641885076657704123177223660731330949157308950713639510324212570946390549590384203465255501048900752833790420692658841355845318975591223687092551182353591761886 0 1 0 0 0 0 0 0 0 0 0 0 0 0 0 0 0 0 0 0 0 0 0 0 0 0 0 0 0 0 0 0 0 0 0 0 0 0 0 0 0 0 0 0 0 0 0 0 0 0 0 0 0 0 0 0 0 0 0 0 0 0 0 0 0]
[3261965159851644401791903586264482006795378849399166833493810256089850616327234272837812395748888967750158866627448300571485112845965640378846399309457695642097443838031976427467714998990234848800047 0 0 1 0 0 0 0 0 0 0 0 0 0 0 0 0 0 0 0 0 0 0 0 0 0 0 0 0 0 0 0 0 0 0 0 0 0 0 0 0 0 0 0 0 0 0 0 0 0 0 0 0 0 0 0 0 0 0 0 0 0 0 0 0 0]
[379050174385910111666049574058414362582901528954011756690718113248714450507567678107927950890614368145663850116846483958969573390451854615276270659709017335683863816293637425000106223702025365118563 0 0 0 1 0 0 0 0 0 0 0 0 0 0 0 0 0 0 0 0 0 0 0 0 0 0 0 0 0 0 0 0 0 0 0 0 0 0 0 0 0 0 0 0 0 0 0 0 0 0 0 0 0 0 0 0 0 0 0 0 0 0 0 0 0]
[620235751761011767348827147335179269038079378478293756414708791479875030543310381855490588840895111584818255651955967913765173130948877666542349742089410049902937835518458471353393418224914252973101 0 0 0 0 1 0 0 0 0 0 0 0 0 0 0 0 0 0 0 0 0 0 0 0 0 0 0 0 0 0 0 0 0 0 0 0 0 0 0 0 0 0 0 0 0 0 0 0 0 0 0 0 0 0 0 0 0 0 0 0 0 0 0 0 0]
[1592887571782702761572649446639144474118887792657786359331378594149166498444806453517671896034002680940271894256793430690282356005195345501105223235308565485452899023712377836327322557887013468212500 0 0 0 0 0 1 0 0 0 0 0 0 0 0 0 0 0 0 0 0 0 0 0 0 0 0 0 0 0 0 0 0 0 0 0 0 0 0 0 0 0 0 0 0 0 0 0 0 0 0 0 0 0 0 0 0 0 0 0 0 0 0 0 0 0]
[1576348851849607227175414984101542999452179910776063721940099633501198637489552210940851248409565261060556902405221195635689090470693286155046593860197301645811651093300595911432843462616495058310296 0 0 0 0 0 0 1 0 0 0 0 0 0 0 0 0 0 0 0 0 0 0 0 0 0 0 0 0 0 0 0 0 0 0 0 0 0 0 0 0 0 0 0 0 0 0 0 0 0 0 0 0 0 0 0 0 0 0 0 0 0 0 0 0 0]
[1772299025560875758786929693044124622979330216473418760834868658860498295994042144989504252986869937368412365989829239857193129805622695156697390394613704035367936082869109089696116658047929478408187 0 0 0 0 0 0 0 1 0 0 0 0 0 0 0 0 0 0 0 0 0 0 0 0 0 0 0 0 0 0 0 0 0 0 0 0 0 0 0 0 0 0 0 0 0 0 0 0 0 0 0 0 0 0 0 0 0 0 0 0 0 0 0 0 0]
[1799872122187660118212633811101457627640922684415885237227017546837227924680960868832438304464007273712091753519500390395619828411556054153209671170287400196347010762430114583429369669926436079332623 0 0 0 0 0 0 0 0 1 0 0 0 0 0 0 0 0 0 0 0 0 0 0 0 0 0 0 0 0 0 0 0 0 0 0 0 0 0 0 0 0 0 0 0 0 0 0 0 0 0 0 0 0 0 0 0 0 0 0 0 0 0 0 0 0]
[1173837179901151328812220157564120227390669796196771889099437556991681938851957153213097404526793808353217734358826101258778037573559860156961089309854323679280308098388563403680766847355421063004825 0 0 0 0 0 0 0 0 0 1 0 0 0 0 0 0 0 0 0 0 0 0 0 0 0 0 0 0 0 0 0 0 0 0 0 0 0 0 0 0 0 0 0 0 0 0 0 0 0 0 0 0 0 0 0 0 0 0 0 0 0 0 0 0 0]
[1560618938878374598839091590755794826891648173354352071722089183321470843355776156951976839594944377029364590297370307736414039517717750805979075430703601650418895707063383445551346058175400996725465 0 0 0 0 0 0 0 0 0 0 1 0 0 0 0 0 0 0 0 0 0 0 0 0 0 0 0 0 0 0 0 0 0 0 0 0 0 0 0 0 0 0 0 0 0 0 0 0 0 0 0 0 0 0 0 0 0 0 0 0 0 0 0 0 0]
[928452557875243428626618176327211313901702335123447939699387103143853989623081124054137274662696866766953349127299604992322364185730758074406668635462795298927234972559206906617794503907621100902903 0 0 0 0 0 0 0 0 0 0 0 1 0 0 0 0 0 0 0 0 0 0 0 0 0 0 0 0 0 0 0 0 0 0 0 0 0 0 0 0 0 0 0 0 0 0 0 0 0 0 0 0 0 0 0 0 0 0 0 0 0 0 0 0 0]
[2420169352069197321440796773807775367872864588453139273806639525924849774349751213535387125121429067791098042772134791885065765349566485316093172256227384869358152629894314479897241764153353014478239 0 0 0 0 0 0 0 0 0 0 0 0 1 0 0 0 0 0 0 0 0 0 0 0 0 0 0 0 0 0 0 0 0 0 0 0 0 0 0 0 0 0 0 0 0 0 0 0 0 0 0 0 0 0 0 0 0 0 0 0 0 0 0 0 0]
[179039703315020994663149855889342464544861601775059792679944759403805300577659213361369377628167609361894499895312619902833821538408800168754082735226099714807197338456930680891743098016007543301805 0 0 0 0 0 0 0 0 0 0 0 0 0 1 0 0 0 0 0 0 0 0 0 0 0 0 0 0 0 0 0 0 0 0 0 0 0 0 0 0 0 0 0 0 0 0 0 0 0 0 0 0 0 0 0 0 0 0 0 0 0 0 0 0 0]
[1541875510867788840360807090487332517851269741817757415489653741066826854082478533537358401666610745355591707563734949249747939256849796203285085735162884233479147657542032630643535300361789147534970 0 0 0 0 0 0 0 0 0 0 0 0 0 0 1 0 0 0 0 0 0 0 0 0 0 0 0 0 0 0 0 0 0 0 0 0 0 0 0 0 0 0 0 0 0 0 0 0 0 0 0 0 0 0 0 0 0 0 0 0 0 0 0 0 0]
[1404675104943938926479516948895592799059173535349854766586747145200996063354438671649165230310086783376927496393863930809505358754703462922868691715397773020098041767650853164531180727273923110804715 0 0 0 0 0 0 0 0 0 0 0 0 0 0 0 1 0 0 0 0 0 0 0 0 0 0 0 0 0 0 0 0 0 0 0 0 0 0 0 0 0 0 0 0 0 0 0 0 0 0 0 0 0 0 0 0 0 0 0 0 0 0 0 0 0]
[1326992572038768846936723388557369673158611449329551369241355776191522616641183905294312395151950183941910681510198456056036264005113887981378018049990656568697297898065621274253163877974619549476056 0 0 0 0 0 0 0 0 0 0 0 0 0 0 0 0 1 0 0 0 0 0 0 0 0 0 0 0 0 0 0 0 0 0 0 0 0 0 0 0 0 0 0 0 0 0 0 0 0 0 0 0 0 0 0 0 0 0 0 0 0 0 0 0 0]
[288874084198493173791412948672709106519038605736948078637121016602748222746921687509548004334827814857290234949722022784423215170569683171779926489188257498306121183190254663589105128423065452254924 0 0 0 0 0 0 0 0 0 0 0 0 0 0 0 0 0 1 0 0 0 0 0 0 0 0 0 0 0 0 0 0 0 0 0 0 0 0 0 0 0 0 0 0 0 0 0 0 0 0 0 0 0 0 0 0 0 0 0 0 0 0 0 0 0]
[2690368037818583222263977002151513963134390412352808657155935767383676572209143820158659117853584934400263629223683247391975194549586168961670004956078686799918457898442939941118494589446679303176927 0 0 0 0 0 0 0 0 0 0 0 0 0 0 0 0 0 0 1 0 0 0 0 0 0 0 0 0 0 0 0 0 0 0 0 0 0 0 0 0 0 0 0 0 0 0 0 0 0 0 0 0 0 0 0 0 0 0 0 0 0 0 0 0 0]
[3291029178355054553987789736531454294386554069156986125416240765157603080890862494070951598141037706262532261741799737378185012157581628493490906566120028394794041110134298616653355221057821454951399 0 0 0 0 0 0 0 0 0 0 0 0 0 0 0 0 0 0 0 1 0 0 0 0 0 0 0 0 0 0 0 0 0 0 0 0 0 0 0 0 0 0 0 0 0 0 0 0 0 0 0 0 0 0 0 0 0 0 0 0 0 0 0 0 0]
[1871402938129999967925041987572085304200314435230769271178303452698481022783287832165476302085534801880012116835380092333632031467174650306438306505734481210514240433355352067712034865037854682505825 0 0 0 0 0 0 0 0 0 0 0 0 0 0 0 0 0 0 0 0 1 0 0 0 0 0 0 0 0 0 0 0 0 0 0 0 0 0 0 0 0 0 0 0 0 0 0 0 0 0 0 0 0 0 0 0 0 0 0 0 0 0 0 0 0]
[377086908867916458885982418555875394138956076625900634544741984063689950876634401529312318896292380064428705613376152056142417636049807131554976328755790194444751343558530172394866901423627268798000 0 0 0 0 0 0 0 0 0 0 0 0 0 0 0 0 0 0 0 0 0 1 0 0 0 0 0 0 0 0 0 0 0 0 0 0 0 0 0 0 0 0 0 0 0 0 0 0 0 0 0 0 0 0 0 0 0 0 0 0 0 0 0 0 0]
[398284596114138436794721515196977843965119575159593933920793981285990519595300929238159478783791318135297188020628598008557422740071876846969608676555619686028647595169069724902570124167309926290531 0 0 0 0 0 0 0 0 0 0 0 0 0 0 0 0 0 0 0 0 0 0 1 0 0 0 0 0 0 0 0 0 0 0 0 0 0 0 0 0 0 0 0 0 0 0 0 0 0 0 0 0 0 0 0 0 0 0 0 0 0 0 0 0 0]
[2123329456224736931657285863130539355961197836997302779318581168566305226472101144212301422041909078009038900758528280861368756291363632742193899412850960446791334106972999571589641335990615387909978 0 0 0 0 0 0 0 0 0 0 0 0 0 0 0 0 0 0 0 0 0 0 0 1 0 0 0 0 0 0 0 0 0 0 0 0 0 0 0 0 0 0 0 0 0 0 0 0 0 0 0 0 0 0 0 0 0 0 0 0 0 0 0 0 0]
[1780922463326308207605952996425307984365836287384834077414480804177441086061002817491804530265564848153831701032122102621194478045827796769253041558462059677225760239918627529487678895570198568363350 0 0 0 0 0 0 0 0 0 0 0 0 0 0 0 0 0 0 0 0 0 0 0 0 1 0 0 0 0 0 0 0 0 0 0 0 0 0 0 0 0 0 0 0 0 0 0 0 0 0 0 0 0 0 0 0 0 0 0 0 0 0 0 0 0]
[1541403422898416195226960057153815734528420778022860658790076380836429690003708837459445790476711395595164635410944664277210332143974966629814374509124056276860650081575729737618453978185962829305399 0 0 0 0 0 0 0 0 0 0 0 0 0 0 0 0 0 0 0 0 0 0 0 0 0 1 0 0 0 0 0 0 0 0 0 0 0 0 0 0 0 0 0 0 0 0 0 0 0 0 0 0 0 0 0 0 0 0 0 0 0 0 0 0 0]
[2704367848937161022938876642319487655996893598759558843443259583278947087909182880502586929908526830351723405490421587807696570257746647822523815111217434881171609348074286910015820467579322753261634 0 0 0 0 0 0 0 0 0 0 0 0 0 0 0 0 0 0 0 0 0 0 0 0 0 0 1 0 0 0 0 0 0 0 0 0 0 0 0 0 0 0 0 0 0 0 0 0 0 0 0 0 0 0 0 0 0 0 0 0 0 0 0 0 0]
[3055704528610684873679551469587629515708751171339307533265388034124989884666381969150901461097451199647793909136220653672963810139686948556357213358078821721908584119214139745311740241069692902667147 0 0 0 0 0 0 0 0 0 0 0 0 0 0 0 0 0 0 0 0 0 0 0 0 0 0 0 1 0 0 0 0 0 0 0 0 0 0 0 0 0 0 0 0 0 0 0 0 0 0 0 0 0 0 0 0 0 0 0 0 0 0 0 0 0]
[631410305996442351346725514547069012150156220823751058274103848329638032516472419179282989734544373548359271135205364022267700579947054919545027729698924142861418905495607874785886035452597856060755 0 0 0 0 0 0 0 0 0 0 0 0 0 0 0 0 0 0 0 0 0 0 0 0 0 0 0 0 1 0 0 0 0 0 0 0 0 0 0 0 0 0 0 0 0 0 0 0 0 0 0 0 0 0 0 0 0 0 0 0 0 0 0 0 0]
[1006386684487354217513729343408604899178595790181272556353817964102949109314614659454032354281973545042385684850280462705023110752516853494196529816669800546041767422673256576414245492418386626692235 0 0 0 0 0 0 0 0 0 0 0 0 0 0 0 0 0 0 0 0 0 0 0 0 0 0 0 0 0 1 0 0 0 0 0 0 0 0 0 0 0 0 0 0 0 0 0 0 0 0 0 0 0 0 0 0 0 0 0 0 0 0 0 0 0]
[2197106045635892969417435131494623092243790749766191240031154998190231696668564226208860198027414335792816941046074242330602246013868382565116319624462393646259870241771835178594586076748775946658104 0 0 0 0 0 0 0 0 0 0 0 0 0 0 0 0 0 0 0 0 0 0 0 0 0 0 0 0 0 0 1 0 0 0 0 0 0 0 0 0 0 0 0 0 0 0 0 0 0 0 0 0 0 0 0 0 0 0 0 0 0 0 0 0 0]
[1712653125524763310068575365113150694771625637833621741004613055042876757240397241055179663835615588939451260158215788987560307839601708872927632032650160285798252678709959401966760089588020542940577 0 0 0 0 0 0 0 0 0 0 0 0 0 0 0 0 0 0 0 0 0 0 0 0 0 0 0 0 0 0 0 1 0 0 0 0 0 0 0 0 0 0 0 0 0 0 0 0 0 0 0 0 0 0 0 0 0 0 0 0 0 0 0 0 0]
[1591828727431903274325410603668501678064722344905892473525129619278554444007275388975063931331140135742893470314954846982881543701434893425122638685776033419794713266793388162518628338911241523960808 0 0 0 0 0 0 0 0 0 0 0 0 0 0 0 0 0 0 0 0 0 0 0 0 0 0 0 0 0 0 0 0 1 0 0 0 0 0 0 0 0 0 0 0 0 0 0 0 0 0 0 0 0 0 0 0 0 0 0 0 0 0 0 0 0]
[232391569782860542297331133424243982028670516273966810709153580695645919793469811219684112995135282025300882606969497596866768829159264738304759581435914871846166306991445177078415662490773847465954 0 0 0 0 0 0 0 0 0 0 0 0 0 0 0 0 0 0 0 0 0 0 0 0 0 0 0 0 0 0 0 0 0 1 0 0 0 0 0 0 0 0 0 0 0 0 0 0 0 0 0 0 0 0 0 0 0 0 0 0 0 0 0 0 0]
[428560555997849933674381172192416398554668648820377620838465440002974235818033851317765409613074651665982696690529435994832810834638601643953153400878641941415052528243910263380745341500704644070651 0 0 0 0 0 0 0 0 0 0 0 0 0 0 0 0 0 0 0 0 0 0 0 0 0 0 0 0 0 0 0 0 0 0 1 0 0 0 0 0 0 0 0 0 0 0 0 0 0 0 0 0 0 0 0 0 0 0 0 0 0 0 0 0 0]
[12353549933577321065137308070591350288233934972969680422187342724422215349799572211860258582552303186921387981455886782092228152862596821890644268160058601489429880587392805192547700222619040529612 0 0 0 0 0 0 0 0 0 0 0 0 0 0 0 0 0 0 0 0 0 0 0 0 0 0 0 0 0 0 0 0 0 0 0 1 0 0 0 0 0 0 0 0 0 0 0 0 0 0 0 0 0 0 0 0 0 0 0 0 0 0 0 0 0]
[3200557303477755332843865008896977635610511252303274826272665307567353930347357181848183049507788172270551756848636804107895825856450974761805245680349758315720452566710495783555527726945979404143352 0 0 0 0 0 0 0 0 0 0 0 0 0 0 0 0 0 0 0 0 0 0 0 0 0 0 0 0 0 0 0 0 0 0 0 0 1 0 0 0 0 0 0 0 0 0 0 0 0 0 0 0 0 0 0 0 0 0 0 0 0 0 0 0 0]
[2778268788779101006569860712869623019906598601934089559837780443673511442467972794721037082739800439747861792409185298301014050194343397851187738718944199939945956135727003803858649163570445454940138 0 0 0 0 0 0 0 0 0 0 0 0 0 0 0 0 0 0 0 0 0 0 0 0 0 0 0 0 0 0 0 0 0 0 0 0 0 1 0 0 0 0 0 0 0 0 0 0 0 0 0 0 0 0 0 0 0 0 0 0 0 0 0 0 0]
[1524142667189149218399847479922385532508275130515203775405620126613793051078647287564741085354106381743958124986864316398509476832026810075244755148848673023511327976914829170782126264387652023204573 0 0 0 0 0 0 0 0 0 0 0 0 0 0 0 0 0 0 0 0 0 0 0 0 0 0 0 0 0 0 0 0 0 0 0 0 0 0 1 0 0 0 0 0 0 0 0 0 0 0 0 0 0 0 0 0 0 0 0 0 0 0 0 0 0]
[983628445425773052367577821979721813117833928119822041272433752152019113840145093725767649694378521695308029796217542052672186762886929039374448358063585509654361341970538313597472128331325409001423 0 0 0 0 0 0 0 0 0 0 0 0 0 0 0 0 0 0 0 0 0 0 0 0 0 0 0 0 0 0 0 0 0 0 0 0 0 0 0 1 0 0 0 0 0 0 0 0 0 0 0 0 0 0 0 0 0 0 0 0 0 0 0 0 0]
[3110970666639210637498401761470302438339926782811864611870472005434982452494997929728535242735244261144216751127197707757166480065801203402393333674391463286138377179899816001860957850709647946855457 0 0 0 0 0 0 0 0 0 0 0 0 0 0 0 0 0 0 0 0 0 0 0 0 0 0 0 0 0 0 0 0 0 0 0 0 0 0 0 0 1 0 0 0 0 0 0 0 0 0 0 0 0 0 0 0 0 0 0 0 0 0 0 0 0]
[1678324548963317548938213756461794291260252865673281760983730175849772102430499631101812250112219631524356405121186980180230578208211375186580914318624041880804307947930910751918401476228450022880442 0 0 0 0 0 0 0 0 0 0 0 0 0 0 0 0 0 0 0 0 0 0 0 0 0 0 0 0 0 0 0 0 0 0 0 0 0 0 0 0 0 1 0 0 0 0 0 0 0 0 0 0 0 0 0 0 0 0 0 0 0 0 0 0 0]
[3512239222417025921231672053279161183068162490839111251417147011788429038876398707470349096950635458024526408542967591570685921596789064592662162631969160788582916230468791270320911626859622668677591 0 0 0 0 0 0 0 0 0 0 0 0 0 0 0 0 0 0 0 0 0 0 0 0 0 0 0 0 0 0 0 0 0 0 0 0 0 0 0 0 0 0 1 0 0 0 0 0 0 0 0 0 0 0 0 0 0 0 0 0 0 0 0 0 0]
[1106788714025510069963808540011976187616891203922700546600798265168421523934509201902970153198045006585090026912581821817540670926984463238025415147429745400220680974920736650411977670119637415441345 0 0 0 0 0 0 0 0 0 0 0 0 0 0 0 0 0 0 0 0 0 0 0 0 0 0 0 0 0 0 0 0 0 0 0 0 0 0 0 0 0 0 0 1 0 0 0 0 0 0 0 0 0 0 0 0 0 0 0 0 0 0 0 0 0]
[3046299454761319831659934024744578308148202151193750519358235079908400221820579259357565003683176267124397471531580948446434994191315470662485402039808392975368945182239499912901217378072876565473593 0 0 0 0 0 0 0 0 0 0 0 0 0 0 0 0 0 0 0 0 0 0 0 0 0 0 0 0 0 0 0 0 0 0 0 0 0 0 0 0 0 0 0 0 1 0 0 0 0 0 0 0 0 0 0 0 0 0 0 0 0 0 0 0 0]
[493339772437298848982748802974388425743771232287250115837172875527677025236729410627020674700651911575365137069964851433381818913742942102333938061261993995459285743475507586746685095269952330877965 0 0 0 0 0 0 0 0 0 0 0 0 0 0 0 0 0 0 0 0 0 0 0 0 0 0 0 0 0 0 0 0 0 0 0 0 0 0 0 0 0 0 0 0 0 1 0 0 0 0 0 0 0 0 0 0 0 0 0 0 0 0 0 0 0]
[2846784924566540105907678135485745351475709833298412350857391204680150330793772693181733179390336683698026420594378910067967251500993612733941546542485353931484766796765841433024754525911792137848789 0 0 0 0 0 0 0 0 0 0 0 0 0 0 0 0 0 0 0 0 0 0 0 0 0 0 0 0 0 0 0 0 0 0 0 0 0 0 0 0 0 0 0 0 0 0 1 0 0 0 0 0 0 0 0 0 0 0 0 0 0 0 0 0 0]
[163609103636079730975924893352206079030411327167569006563401412041191778158431444137946825593812631347651193286173729399041355863801099159608114345841015682568219794803517237294775175680956090955003 0 0 0 0 0 0 0 0 0 0 0 0 0 0 0 0 0 0 0 0 0 0 0 0 0 0 0 0 0 0 0 0 0 0 0 0 0 0 0 0 0 0 0 0 0 0 0 1 0 0 0 0 0 0 0 0 0 0 0 0 0 0 0 0 0]
[2707581475519760560091041319964001748142618645724914211952154917108363957394915937532635823441219539515007601256040607077560871065755631723369567482663835158709898673544142097030083900273064550406143 0 0 0 0 0 0 0 0 0 0 0 0 0 0 0 0 0 0 0 0 0 0 0 0 0 0 0 0 0 0 0 0 0 0 0 0 0 0 0 0 0 0 0 0 0 0 0 0 1 0 0 0 0 0 0 0 0 0 0 0 0 0 0 0 0]
[2060636006069892532880597967959234771750415056623125986776356374834169260132731985966320920911779633365341570395146436524132924660152999499478735999907301405790206166544308183999111771340433692667845 0 0 0 0 0 0 0 0 0 0 0 0 0 0 0 0 0 0 0 0 0 0 0 0 0 0 0 0 0 0 0 0 0 0 0 0 0 0 0 0 0 0 0 0 0 0 0 0 0 1 0 0 0 0 0 0 0 0 0 0 0 0 0 0 0]
[702476713739674943779853581223270728475361562621095626626335732999536323230803426326217643830004752057882555751888096064139666201235521464912372468885410554757233322174405511748960206870764672497362 0 0 0 0 0 0 0 0 0 0 0 0 0 0 0 0 0 0 0 0 0 0 0 0 0 0 0 0 0 0 0 0 0 0 0 0 0 0 0 0 0 0 0 0 0 0 0 0 0 0 1 0 0 0 0 0 0 0 0 0 0 0 0 0 0]
[956892774084771723072761417746010810588304491065557728392131956333540658113479101940902693057947265471573236343425755158957903112983322258492318608617498839544471117442853313549730735396673345100320 0 0 0 0 0 0 0 0 0 0 0 0 0 0 0 0 0 0 0 0 0 0 0 0 0 0 0 0 0 0 0 0 0 0 0 0 0 0 0 0 0 0 0 0 0 0 0 0 0 0 0 1 0 0 0 0 0 0 0 0 0 0 0 0 0]
[840152904428045419294700923890958492177825232872652680237914702698832424322889528854875958102872719065838605177658545467854269872159676900359345459912540570158196493063565395401896611109105139135936 0 0 0 0 0 0 0 0 0 0 0 0 0 0 0 0 0 0 0 0 0 0 0 0 0 0 0 0 0 0 0 0 0 0 0 0 0 0 0 0 0 0 0 0 0 0 0 0 0 0 0 0 1 0 0 0 0 0 0 0 0 0 0 0 0]
[2310440370323935708734986545832664203911622252734006850035435794908965698262337129655159359893849258076060611902063819174829197558254101436426242031418189490830247235112630420573249543468725933417674 0 0 0 0 0 0 0 0 0 0 0 0 0 0 0 0 0 0 0 0 0 0 0 0 0 0 0 0 0 0 0 0 0 0 0 0 0 0 0 0 0 0 0 0 0 0 0 0 0 0 0 0 0 1 0 0 0 0 0 0 0 0 0 0 0]
[1942766469791847853144154228574340452154458591420142661646118189656622037317887413602141539423093425607955578098718939192952391278425058602020026730979396316084453736922740037600099676451560235587980 0 0 0 0 0 0 0 0 0 0 0 0 0 0 0 0 0 0 0 0 0 0 0 0 0 0 0 0 0 0 0 0 0 0 0 0 0 0 0 0 0 0 0 0 0 0 0 0 0 0 0 0 0 0 1 0 0 0 0 0 0 0 0 0 0]
[2872519384402609086539692793491049902978407164368010124421512456470129868425444700193676730213735090456732341943277984012026155131253913678350857883598253095147929361028842602258735674679740786787178 0 0 0 0 0 0 0 0 0 0 0 0 0 0 0 0 0 0 0 0 0 0 0 0 0 0 0 0 0 0 0 0 0 0 0 0 0 0 0 0 0 0 0 0 0 0 0 0 0 0 0 0 0 0 0 1 0 0 0 0 0 0 0 0 0]
[675618499426400123368574839392842466921117286237119086801577957229407973128853466680908761914374308807438499339624086073717162068787902136516287136208360088497414302984067200073147506832574942680867 0 0 0 0 0 0 0 0 0 0 0 0 0 0 0 0 0 0 0 0 0 0 0 0 0 0 0 0 0 0 0 0 0 0 0 0 0 0 0 0 0 0 0 0 0 0 0 0 0 0 0 0 0 0 0 0 1 0 0 0 0 0 0 0 0]
[1858332031586710838995131319121972403991811048434759544333153538850002777808772700452487809478509466702815863423076208544868280286977590679959323299827924194179070523677485731389964898892802441690306 0 0 0 0 0 0 0 0 0 0 0 0 0 0 0 0 0 0 0 0 0 0 0 0 0 0 0 0 0 0 0 0 0 0 0 0 0 0 0 0 0 0 0 0 0 0 0 0 0 0 0 0 0 0 0 0 0 1 0 0 0 0 0 0 0]
[1500357995381388235095397666024298488300657198697637080642627775106942476046769232071783249190862334659058417005956957469666442060562341929296658523398919725873023639687386349506130844278398664597108 0 0 0 0 0 0 0 0 0 0 0 0 0 0 0 0 0 0 0 0 0 0 0 0 0 0 0 0 0 0 0 0 0 0 0 0 0 0 0 0 0 0 0 0 0 0 0 0 0 0 0 0 0 0 0 0 0 0 1 0 0 0 0 0 0]
[1814693356667831421266452805527073906298392095405304292614543469469078468917414925580130726712801077469522617452064585342192223802435918620671951092224603653071356365961438744042941976826795595256036 0 0 0 0 0 0 0 0 0 0 0 0 0 0 0 0 0 0 0 0 0 0 0 0 0 0 0 0 0 0 0 0 0 0 0 0 0 0 0 0 0 0 0 0 0 0 0 0 0 0 0 0 0 0 0 0 0 0 0 1 0 0 0 0 0]
[124314675122758693530747766576204556284793028194329879447074972802201335754298586531327695892682878230774119008314686263166777996454068785286708041249819465497247690608504867590644568401568872666298 0 0 0 0 0 0 0 0 0 0 0 0 0 0 0 0 0 0 0 0 0 0 0 0 0 0 0 0 0 0 0 0 0 0 0 0 0 0 0 0 0 0 0 0 0 0 0 0 0 0 0 0 0 0 0 0 0 0 0 0 1 0 0 0 0]
[2923488258576698803206172857085114125105320636935952047995741898356347916674115673777112821948146346831815325109263926115537844488555414902265187963276143647750165899843474365620447985043741533039897 0 0 0 0 0 0 0 0 0 0 0 0 0 0 0 0 0 0 0 0 0 0 0 0 0 0 0 0 0 0 0 0 0 0 0 0 0 0 0 0 0 0 0 0 0 0 0 0 0 0 0 0 0 0 0 0 0 0 0 0 0 1 0 0 0]
[2169655155677318477586818643891858750873930263562544999726221256237512848389953367066589620590351368053338752523878695107769654270340944791214707044399937516601607289616020531067091836020326237546182 0 0 0 0 0 0 0 0 0 0 0 0 0 0 0 0 0 0 0 0 0 0 0 0 0 0 0 0 0 0 0 0 0 0 0 0 0 0 0 0 0 0 0 0 0 0 0 0 0 0 0 0 0 0 0 0 0 0 0 0 0 0 1 0 0]
[3348671662979998551504869181356518682105431499436446026600761702137261544127331347061793938230102353493187333360831514775720472446369955797590369866397393802056758425616789647264183412620381771040927 0 0 0 0 0 0 0 0 0 0 0 0 0 0 0 0 0 0 0 0 0 0 0 0 0 0 0 0 0 0 0 0 0 0 0 0 0 0 0 0 0 0 0 0 0 0 0 0 0 0 0 0 0 0 0 0 0 0 0 0 0 0 0 1 0]
[1710974033935788643184060804674171049219904002220077012211683288098758168691119787988175988638032518446369906361929036426509964939127081822109504452058530202291655536905850231582379319368658884629211 0 0 0 0 0 0 0 0 0 0 0 0 0 0 0 0 0 0 0 0 0 0 0 0 0 0 0 0 0 0 0 0 0 0 0 0 0 0 0 0 0 0 0 0 0 0 0 0 0 0 0 0 0 0 0 0 0 0 0 0 0 0 0 0 1]
]
66 67 8
[1 1 1 1 1 1 1 1 1 1 1 1 1 1 1 1 1 1 1 1 1 1 1 1 1 1 1 1 1 1 1 1 1 1 1 1 1 1 1 1 1 1 1 1 1 1 1 1 1 1 1 1 1 1 1 1 1 1 1 1 1 1 1 1 1 1 1]
