[[2603570724155398752572500001431740726254834957243253405912261823091876698442996884319698294795109153032200667152882200672018798548578039653368020185413001765381978447785421944005188366035652939497577 0 0 0 0 0 0 0 0 0 0 0 0 0 0 0 0 0 0 0 0 0 0 0 0 0 0 0 0 0 0 0 0 0 0 0 0 0 0 0 0 0 0 0 0 0 0 0 0 0 0 0 0 0 0 0 0 0 0 0 0 0 0 0 0 0]
[1973656000970228169758478108363431825992663687615539636138155980716079555694012172655920940803331089214828218629627501334639301290237408189474956444641534036714774088903331465120038016646741021779146 1 0 0 0 0 0 0 0 0 0 0 0 0 0 0 0 0 0 0 0 0 0 0 0 0 0 0 0 0 0 0 0 0 0 0 0 0 0 0 0 0 0 0 0 0 0 0 0 0 0 0 0 0 0 0 0 0 0 0 0 0 0 0 0 0]
[2057440551587107546477772723450763496191869121073011048158676238193967582975316388284440138260454451512661431668814659213567395581160663197306712328307418040409329330861201247369772382973979688159269 0 1 0 0 0 0 0 0 0 0 0 0 0 0 0 0 0 0 0 0 0 0 0 0 0 0 0 0 0 0 0 0 0 0 0 0 0 0 0 0 0 0 0 0 0 0 0 0 0 0 0 0 0 0 0 0 0 0 0 0 0 0 0 0 0]
[915223436756252216084558319108083777743251124459425978280858223926486062391093802049437244332807881617504086936303100190544972845157728811080653188802667637513411792379837415102077368393549813189411 0 0 1 0 0 0 0 0 0 0 0 0 0 0 0 0 0 0 0 0 0 0 0 0 0 0 0 0 0 0 0 0 0 0 0 0 0 0 0 0 0 0 0 0 0 0 0 0 0 0 0 0 0 0 0 0 0 0 0 0 0 0 0 0 0]
[1871968228715374640714236360346109480107201255233046417797227978289986323905548356135256873253982517206001546300932799630020877207442875387372592632177017230674915407101289603495615210238014124027447 0 0 0 1 0 0 0 0 0 0 0 0 0 0 0 0 0 0 0 0 0 0 0 0 0 0 0 0 0 0 0 0 0 0 0 0 0 0 0 0 0 0 0 0 0 0 0 0 0 0 0 0 0 0 0 0 0 0 0 0 0 0 0 0 0]
[1375138789171458750383959745445282827415230603586085991857718213460323070509939750991175845727064307685451376646554627861810276632398716445792189460472330070045105518954398388541958279358334667856318 0 0 0 0 1 0 0 0 0 0 0 0 0 0 0 0 0 0 0 0 0 0 0 0 0 0 0 0 0 0 0 0 0 0 0 0 0 0 0 0 0 0 0 0 0 0 0 0 0 0 0 0 0 0 0 0 0 0 0 0 0 0 0 0 0]
[2420569830353537129284150399469805975573960128122060659533095244116155435415011424394648274510620871385111463604559933667639793313576408842986106996928346418390495457660695970695588470538164503819454 0 0 0 0 0 1 0 0 0 0 0 0 0 0 0 0 0 0 0 0 0 0 0 0 0 0 0 0 0 0 0 0 0 0 0 0 0 0 0 0 0 0 0 0 0 0 0 0 0 0 0 0 0 0 0 0 0 0 0 0 0 0 0 0 0]
[730194540737265478381539051128567708944942931583809222338440106028324132885089459780997475278428391645830670822473135468492074215919702264231010361649561567095704273005381196158110567081245365839848 0 0 0 0 0 0 1 0 0 0 0 0 0 0 0 0 0 0 0 0 0 0 0 0 0 0 0 0 0 0 0 0 0 0 0 0 0 0 0 0 0 0 0 0 0 0 0 0 0 0 0 0 0 0 0 0 0 0 0 0 0 0 0 0 0]
[452531563450006042590046407607424634369083985950367184873681111628671677847614717265546936124526881478582389366747160858341398213308172067139315417659891820259898054812326100164806262924708581567120 0 0 0 0 0 0 0 1 0 0 0 0 0 0 0 0 0 0 0 0 0 0 0 0 0 0 0 0 0 0 0 0 0 0 0 0 0 0 0 0 0 0 0 0 0 0 0 0 0 0 0 0 0 0 0 0 0 0 0 0 0 0 0 0 0]
[1093794959906624720090158940821051334624419083266099151922411140271110401008376115839225194025163553662661398549684005006727755695298329801872543496873634469690757106651363019748896272446012616022001 0 0 0 0 0 0 0 0 1 0 0 0 0 0 0 0 0 0 0 0 0 0 0 0 0 0 0 0 0 0 0 0 0 0 0 0 0 0 0 0 0 0 0 0 0 0 0 0 0 0 0 0 0 0 0 0 0 0 0 0 0 0 0 0 0]
[112152344207966224268031333870607159064358487029555384086601891841708178827938174057952159398115084570098986544525930455968099811049743072149541233685518439627268493806571216044258294939340034379619 0 0 0 0 0 0 0 0 0 1 0 0 0 0 0 0 0 0 0 0 0 0 0 0 0 0 0 0 0 0 0 0 0 0 0 0 0 0 0 0 0 0 0 0 0 0 0 0 0 0 0 0 0 0 0 0 0 0 0 0 0 0 0 0 0]
[1884924562733044927353939496171600103902361338624926683512230872458666465117138656514653465698616446712850128841795015829448666922001200880000800914848136500149670749464644880077901990976265807369206 0 0 0 0 0 0 0 0 0 0 1 0 0 0 0 0 0 0 0 0 0 0 0 0 0 0 0 0 0 0 0 0 0 0 0 0 0 0 0 0 0 0 0 0 0 0 0 0 0 0 0 0 0 0 0 0 0 0 0 0 0 0 0 0 0]
[1753594224951725949639760474583956483604090255385216943069650782344829853265211045935132628692399093972828691098639388320484787094923377033290598032119837793918430864416807194696660975737665512594067 0 0 0 0 0 0 0 0 0 0 0 1 0 0 0 0 0 0 0 0 0 0 0 0 0 0 0 0 0 0 0 0 0 0 0 0 0 0 0 0 0 0 0 0 0 0 0 0 0 0 0 0 0 0 0 0 0 0 0 0 0 0 0 0 0]
[1291017517769095752482340391539204325252827191284519607796094031725301236794259000168093047627552699161417279985640368561299664888675017701406338172490773151022462496394700889191431659366104087496652 0 0 0 0 0 0 0 0 0 0 0 0 1 0 0 0 0 0 0 0 0 0 0 0 0 0 0 0 0 0 0 0 0 0 0 0 0 0 0 0 0 0 0 0 0 0 0 0 0 0 0 0 0 0 0 0 0 0 0 0 0 0 0 0 0]
[1262754904721941401902422830483669519069278564485723656142560749901861237502481317331404045462214942515901161306168306745196508713017061234198545139623160443185175581380652374531727690292868867606749 0 0 0 0 0 0 0 0 0 0 0 0 0 1 0 0 0 0 0 0 0 0 0 0 0 0 0 0 0 0 0 0 0 0 0 0 0 0 0 0 0 0 0 0 0 0 0 0 0 0 0 0 0 0 0 0 0 0 0 0 0 0 0 0 0]
[1306403690459837243041884940005550320065200801402890234640469272786120602159046872345996180256059188015170997428388845459999027962364596471450273946220436041181095132792032294470991254099581696480952 0 0 0 0 0 0 0 0 0 0 0 0 0 0 1 0 0 0 0 0 0 0 0 0 0 0 0 0 0 0 0 0 0 0 0 0 0 0 0 0 0 0 0 0 0 0 0 0 0 0 0 0 0 0 0 0 0 0 0 0 0 0 0 0 0]
[954324661245859451575800243746122928940880854253012113249967178850743573440362745428056764305140664717053469056967873569531761299291208300627661664235651826342811942365822407972263370724311439649400 0 0 0 0 0 0 0 0 0 0 0 0 0 0 0 1 0 0 0 0 0 0 0 0 0 0 0 0 0 0 0 0 0 0 0 0 0 0 0 0 0 0 0 0 0 0 0 0 0 0 0 0 0 0 0 0 0 0 0 0 0 0 0 0 0]
[2245615162053996371474815050724923251775863955747793907029623114443551512390400285590655677500967525065898687849293430952670380847139833577022934399366355849413973969007581934749616248226103925846578 0 0 0 0 0 0 0 0 0 0 0 0 0 0 0 0 1 0 0 0 0 0 0 0 0 0 0 0 0 0 0 0 0 0 0 0 0 0 0 0 0 0 0 0 0 0 0 0 0 0 0 0 0 0 0 0 0 0 0 0 0 0 0 0 0]
[165467104062606580409884929711085285506343409083039991379195923245872720443467970557913804854948705707776859686337426913358621784028473919225075527645425899762377034302486213387636902410563164702475 0 0 0 0 0 0 0 0 0 0 0 0 0 0 0 0 0 1 0 0 0 0 0 0 0 0 0 0 0 0 0 0 0 0 0 0 0 0 0 0 0 0 0 0 0 0 0 0 0 0 0 0 0 0 0 0 0 0 0 0 0 0 0 0 0]
[1667475754074384462091573799746231560663227799101328892976725125534573765611623334396111038392768127814681120816059283579505574266820375641210679179577740740624398582220651722678797881447341011691640 0 0 0 0 0 0 0 0 0 0 0 0 0 0 0 0 0 0 1 0 0 0 0 0 0 0 0 0 0 0 0 0 0 0 0 0 0 0 0 0 0 0 0 0 0 0 0 0 0 0 0 0 0 0 0 0 0 0 0 0 0 0 0 0 0]
[2090761646107502132320139942363192503978026388817597065644068393634031923736813531856911227274481741190675329552364041163308861032077503734306402411748222543114971141496358368509142727635791191460590 0 0 0 0 0 0 0 0 0 0 0 0 0 0 0 0 0 0 0 1 0 0 0 0 0 0 0 0 0 0 0 0 0 0 0 0 0 0 0 0 0 0 0 0 0 0 0 0 0 0 0 0 0 0 0 0 0 0 0 0 0 0 0 0 0]
[2065126090981341376221206467163608964452912020395651894785718753802361198717659010662893404279718324504734549135923999840300451998974820839722227079543492523062351154959092738185965038635842451779136 0 0 0 0 0 0 0 0 0 0 0 0 0 0 0 0 0 0 0 0 1 0 0 0 0 0 0 0 0 0 0 0 0 0 0 0 0 0 0 0 0 0 0 0 0 0 0 0 0 0 0 0 0 0 0 0 0 0 0 0 0 0 0 0 0]
[1721465223411887542088601245324520450295189370326470456026899197075326599164431987564045565170364371472681274628475859928745815571703501156764992749042114512060063266223780122093038171724277521858488 0 0 0 0 0 0 0 0 0 0 0 0 0 0 0 0 0 0 0 0 0 1 0 0 0 0 0 0 0 0 0 0 0 0 0 0 0 0 0 0 0 0 0 0 0 0 0 0 0 0 0 0 0 0 0 0 0 0 0 0 0 0 0 0 0]
[116691708099596285416271359359108131722272957084662240287149001421688087415173137436887486508759721968820157964697458359332189888925654824954567409177965405794954412716976696860432918958641558926710 0 0 0 0 0 0 0 0 0 0 0 0 0 0 0 0 0 0 0 0 0 0 1 0 0 0 0 0 0 0 0 0 0 0 0 0 0 0 0 0 0 0 0 0 0 0 0 0 0 0 0 0 0 0 0 0 0 0 0 0 0 0 0 0 0]
[11137768612050191003340116858925822029949148459464753292379280772893116955377862550506765623727192652373028936794489496625886731633668683852599765181081154097942064741533680653963312168898755383842 0 0 0 0 0 0 0 0 0 0 0 0 0 0 0 0 0 0 0 0 0 0 0 1 0 0 0 0 0 0 0 0 0 0 0 0 0 0 0 0 0 0 0 0 0 0 0 0 0 0 0 0 0 0 0 0 0 0 0 0 0 0 0 0 0]
[1660020425414427378643924080638947195115230813927654536646971086919507366436659652531048752499177405211057982309142761281260764177306882466508652799149797750165029517722070041042826975712089510449151 0 0 0 0 0 0 0 0 0 0 0 0 0 0 0 0 0 0 0 0 0 0 0 0 1 0 0 0 0 0 0 0 0 0 0 0 0 0 0 0 0 0 0 0 0 0 0 0 0 0 0 0 0 0 0 0 0 0 0 0 0 0 0 0 0]
[2389484335482995339583118141469999506443854326891587569673252222484882676583195620278750090615322996664448066261265606920328986952926291804592135285936858359622655238746249415734238123720319052739189 0 0 0 0 0 0 0 0 0 0 0 0 0 0 0 0 0 0 0 0 0 0 0 0 0 1 0 0 0 0 0 0 0 0 0 0 0 0 0 0 0 0 0 0 0 0 0 0 0 0 0 0 0 0 0 0 0 0 0 0 0 0 0 0 0]
[176391839322479776629529513516637822149148030569234223213457365203131600647841680491993918147305459599248880957514424916717897057727619913180176073185050834598354322356945244246731723446758635338879 0 0 0 0 0 0 0 0 0 0 0 0 0 0 0 0 0 0 0 0 0 0 0 0 0 0 1 0 0 0 0 0 0 0 0 0 0 0 0 0 0 0 0 0 0 0 0 0 0 0 0 0 0 0 0 0 0 0 0 0 0 0 0 0 0]
[2479620206699348602893269812876253697642493953534479282409468821222343852231724517751583755665320133500082672244840987075905173570689321299530414565216388291618318732642782235757369666678651342509207 0 0 0 0 0 0 0 0 0 0 0 0 0 0 0 0 0 0 0 0 0 0 0 0 0 0 0 1 0 0 0 0 0 0 0 0 0 0 0 0 0 0 0 0 0 0 0 0 0 0 0 0 0 0 0 0 0 0 0 0 0 0 0 0 0]
[115790904671414939446858089905786867784018347042383218295205879761404407215832760519367723979797623408055345351905134345239355081367071597226695769854830003685276546747653526004237337528089910834786 0 0 0 0 0 0 0 0 0 0 0 0 0 0 0 0 0 0 0 0 0 0 0 0 0 0 0 0 1 0 0 0 0 0 0 0 0 0 0 0 0 0 0 0 0 0 0 0 0 0 0 0 0 0 0 0 0 0 0 0 0 0 0 0 0]
[1275720431853652845990477552357470004922693970024771824053535727602553108596320692192837055385385336830894481102021587287458960533920249796949763834309350047456684068644327601109114811599798179442300 0 0 0 0 0 0 0 0 0 0 0 0 0 0 0 0 0 0 0 0 0 0 0 0 0 0 0 0 0 1 0 0 0 0 0 0 0 0 0 0 0 0 0 0 0 0 0 0 0 0 0 0 0 0 0 0 0 0 0 0 0 0 0 0 0]
[1931233472450715988239396756446553633013300594299786004629047042647907784144694473848784030981288269233174335853184438724657011944182384357285682965997522904685767910856318549755953240366952869924996 0 0 0 0 0 0 0 0 0 0 0 0 0 0 0 0 0 0 0 0 0 0 0 0 0 0 0 0 0 0 1 0 0 0 0 0 0 0 0 0 0 0 0 0 0 0 0 0 0 0 0 0 0 0 0 0 0 0 0 0 0 0 0 0 0]
[1267361822186395722963636547484057482677141905276431220042573492823918822390450619157854925370685351949895812053033099940632035730775962921993267597163938453068579177603855089940619777951957881061093 0 0 0 0 0 0 0 0 0 0 0 0 0 0 0 0 0 0 0 0 0 0 0 0 0 0 0 0 0 0 0 1 0 0 0 0 0 0 0 0 0 0 0 0 0 0 0 0 0 0 0 0 0 0 0 0 0 0 0 0 0 0 0 0 0]
[962818329961339317527723295802346830893690920048241372706484733998430346743252701848150463280670427996191204593177487625140336320609476999205219127296159616909451192851540211964513396552666293331730 0 0 0 0 0 0 0 0 0 0 0 0 0 0 0 0 0 0 0 0 0 0 0 0 0 0 0 0 0 0 0 0 1 0 0 0 0 0 0 0 0 0 0 0 0 0 0 0 0 0 0 0 0 0 0 0 0 0 0 0 0 0 0 0 0]
[2164846773283431253709513549237602285669536478187332432372510219928411079535303011267312724332077231307630419197881207533745581842846848049877298538774185255558483683067480918274872054518233724620469 0 0 0 0 0 0 0 0 0 0 0 0 0 0 0 0 0 0 0 0 0 0 0 0 0 0 0 0 0 0 0 0 0 1 0 0 0 0 0 0 0 0 0 0 0 0 0 0 0 0 0 0 0 0 0 0 0 0 0 0 0 0 0 0 0]
[1088133222299417441741625674666290502099914272505175233581066398579778776181850954735212402248395018939055322135925809521653108274244471250676140275928684052447352835013564377721143897426092167362226 0 0 0 0 0 0 0 0 0 0 0 0 0 0 0 0 0 0 0 0 0 0 0 0 0 0 0 0 0 0 0 0 0 0 1 0 0 0 0 0 0 0 0 0 0 0 0 0 0 0 0 0 0 0 0 0 0 0 0 0 0 0 0 0 0]
[354124935839902589090790118411088955845785622685415759250261083903280392478523353637620388552630850563894162520269091039301182546217173435949356988636807753047003049439012531063869555568678699844863 0 0 0 0 0 0 0 0 0 0 0 0 0 0 0 0 0 0 0 0 0 0 0 0 0 0 0 0 0 0 0 0 0 0 0 1 0 0 0 0 0 0 0 0 0 0 0 0 0 0 0 0 0 0 0 0 0 0 0 0 0 0 0 0 0]
[1331742215205930669222222880362038571609601282195611852976335598626335991054253728379119006382228701214995633503069688977492118690583188165852820562591779081791823776260504411849671993502133781097203 0 0 0 0 0 0 0 0 0 0 0 0 0 0 0 0 0 0 0 0 0 0 0 0 0 0 0 0 0 0 0 0 0 0 0 0 1 0 0 0 0 0 0 0 0 0 0 0 0 0 0 0 0 0 0 0 0 0 0 0 0 0 0 0 0]
[2435943522272788833098686098627068133324721823394211252675599765252558362193301470153409110194436194276388075421861527525941951216310068560879377289009107563953134868412824245681531197833002249610601 0 0 0 0 0 0 0 0 0 0 0 0 0 0 0 0 0 0 0 0 0 0 0 0 0 0 0 0 0 0 0 0 0 0 0 0 0 1 0 0 0 0 0 0 0 0 0 0 0 0 0 0 0 0 0 0 0 0 0 0 0 0 0 0 0]
[768492446020978268672902734705232720350756775370666738935994121791960249103275851665588092374328529269450525628914817503912410280098947676319645584399009481884495806871006613186552055015172650162554 0 0 0 0 0 0 0 0 0 0 0 0 0 0 0 0 0 0 0 0 0 0 0 0 0 0 0 0 0 0 0 0 0 0 0 0 0 0 1 0 0 0 0 0 0 0 0 0 0 0 0 0 0 0 0 0 0 0 0 0 0 0 0 0 0]
[1507363963899553127548506587231894881826237923258538681311094127703786975631051057169322128829421428976198984952053484415709808930249728444645356687489188908050089510705227026565473767081860657814747 0 0 0 0 0 0 0 0 0 0 0 0 0 0 0 0 0 0 0 0 0 0 0 0 0 0 0 0 0 0 0 0 0 0 0 0 0 0 0 1 0 0 0 0 0 0 0 0 0 0 0 0 0 0 0 0 0 0 0 0 0 0 0 0 0]
[955775349803261422786474827534213544529803185143244045886161534845543275415626833934456162568978160105219659883860581543629610332555393772903121194045268075906210569670102732555727087727814104676640 0 0 0 0 0 0 0 0 0 0 0 0 0 0 0 0 0 0 0 0 0 0 0 0 0 0 0 0 0 0 0 0 0 0 0 0 0 0 0 0 1 0 0 0 0 0 0 0 0 0 0 0 0 0 0 0 0 0 0 0 0 0 0 0 0]
[1313083902633172619712304602264491671549653225084494160078892809850471261653468745388206737264411469939607895607801887623521359296754392947126315303531556692810630391315824697087122850536289830184398 0 0 0 0 0 0 0 0 0 0 0 0 0 0 0 0 0 0 0 0 0 0 0 0 0 0 0 0 0 0 0 0 0 0 0 0 0 0 0 0 0 1 0 0 0 0 0 0 0 0 0 0 0 0 0 0 0 0 0 0 0 0 0 0 0]
[2120811446755428873805790605353147429740019908141453791337298018845419434972347031925421326511078149974826013336993784633329547259011541400247442069031576595963586786588721041440717087020348443214470 0 0 0 0 0 0 0 0 0 0 0 0 0 0 0 0 0 0 0 0 0 0 0 0 0 0 0 0 0 0 0 0 0 0 0 0 0 0 0 0 0 0 1 0 0 0 0 0 0 0 0 0 0 0 0 0 0 0 0 0 0 0 0 0 0]
[1095459613219344416755446627314650387793226892086226050740907532455604192059283326681819061424836216788861485939220905384885188585017835661436461581582892396331743217015616714471729045348734685656985 0 0 0 0 0 0 0 0 0 0 0 0 0 0 0 0 0 0 0 0 0 0 0 0 0 0 0 0 0 0 0 0 0 0 0 0 0 0 0 0 0 0 0 1 0 0 0 0 0 0 0 0 0 0 0 0 0 0 0 0 0 0 0 0 0]
[1035751964914842172198722636307199785068358907733276515051295555617986969743529790229939626660733261621079983185329411911993882898036588237026215679826031507879733882124575255915837934489371789558377 0 0 0 0 0 0 0 0 0 0 0 0 0 0 0 0 0 0 0 0 0 0 0 0 0 0 0 0 0 0 0 0 0 0 0 0 0 0 0 0 0 0 0 0 1 0 0 0 0 0 0 0 0 0 0 0 0 0 0 0 0 0 0 0 0]
[1600143975286815040013520700944638403564983704547847616885953752513258604822252951283644355800458670248464689951605709297992396134278669401173742769563389482470529094556582704522905683707938918983489 0 0 0 0 0 0 0 0 0 0 0 0 0 0 0 0 0 0 0 0 0 0 0 0 0 0 0 0 0 0 0 0 0 0 0 0 0 0 0 0 0 0 0 0 0 1 0 0 0 0 0 0 0 0 0 0 0 0 0 0 0 0 0 0 0]
[351193362707087893374597650179934637310703379660145212244626036634816391229710852286431700164746965058249529154248657720006464916086283329932293909738918275257884088556569524309288464703766905798870 0 0 0 0 0 0 0 0 0 0 0 0 0 0 0 0 0 0 0 0 0 0 0 0 0 0 0 0 0 0 0 0 0 0 0 0 0 0 0 0 0 0 0 0 0 0 1 0 0 0 0 0 0 0 0 0 0 0 0 0 0 0 0 0 0]
[357348817951652359735125358282948555322418257416814363766833334875719641711187238288512247665321652340533169359187072370530840847876803969574634372314127018838269085398700719437399791256123908368080 0 0 0 0 0 0 0 0 0 0 0 0 0 0 0 0 0 0 0 0 0 0 0 0 0 0 0 0 0 0 0 0 0 0 0 0 0 0 0 0 0 0 0 0 0 0 0 1 0 0 0 0 0 0 0 0 0 0 0 0 0 0 0 0 0]
[178821043518797792281868321463893953087508026866891215995045479289736517069358303908060790558641507418403042253234655736412483932899628660953442637757989612031197570817856899650606558454934001001935 0 0 0 0 0 0 0 0 0 0 0 0 0 0 0 0 0 0 0 0 0 0 0 0 0 0 0 0 0 0 0 0 0 0 0 0 0 0 0 0 0 0 0 0 0 0 0 0 1 0 0 0 0 0 0 0 0 0 0 0 0 0 0 0 0]
[1223441784966618355726925586939956063307727926251307392072644360958953047943292406932820476341103607512492620554792690578495800140717813396581286921945311569231046453884360456607283129864770441568286 0 0 0 0 0 0 0 0 0 0 0 0 0 0 0 0 0 0 0 0 0 0 0 0 0 0 0 0 0 0 0 0 0 0 0 0 0 0 0 0 0 0 0 0 0 0 0 0 0 1 0 0 0 0 0 0 0 0 0 0 0 0 0 0 0]
[2379674685613380733866303000740358082182102265205329367255486025593161045788808158472047474913739971634467418918729556602442909316458564592247262294294037488832597783671157873731366379249772951736285 0 0 0 0 0 0 0 0 0 0 0 0 0 0 0 0 0 0 0 0 0 0 0 0 0 0 0 0 0 0 0 0 0 0 0 0 0 0 0 0 0 0 0 0 0 0 0 0 0 0 1 0 0 0 0 0 0 0 0 0 0 0 0 0 0]
[1648171994695683671449331046476456895956150719980415091176439555899513844230223249391359618218757973285817851541674489033180084836163318448780138406250411243458595682548244645752012465089456024072663 0 0 0 0 0 0 0 0 0 0 0 0 0 0 0 0 0 0 0 0 0 0 0 0 0 0 0 0 0 0 0 0 0 0 0 0 0 0 0 0 0 0 0 0 0 0 0 0 0 0 0 1 0 0 0 0 0 0 0 0 0 0 0 0 0]
[1453829703962332515425405061866611908473188587882196673935967846493926540421865459487610340193712192490559194958553141704311380422730926097584906089137151056019340236874213331942061243934442742227718 0 0 0 0 0 0 0 0 0 0 0 0 0 0 0 0 0 0 0 0 0 0 0 0 0 0 0 0 0 0 0 0 0 0 0 0 0 0 0 0 0 0 0 0 0 0 0 0 0 0 0 0 1 0 0 0 0 0 0 0 0 0 0 0 0]
[385600790216479808007406688559402784790905017722622263074221181764504819284007190018167408238730956960039422139077611561984885887110517029810960653746235814901599120079949902030045378981663615593877 0 0 0 0 0 0 0 0 0 0 0 0 0 0 0 0 0 0 0 0 0 0 0 0 0 0 0 0 0 0 0 0 0 0 0 0 0 0 0 0 0 0 0 0 0 0 0 0 0 0 0 0 0 1 0 0 0 0 0 0 0 0 0 0 0]
[1008872969333365105041223902881785517490688899348879757146605939029800255147203099362765584334460509756590332909513896071535110538096742918216113115978812858946544912722313731135709859416218377588015 0 0 0 0 0 0 0 0 0 0 0 0 0 0 0 0 0 0 0 0 0 0 0 0 0 0 0 0 0 0 0 0 0 0 0 0 0 0 0 0 0 0 0 0 0 0 0 0 0 0 0 0 0 0 1 0 0 0 0 0 0 0 0 0 0]
[961894347558127031404362702708381947226097994645043381040202659690071570678319088476687387086827091392441284668308256722369773936379899179199385446434154154429493813865068723805207873676550479554648 0 0 0 0 0 0 0 0 0 0 0 0 0 0 0 0 0 0 0 0 0 0 0 0 0 0 0 0 0 0 0 0 0 0 0 0 0 0 0 0 0 0 0 0 0 0 0 0 0 0 0 0 0 0 0 1 0 0 0 0 0 0 0 0 0]
[375000018134011211851529899638421228639526811332760690904603240773411366226968193666453561774051125879801689574206567874386974955467646167952769148838004586564501583658402665013012413675140403479815 0 0 0 0 0 0 0 0 0 0 0 0 0 0 0 0 0 0 0 0 0 0 0 0 0 0 0 0 0 0 0 0 0 0 0 0 0 0 0 0 0 0 0 0 0 0 0 0 0 0 0 0 0 0 0 0 1 0 0 0 0 0 0 0 0]
[1356843648154213926434570287278727435052751849170490944801782438763590202339391350363743484030549428653643690378806154458040308790723009970784932992891173832590087299965173560645405879948046093385635 0 0 0 0 0 0 0 0 0 0 0 0 0 0 0 0 0 0 0 0 0 0 0 0 0 0 0 0 0 0 0 0 0 0 0 0 0 0 0 0 0 0 0 0 0 0 0 0 0 0 0 0 0 0 0 0 0 1 0 0 0 0 0 0 0]
[859389343064075021568409652903780737182089450250336655314818431651057056148922373929833224455336780735773298125026315541088515785030916928654181570944715371529927029169943467644284994154335230288281 0 0 0 0 0 0 0 0 0 0 0 0 0 0 0 0 0 0 0 0 0 0 0 0 0 0 0 0 0 0 0 0 0 0 0 0 0 0 0 0 0 0 0 0 0 0 0 0 0 0 0 0 0 0 0 0 0 0 1 0 0 0 0 0 0]
[1768008289496818862260632215358976804657432744640146121564563446802217997170677959648670218572278576870495255713464285401189024216855983822083870777466129021018249271877270419562050385252153212591195 0 0 0 0 0 0 0 0 0 0 0 0 0 0 0 0 0 0 0 0 0 0 0 0 0 0 0 0 0 0 0 0 0 0 0 0 0 0 0 0 0 0 0 0 0 0 0 0 0 0 0 0 0 0 0 0 0 0 0 1 0 0 0 0 0]
[2377729773550321690022460123548709105559804104299389637264305781089036697873766212326018126168106786086460721932796422185601525725141581269066690516624649470646927809864469631285865016435965510604082 0 0 0 0 0 0 0 0 0 0 0 0 0 0 0 0 0 0 0 0 0 0 0 0 0 0 0 0 0 0 0 0 0 0 0 0 0 0 0 0 0 0 0 0 0 0 0 0 0 0 0 0 0 0 0 0 0 0 0 0 1 0 0 0 0]
[1854767294512940960007449767160209819660614547880176526090787830436536047987107355268574880893926368928037165489375447337579685307984825900529562242939982448204611592632743796218800151096794228397416 0 0 0 0 0 0 0 0 0 0 0 0 0 0 0 0 0 0 0 0 0 0 0 0 0 0 0 0 0 0 0 0 0 0 0 0 0 0 0 0 0 0 0 0 0 0 0 0 0 0 0 0 0 0 0 0 0 0 0 0 0 1 0 0 0]
[897395658397080555934378356036493309312877509747845206328303290876812377522057691815158602858391778874222816300838566386405706074390508928700633077388142195887917730083634112071078023568083399578951 0 0 0 0 0 0 0 0 0 0 0 0 0 0 0 0 0 0 0 0 0 0 0 0 0 0 0 0 0 0 0 0 0 0 0 0 0 0 0 0 0 0 0 0 0 0 0 0 0 0 0 0 0 0 0 0 0 0 0 0 0 0 1 0 0]
[504575283011276917854004180836234979701057550384749427546808466225443027820297543550693387014534646550942470657338908185119276377332782565231764022537197164134280790076802856563480767006044696535630 0 0 0 0 0 0 0 0 0 0 0 0 0 0 0 0 0 0 0 0 0 0 0 0 0 0 0 0 0 0 0 0 0 0 0 0 0 0 0 0 0 0 0 0 0 0 0 0 0 0 0 0 0 0 0 0 0 0 0 0 0 0 0 1 0]
[2328134823812833098463292222118181105044188840910061495924735745185812733685212797043258930411614188073672794421321320168955480988138973760779065097132499659952345138534623525495087634061519063241052 0 0 0 0 0 0 0 0 0 0 0 0 0 0 0 0 0 0 0 0 0 0 0 0 0 0 0 0 0 0 0 0 0 0 0 0 0 0 0 0 0 0 0 0 0 0 0 0 0 0 0 0 0 0 0 0 0 0 0 0 0 0 0 0 1]
]
66 67 1
[1 1 1 1 1 1 1 1 1 1 1 1 1 1 1 1 1 1 1 1 1 1 1 1 1 1 1 1 1 1 1 1 1 1 1 1 1 1 1 1 1 1 1 1 1 1 1 1 1 1 1 1 1 1 1 1 1 1 1 1 1 1 1 1 1 1 1]
