[[3238321989283354041438366341939468144191816274904721333364464083190121943669745860774856465833485215041790606433705088256158715799735002410778992051540295054779927114964481008413574750329246504913901 0 0 0 0 0 0 0 0 0 0 0 0 0 0 0 0 0 0 0 0 0 0 0 0 0 0 0 0 0 0 0 0 0 0 0 0 0 0 0 0 0 0 0 0 0 0 0 0 0 0 0 0 0 0 0 0 0 0 0 0 0 0 0 0 0]
[3211134945050406563260744511694411102807022380570923379118385568375674647613007764254972320685661753874722877619657165783632376744183809723662047802705301237332067548962851297277161525930665436014221 1 0 0 0 0 0 0 0 0 0 0 0 0 0 0 0 0 0 0 0 0 0 0 0 0 0 0 0 0 0 0 0 0 0 0 0 0 0 0 0 0 0 0 0 0 0 0 0 0 0 0 0 0 0 0 0 0 0 0 0 0 0 0 0 0]
[598744135237147839331173493012130022423532371365672798428602699204863408607843639992361908962240713845718108362962467829604802580238815441642976818587984562641905535282581644896159271626188207366265 0 1 0 0 0 0 0 0 0 0 0 0 0 0 0 0 0 0 0 0 0 0 0 0 0 0 0 0 0 0 0 0 0 0 0 0 0 0 0 0 0 0 0 0 0 0 0 0 0 0 0 0 0 0 0 0 0 0 0 0 0 0 0 0 0]
[1224698487177208649083316362281387788029213085276220821439667842914702012385461445311244723733742609447616139567227187737870095170188091520162469144755821756866093657589753365815303068320634109691021 0 0 1 0 0 0 0 0 0 0 0 0 0 0 0 0 0 0 0 0 0 0 0 0 0 0 0 0 0 0 0 0 0 0 0 0 0 0 0 0 0 0 0 0 0 0 0 0 0 0 0 0 0 0 0 0 0 0 0 0 0 0 0 0 0]
[566444207890878648230972889672882230333689067738377883483954151773158407127082051818052340572188069405880223451620417051071384350335604839889807885861117373202478003319916163834636828243767352619896 0 0 0 1 0 0 0 0 0 0 0 0 0 0 0 0 0 0 0 0 0 0 0 0 0 0 0 0 0 0 0 0 0 0 0 0 0 0 0 0 0 0 0 0 0 0 0 0 0 0 0 0 0 0 0 0 0 0 0 0 0 0 0 0 0]
[370616428512358433660701430854526467427899209923827210027370688637961212890256803228254154779420769856930997300019784676974525568529896082252140125331022587665997073601959201916758905420739564815419 0 0 0 0 1 0 0 0 0 0 0 0 0 0 0 0 0 0 0 0 0 0 0 0 0 0 0 0 0 0 0 0 0 0 0 0 0 0 0 0 0 0 0 0 0 0 0 0 0 0 0 0 0 0 0 0 0 0 0 0 0 0 0 0 0]
[1857886914441907625876413041911002232179778633076025285403372945989731107231636878896011594091290287321584873694358703978913821543874987422403897306164165098698076097765023626536061104900141485482084 0 0 0 0 0 1 0 0 0 0 0 0 0 0 0 0 0 0 0 0 0 0 0 0 0 0 0 0 0 0 0 0 0 0 0 0 0 0 0 0 0 0 0 0 0 0 0 0 0 0 0 0 0 0 0 0 0 0 0 0 0 0 0 0 0]
[854922518705435161311667983664919033394637425609889999735058458278851314979008262707801887042395225663275796139208118017748071755416688756298830515788805500777929365557672786238019390207567515055514 0 0 0 0 0 0 1 0 0 0 0 0 0 0 0 0 0 0 0 0 0 0 0 0 0 0 0 0 0 0 0 0 0 0 0 0 0 0 0 0 0 0 0 0 0 0 0 0 0 0 0 0 0 0 0 0 0 0 0 0 0 0 0 0 0]
[776488815742463254267054974251807830846140521871637873019203823522885390480348462441086336834302001015282590515083177873094723018937330122280714215747215171220419104886587810660203123601831661285912 0 0 0 0 0 0 0 1 0 0 0 0 0 0 0 0 0 0 0 0 0 0 0 0 0 0 0 0 0 0 0 0 0 0 0 0 0 0 0 0 0 0 0 0 0 0 0 0 0 0 0 0 0 0 0 0 0 0 0 0 0 0 0 0 0]
[137752631115872543187964677877402559364707940487719322073330017660408023728340835609398377778122018560745810404981650631503813388989068394377501192199750747744182495570024486689235789254604529678971 0 0 0 0 0 0 0 0 1 0 0 0 0 0 0 0 0 0 0 0 0 0 0 0 0 0 0 0 0 0 0 0 0 0 0 0 0 0 0 0 0 0 0 0 0 0 0 0 0 0 0 0 0 0 0 0 0 0 0 0 0 0 0 0 0]
[2774610581622243413756105220063000506958922194438059051939324231445700418324849205178683422783974701021139182295314273291583814830048848879019451959550028887339781164057464977223691073988444333003274 0 0 0 0 0 0 0 0 0 1 0 0 0 0 0 0 0 0 0 0 0 0 0 0 0 0 0 0 0 0 0 0 0 0 0 0 0 0 0 0 0 0 0 0 0 0 0 0 0 0 0 0 0 0 0 0 0 0 0 0 0 0 0 0 0]
[922072848345136129652832267791919230991422032072600945133366214470622198449843653161039472163227492512709129535519675155749231768785725368428143137871254933468478882663166873184779166076479473465906 0 0 0 0 0 0 0 0 0 0 1 0 0 0 0 0 0 0 0 0 0 0 0 0 0 0 0 0 0 0 0 0 0 0 0 0 0 0 0 0 0 0 0 0 0 0 0 0 0 0 0 0 0 0 0 0 0 0 0 0 0 0 0 0 0]
[327610267662952121935245287622301632904836216104431825092271719639369796224241534551442612997851831865262599994360147835036276532325449314972943241020588774111295577448101308840309151105978722386197 0 0 0 0 0 0 0 0 0 0 0 1 0 0 0 0 0 0 0 0 0 0 0 0 0 0 0 0 0 0 0 0 0 0 0 0 0 0 0 0 0 0 0 0 0 0 0 0 0 0 0 0 0 0 0 0 0 0 0 0 0 0 0 0 0]
[1007294813762965119166417346775983905254249747903960075341192738228199141985227894730761961764868228324937202691837203458936400449260666621738908337506608953021375490657795157010269819436272421957040 0 0 0 0 0 0 0 0 0 0 0 0 1 0 0 0 0 0 0 0 0 0 0 0 0 0 0 0 0 0 0 0 0 0 0 0 0 0 0 0 0 0 0 0 0 0 0 0 0 0 0 0 0 0 0 0 0 0 0 0 0 0 0 0 0]
[1232368659938944867582636607841213960511017540765390078983719635995012260116847524868892209790846546009778753930310647401095830779139828126130676396590759287493404902633412649446133507741537641250797 0 0 0 0 0 0 0 0 0 0 0 0 0 1 0 0 0 0 0 0 0 0 0 0 0 0 0 0 0 0 0 0 0 0 0 0 0 0 0 0 0 0 0 0 0 0 0 0 0 0 0 0 0 0 0 0 0 0 0 0 0 0 0 0 0]
[1196581700695869613653829029746554957409794189987661937085155353917754545715066697006441228651390003773550768436277548203811312032482319904347879896885434938670228514998411829212734545868003142805294 0 0 0 0 0 0 0 0 0 0 0 0 0 0 1 0 0 0 0 0 0 0 0 0 0 0 0 0 0 0 0 0 0 0 0 0 0 0 0 0 0 0 0 0 0 0 0 0 0 0 0 0 0 0 0 0 0 0 0 0 0 0 0 0 0]
[1334558493705363231457762341914383760085156304659908587223863495343562200153528732967442804381138706620970128544092909520814374745202435666928535040500464083738414241770045834147905699785545302595649 0 0 0 0 0 0 0 0 0 0 0 0 0 0 0 1 0 0 0 0 0 0 0 0 0 0 0 0 0 0 0 0 0 0 0 0 0 0 0 0 0 0 0 0 0 0 0 0 0 0 0 0 0 0 0 0 0 0 0 0 0 0 0 0 0]
[2706796522103436516549564538654483868686048168558604119470786788098940488238277769374586695728932223528246590391340379236902139549057021774635697439510751646791759009041163958696735394117758553261102 0 0 0 0 0 0 0 0 0 0 0 0 0 0 0 0 1 0 0 0 0 0 0 0 0 0 0 0 0 0 0 0 0 0 0 0 0 0 0 0 0 0 0 0 0 0 0 0 0 0 0 0 0 0 0 0 0 0 0 0 0 0 0 0 0]
[2674441604501007770337038558091795806308251888385815171013707702464162424167883112350661607360690783061272148192894272740635071041139469941343606122509280068724928894173665409819848934605463995838549 0 0 0 0 0 0 0 0 0 0 0 0 0 0 0 0 0 1 0 0 0 0 0 0 0 0 0 0 0 0 0 0 0 0 0 0 0 0 0 0 0 0 0 0 0 0 0 0 0 0 0 0 0 0 0 0 0 0 0 0 0 0 0 0 0]
[2411272716973257864169144601038025367562378028057172306973286284329980654080076350363326212858094075579590963461581442018744312934889121183402318079457697776478598423835996601657058810541615336619634 0 0 0 0 0 0 0 0 0 0 0 0 0 0 0 0 0 0 1 0 0 0 0 0 0 0 0 0 0 0 0 0 0 0 0 0 0 0 0 0 0 0 0 0 0 0 0 0 0 0 0 0 0 0 0 0 0 0 0 0 0 0 0 0 0]
[709057637846972023026508237795980210399494157304194444042320630130853563338120679428851604468940199561053399551314070821312919275372588142683767824054126856342385624435082367184487340406175076683276 0 0 0 0 0 0 0 0 0 0 0 0 0 0 0 0 0 0 0 1 0 0 0 0 0 0 0 0 0 0 0 0 0 0 0 0 0 0 0 0 0 0 0 0 0 0 0 0 0 0 0 0 0 0 0 0 0 0 0 0 0 0 0 0 0]
[2565189154800995431179444152818114719689686775679769196199604972895683413449253792794523875687907916517001143936452596600066720825406182129040321586066701781239786507875898125819541599023101695079159 0 0 0 0 0 0 0 0 0 0 0 0 0 0 0 0 0 0 0 0 1 0 0 0 0 0 0 0 0 0 0 0 0 0 0 0 0 0 0 0 0 0 0 0 0 0 0 0 0 0 0 0 0 0 0 0 0 0 0 0 0 0 0 0 0]
[2840462488824667116574898649772164209081770670498273707771284379354142754806850061372168237120399698055135677509130781108693772486023494224096722843808668006073325935536123191040297188224404203367325 0 0 0 0 0 0 0 0 0 0 0 0 0 0 0 0 0 0 0 0 0 1 0 0 0 0 0 0 0 0 0 0 0 0 0 0 0 0 0 0 0 0 0 0 0 0 0 0 0 0 0 0 0 0 0 0 0 0 0 0 0 0 0 0 0]
[1169016593280809245368095262518086322552632811105501933297519565863825932105964620220087368753422954376136800493514993021078151525297257844558555244290452949464296227179288147331968044261385166348684 0 0 0 0 0 0 0 0 0 0 0 0 0 0 0 0 0 0 0 0 0 0 1 0 0 0 0 0 0 0 0 0 0 0 0 0 0 0 0 0 0 0 0 0 0 0 0 0 0 0 0 0 0 0 0 0 0 0 0 0 0 0 0 0 0]
[1103764830605578170897963070538786280447671535230950667456559777523628843551193033798378874825317324188487088530262752979893106119644869687035121157958121526636518478871070059379515434048994033593231 0 0 0 0 0 0 0 0 0 0 0 0 0 0 0 0 0 0 0 0 0 0 0 1 0 0 0 0 0 0 0 0 0 0 0 0 0 0 0 0 0 0 0 0 0 0 0 0 0 0 0 0 0 0 0 0 0 0 0 0 0 0 0 0 0]
[2736902558050287757637453559198533162150686938704985233135566924431780164123276510140631208048017206615946149203426958381194682679577837203882551799243577552950617065703508859558668006947225437941267 0 0 0 0 0 0 0 0 0 0 0 0 0 0 0 0 0 0 0 0 0 0 0 0 1 0 0 0 0 0 0 0 0 0 0 0 0 0 0 0 0 0 0 0 0 0 0 0 0 0 0 0 0 0 0 0 0 0 0 0 0 0 0 0 0]
[2594637606316806716385438075583065132287701511401820973393519089618520295876031061071411551060245183002549832155417407137823184090351327339496600470304727570267985221447269887042781792626504153711666 0 0 0 0 0 0 0 0 0 0 0 0 0 0 0 0 0 0 0 0 0 0 0 0 0 1 0 0 0 0 0 0 0 0 0 0 0 0 0 0 0 0 0 0 0 0 0 0 0 0 0 0 0 0 0 0 0 0 0 0 0 0 0 0 0]
[1000881124873938437289070362234829516457013202387122278708085804122761520227584019108980972755468326964602879310100212060713902526760622429090874524591813256725221997627454009108370325203783224004117 0 0 0 0 0 0 0 0 0 0 0 0 0 0 0 0 0 0 0 0 0 0 0 0 0 0 1 0 0 0 0 0 0 0 0 0 0 0 0 0 0 0 0 0 0 0 0 0 0 0 0 0 0 0 0 0 0 0 0 0 0 0 0 0 0]
[1015623013251376828645601453006043056925047665507032847184207767715693582998178262033158571726196020447305448307962740865366841467342071872660529909685174125302585158380368160672218024013269454853365 0 0 0 0 0 0 0 0 0 0 0 0 0 0 0 0 0 0 0 0 0 0 0 0 0 0 0 1 0 0 0 0 0 0 0 0 0 0 0 0 0 0 0 0 0 0 0 0 0 0 0 0 0 0 0 0 0 0 0 0 0 0 0 0 0]
[1490299083576511110299490552551270298965347264681884988893067900148499644109670258435994842844119359145658889457091241252309883638601550209670882893518420970672604850207234783017522047083351590012469 0 0 0 0 0 0 0 0 0 0 0 0 0 0 0 0 0 0 0 0 0 0 0 0 0 0 0 0 1 0 0 0 0 0 0 0 0 0 0 0 0 0 0 0 0 0 0 0 0 0 0 0 0 0 0 0 0 0 0 0 0 0 0 0 0]
[1921549138493126263412186141636824696468443724909685545271568001760602289717579277247180480442808201874870094577926879691017447005509729380899926459089579609897509691977436711231545218685100214420009 0 0 0 0 0 0 0 0 0 0 0 0 0 0 0 0 0 0 0 0 0 0 0 0 0 0 0 0 0 1 0 0 0 0 0 0 0 0 0 0 0 0 0 0 0 0 0 0 0 0 0 0 0 0 0 0 0 0 0 0 0 0 0 0 0]
[1244627374358664014762108048952768964414347064928158552239423064990463153360999432826683678177480145998933176704246730990435461622105926537532833555523752355971725551829579041989190929723025645204601 0 0 0 0 0 0 0 0 0 0 0 0 0 0 0 0 0 0 0 0 0 0 0 0 0 0 0 0 0 0 1 0 0 0 0 0 0 0 0 0 0 0 0 0 0 0 0 0 0 0 0 0 0 0 0 0 0 0 0 0 0 0 0 0 0]
[2591340389138004308297669781550764852749033603582358146625192078145832883973557677405845099701249816462193006643538435380713856363589013859734172941833646437878780263110617282358405854715354081356171 0 0 0 0 0 0 0 0 0 0 0 0 0 0 0 0 0 0 0 0 0 0 0 0 0 0 0 0 0 0 0 1 0 0 0 0 0 0 0 0 0 0 0 0 0 0 0 0 0 0 0 0 0 0 0 0 0 0 0 0 0 0 0 0 0]
[2930374590092523763072624889018411753281009944800109412522155509834870991516510485954580165311302720103707978771016115439136694846034219159016593259086011149596393824848787035815133917677678843635998 0 0 0 0 0 0 0 0 0 0 0 0 0 0 0 0 0 0 0 0 0 0 0 0 0 0 0 0 0 0 0 0 1 0 0 0 0 0 0 0 0 0 0 0 0 0 0 0 0 0 0 0 0 0 0 0 0 0 0 0 0 0 0 0 0]
[147181730153914976577857939214535032157939582490938280993679510617135158113924789733941215953337705109049593230871164311490991959701807816840027230421168451397478824087009905996978277080610144460017 0 0 0 0 0 0 0 0 0 0 0 0 0 0 0 0 0 0 0 0 0 0 0 0 0 0 0 0 0 0 0 0 0 1 0 0 0 0 0 0 0 0 0 0 0 0 0 0 0 0 0 0 0 0 0 0 0 0 0 0 0 0 0 0 0]
[521235417732215455762621001542059988034828418792999696091543180766584783475607374242703705617302033135860986974219921453368531785943568749979736353010066635023865256253884241323489441758896968898768 0 0 0 0 0 0 0 0 0 0 0 0 0 0 0 0 0 0 0 0 0 0 0 0 0 0 0 0 0 0 0 0 0 0 1 0 0 0 0 0 0 0 0 0 0 0 0 0 0 0 0 0 0 0 0 0 0 0 0 0 0 0 0 0 0]
[617759240239816938323983161023604536906127298990691748246755461127108239756660198786261540644581094304154494026559790492916858195846321396169028863935584947513669095557583155890453656398515134671681 0 0 0 0 0 0 0 0 0 0 0 0 0 0 0 0 0 0 0 0 0 0 0 0 0 0 0 0 0 0 0 0 0 0 0 1 0 0 0 0 0 0 0 0 0 0 0 0 0 0 0 0 0 0 0 0 0 0 0 0 0 0 0 0 0]
[1378355139259853724363206076709970868302031116811151122908703746554262420089326756443176616909618004444299724420537627210966118333359166299892533880595534049039391989212439728394204625758709273574551 0 0 0 0 0 0 0 0 0 0 0 0 0 0 0 0 0 0 0 0 0 0 0 0 0 0 0 0 0 0 0 0 0 0 0 0 1 0 0 0 0 0 0 0 0 0 0 0 0 0 0 0 0 0 0 0 0 0 0 0 0 0 0 0 0]
[1817521570655429457837349925577857042040317510554946633275630940049366669536386864362930373157580432684990680101744111784105633981295142590764869962535303619857093184388378962329114382277211382821586 0 0 0 0 0 0 0 0 0 0 0 0 0 0 0 0 0 0 0 0 0 0 0 0 0 0 0 0 0 0 0 0 0 0 0 0 0 1 0 0 0 0 0 0 0 0 0 0 0 0 0 0 0 0 0 0 0 0 0 0 0 0 0 0 0]
[1573509569097733168660751925371703832303360744223432773003856154740003670417632761987346913619460442173071587995765901965658985757336025454348050780399166361910830178482949922294716530302367194435392 0 0 0 0 0 0 0 0 0 0 0 0 0 0 0 0 0 0 0 0 0 0 0 0 0 0 0 0 0 0 0 0 0 0 0 0 0 0 1 0 0 0 0 0 0 0 0 0 0 0 0 0 0 0 0 0 0 0 0 0 0 0 0 0 0]
[146537900390101783329849612227930824970155088248276543092369723779725683623077239680028516334769160932162837178156623092878109566188129862395018167879233029018975169131263488620295060396976594273702 0 0 0 0 0 0 0 0 0 0 0 0 0 0 0 0 0 0 0 0 0 0 0 0 0 0 0 0 0 0 0 0 0 0 0 0 0 0 0 1 0 0 0 0 0 0 0 0 0 0 0 0 0 0 0 0 0 0 0 0 0 0 0 0 0]
[810972364590621810299561420064410879051859536180059089410463450007858580271540407630337007398279480165148989203029063443640851313719382501854564483495295611658304087798323364627670513254322390218846 0 0 0 0 0 0 0 0 0 0 0 0 0 0 0 0 0 0 0 0 0 0 0 0 0 0 0 0 0 0 0 0 0 0 0 0 0 0 0 0 1 0 0 0 0 0 0 0 0 0 0 0 0 0 0 0 0 0 0 0 0 0 0 0 0]
[1722622461851889338041024058245479407087400908000425528352693096189021282126415404548200619009711089332460345200915302852941087397272409936842313046234056929234728611389171482857375084037023007214628 0 0 0 0 0 0 0 0 0 0 0 0 0 0 0 0 0 0 0 0 0 0 0 0 0 0 0 0 0 0 0 0 0 0 0 0 0 0 0 0 0 1 0 0 0 0 0 0 0 0 0 0 0 0 0 0 0 0 0 0 0 0 0 0 0]
[961879258998074156127443834171581861936711571644256689711825342027807517092896702104456833040150540296988862912819887572863124692916597363395752841911372274936819047070488168748630966963006684522278 0 0 0 0 0 0 0 0 0 0 0 0 0 0 0 0 0 0 0 0 0 0 0 0 0 0 0 0 0 0 0 0 0 0 0 0 0 0 0 0 0 0 1 0 0 0 0 0 0 0 0 0 0 0 0 0 0 0 0 0 0 0 0 0 0]
[842275515458817717113009685705877730123904137493333120935392766935456559881705569968028213116384341034849374797782225565686286529401651633814834359541754325924848523858159678698299362133014614351849 0 0 0 0 0 0 0 0 0 0 0 0 0 0 0 0 0 0 0 0 0 0 0 0 0 0 0 0 0 0 0 0 0 0 0 0 0 0 0 0 0 0 0 1 0 0 0 0 0 0 0 0 0 0 0 0 0 0 0 0 0 0 0 0 0]
[786890580015943458833207179773904890411485996026700267995050790607625297830508035589005082868522578324787361564930551367525604473637620129516586798098309871788288791834606840727584247703992205629714 0 0 0 0 0 0 0 0 0 0 0 0 0 0 0 0 0 0 0 0 0 0 0 0 0 0 0 0 0 0 0 0 0 0 0 0 0 0 0 0 0 0 0 0 1 0 0 0 0 0 0 0 0 0 0 0 0 0 0 0 0 0 0 0 0]
[515811033426650936807355241500127126802544563246540101296785229035931083545096864159243481450064638217964870480444515131226469223024394868448891449543282458260599764624610495440468879799505750201311 0 0 0 0 0 0 0 0 0 0 0 0 0 0 0 0 0 0 0 0 0 0 0 0 0 0 0 0 0 0 0 0 0 0 0 0 0 0 0 0 0 0 0 0 0 1 0 0 0 0 0 0 0 0 0 0 0 0 0 0 0 0 0 0 0]
[1034309196995031007713405904524467990566698207049120917479945384648372082306737048023419454354392506860903100303707438449085460733138699731773831471121428711045951594010562867517828203033870038025886 0 0 0 0 0 0 0 0 0 0 0 0 0 0 0 0 0 0 0 0 0 0 0 0 0 0 0 0 0 0 0 0 0 0 0 0 0 0 0 0 0 0 0 0 0 0 1 0 0 0 0 0 0 0 0 0 0 0 0 0 0 0 0 0 0]
[343774628083067620543241388523369214835770378642997181149164639199470417059997352882741524675238396678317209533605434175012341977826682412075258366309364879141698335329749164309155970336309572808131 0 0 0 0 0 0 0 0 0 0 0 0 0 0 0 0 0 0 0 0 0 0 0 0 0 0 0 0 0 0 0 0 0 0 0 0 0 0 0 0 0 0 0 0 0 0 0 1 0 0 0 0 0 0 0 0 0 0 0 0 0 0 0 0 0]
[1048487552779870361079122062585338552115835522093440681504576530660119541518134079326964120614580223923439577812760362537333967802490249813392844430216576228388408501694463710647126449712255750167769 0 0 0 0 0 0 0 0 0 0 0 0 0 0 0 0 0 0 0 0 0 0 0 0 0 0 0 0 0 0 0 0 0 0 0 0 0 0 0 0 0 0 0 0 0 0 0 0 1 0 0 0 0 0 0 0 0 0 0 0 0 0 0 0 0]
[52597665673261185571433163713105423984583086232855397094302248069232944489417375646563414301738441741498442309124339290118934130429332800865749162614844605751540389987755670505649131524665046301894 0 0 0 0 0 0 0 0 0 0 0 0 0 0 0 0 0 0 0 0 0 0 0 0 0 0 0 0 0 0 0 0 0 0 0 0 0 0 0 0 0 0 0 0 0 0 0 0 0 1 0 0 0 0 0 0 0 0 0 0 0 0 0 0 0]
[2523195373658496513320157229670275021523130731083119722629458924283133203868570910658243833964068757218069529543347452118051032998953415527258988125033945189364531920511199999555127314070372922819100 0 0 0 0 0 0 0 0 0 0 0 0 0 0 0 0 0 0 0 0 0 0 0 0 0 0 0 0 0 0 0 0 0 0 0 0 0 0 0 0 0 0 0 0 0 0 0 0 0 0 1 0 0 0 0 0 0 0 0 0 0 0 0 0 0]
[770200087541138271655969988567918343093301511572802784258713263705594651763184625211210108783584058969601401013479140010307981949243656809957826974062591936562573341831783722347876162731135127269699 0 0 0 0 0 0 0 0 0 0 0 0 0 0 0 0 0 0 0 0 0 0 0 0 0 0 0 0 0 0 0 0 0 0 0 0 0 0 0 0 0 0 0 0 0 0 0 0 0 0 0 1 0 0 0 0 0 0 0 0 0 0 0 0 0]
[1212347658240852125854390693862273540198223451370888114641779803778093076527946855616846927516673957237164135760452098875018086327270569067094746732568309882120795309104730086643003702146273915648498 0 0 0 0 0 0 0 0 0 0 0 0 0 0 0 0 0 0 0 0 0 0 0 0 0 0 0 0 0 0 0 0 0 0 0 0 0 0 0 0 0 0 0 0 0 0 0 0 0 0 0 0 1 0 0 0 0 0 0 0 0 0 0 0 0]
[1667569584951912607014568084184628722237113898075385900196322070789767519205664043239206973898246205069090479588907375127397190280235030842633204187786125279111153025660754074408141817958931656332449 0 0 0 0 0 0 0 0 0 0 0 0 0 0 0 0 0 0 0 0 0 0 0 0 0 0 0 0 0 0 0 0 0 0 0 0 0 0 0 0 0 0 0 0 0 0 0 0 0 0 0 0 0 1 0 0 0 0 0 0 0 0 0 0 0]
[2954278735453306605185513326534265292144149973924050542314087997749946710325508083095207261679833251958563500575268531636843483021722926390214672336218746868882882171277973794831910752855468174554798 0 0 0 0 0 0 0 0 0 0 0 0 0 0 0 0 0 0 0 0 0 0 0 0 0 0 0 0 0 0 0 0 0 0 0 0 0 0 0 0 0 0 0 0 0 0 0 0 0 0 0 0 0 0 1 0 0 0 0 0 0 0 0 0 0]
[1941936699524859559984434488599968096065687866534837644974949202906421028624183995764034032204513746392436838728721488565593509937682427539379913384930641284741913115335469540957520108292327418195922 0 0 0 0 0 0 0 0 0 0 0 0 0 0 0 0 0 0 0 0 0 0 0 0 0 0 0 0 0 0 0 0 0 0 0 0 0 0 0 0 0 0 0 0 0 0 0 0 0 0 0 0 0 0 0 1 0 0 0 0 0 0 0 0 0]
[2422698691100051258135799575361611481534726190593069811866200024363824436029160868341832787527342159738707743331556100213684612433752063693420488588798465748748263577520698078710027346719155351116118 0 0 0 0 0 0 0 0 0 0 0 0 0 0 0 0 0 0 0 0 0 0 0 0 0 0 0 0 0 0 0 0 0 0 0 0 0 0 0 0 0 0 0 0 0 0 0 0 0 0 0 0 0 0 0 0 1 0 0 0 0 0 0 0 0]
[3039107563863000408984002694575591051048061278803152869899347869027556812316717073854009824015736679358622115480203907601146488378829632770190327474591203084036524666536477596350553287356652058277889 0 0 0 0 0 0 0 0 0 0 0 0 0 0 0 0 0 0 0 0 0 0 0 0 0 0 0 0 0 0 0 0 0 0 0 0 0 0 0 0 0 0 0 0 0 0 0 0 0 0 0 0 0 0 0 0 0 1 0 0 0 0 0 0 0]
[1423353121292075850378102595436993227388085007999634071227351125443907317699678608374348634445845020942744323096298899184515288503129301147210401739876301307131406179604542662296374752170388579877765 0 0 0 0 0 0 0 0 0 0 0 0 0 0 0 0 0 0 0 0 0 0 0 0 0 0 0 0 0 0 0 0 0 0 0 0 0 0 0 0 0 0 0 0 0 0 0 0 0 0 0 0 0 0 0 0 0 0 1 0 0 0 0 0 0]
[3097160187317750147916709711455384158410259614759749202728650321967934026833371905024708978718293927399097082320703083319064906672942685214811169065859384365779162887889397024161219438577029450550358 0 0 0 0 0 0 0 0 0 0 0 0 0 0 0 0 0 0 0 0 0 0 0 0 0 0 0 0 0 0 0 0 0 0 0 0 0 0 0 0 0 0 0 0 0 0 0 0 0 0 0 0 0 0 0 0 0 0 0 1 0 0 0 0 0]
[1291004316322386138017100286808183699087683120638405483772357784811359159840724343173499312266629758669247224602609049115450102380394173395096981828750618411905514315661719837706268538753094776498239 0 0 0 0 0 0 0 0 0 0 0 0 0 0 0 0 0 0 0 0 0 0 0 0 0 0 0 0 0 0 0 0 0 0 0 0 0 0 0 0 0 0 0 0 0 0 0 0 0 0 0 0 0 0 0 0 0 0 0 0 1 0 0 0 0]
[1163332032718377488804542600566462703250989195237168175357605479025913827416408775046067726583415593001551377251273645498696264719767273485160380532651407208846056488314296338734142147553657626531063 0 0 0 0 0 0 0 0 0 0 0 0 0 0 0 0 0 0 0 0 0 0 0 0 0 0 0 0 0 0 0 0 0 0 0 0 0 0 0 0 0 0 0 0 0 0 0 0 0 0 0 0 0 0 0 0 0 0 0 0 0 1 0 0 0]
[2678314809118292505399705892096925722073490078445242785155338997732403219381193018469287720463205927859424330026795218549187719621143031444111679762164198790235022073126426010067396459265716686151687 0 0 0 0 0 0 0 0 0 0 0 0 0 0 0 0 0 0 0 0 0 0 0 0 0 0 0 0 0 0 0 0 0 0 0 0 0 0 0 0 0 0 0 0 0 0 0 0 0 0 0 0 0 0 0 0 0 0 0 0 0 0 1 0 0]
[2988048328405684513702257978576230753919029509686106043299667405417073923474822549276232074032248303111465247129872813412400792384583273401305410801161376274815053615518011839192350482195568201588092 0 0 0 0 0 0 0 0 0 0 0 0 0 0 0 0 0 0 0 0 0 0 0 0 0 0 0 0 0 0 0 0 0 0 0 0 0 0 0 0 0 0 0 0 0 0 0 0 0 0 0 0 0 0 0 0 0 0 0 0 0 0 0 1 0]
[3102352647085547810629734834971904781712059738743882108235500467584456992090517730356740048001012098796070665029451704716903588557498063450235639728616102129533257242267318107064350463116420356007059 0 0 0 0 0 0 0 0 0 0 0 0 0 0 0 0 0 0 0 0 0 0 0 0 0 0 0 0 0 0 0 0 0 0 0 0 0 0 0 0 0 0 0 0 0 0 0 0 0 0 0 0 0 0 0 0 0 0 0 0 0 0 0 0 1]
]
66 67 2
[1 1 1 1 1 1 1 1 1 1 1 1 1 1 1 1 1 1 1 1 1 1 1 1 1 1 1 1 1 1 1 1 1 1 1 1 1 1 1 1 1 1 1 1 1 1 1 1 1 1 1 1 1 1 1 1 1 1 1 1 1 1 1 1 1 1 1]
