[[3207275001026729496192636470823771226148120252830930624959588131470224177219306216730395902719158305625166898221819111085627023963146358015203581303735826965538626531797741533982535682668779259552711 0 0 0 0 0 0 0 0 0 0 0 0 0 0 0 0 0 0 0 0 0 0 0 0 0 0 0 0 0 0 0 0 0 0 0 0 0 0 0 0 0 0 0 0 0 0 0 0 0 0 0 0 0 0 0 0 0 0 0 0 0 0 0 0 0]
[1552389972674440823288770927691150801653315910045259565255689732954997482410416416178200646866856553350621728383845286646558114504911769378529488066341199710702615119130391838292471620561798114990566 1 0 0 0 0 0 0 0 0 0 0 0 0 0 0 0 0 0 0 0 0 0 0 0 0 0 0 0 0 0 0 0 0 0 0 0 0 0 0 0 0 0 0 0 0 0 0 0 0 0 0 0 0 0 0 0 0 0 0 0 0 0 0 0 0]
[2588954461104652839739477822624969187042564763219840768589743334841481545424744212344416780193148202797166495107009721022141782073581707779756849938587830673026811420301520807594737955338818862643521 0 1 0 0 0 0 0 0 0 0 0 0 0 0 0 0 0 0 0 0 0 0 0 0 0 0 0 0 0 0 0 0 0 0 0 0 0 0 0 0 0 0 0 0 0 0 0 0 0 0 0 0 0 0 0 0 0 0 0 0 0 0 0 0 0]
[523905791382477329218841850663956544381413093884893424467386925472033991027520088040384157069222155981410185492085581238718237349266852052088044846025695563139030010361497971900122433774351982444317 0 0 1 0 0 0 0 0 0 0 0 0 0 0 0 0 0 0 0 0 0 0 0 0 0 0 0 0 0 0 0 0 0 0 0 0 0 0 0 0 0 0 0 0 0 0 0 0 0 0 0 0 0 0 0 0 0 0 0 0 0 0 0 0 0]
[1803735632489969716712069758335832997495216068915815075182039214081475949160060208372240592564815131182476566440911073711055273837227678653585563035524062305803730419270763278855269042902806323756885 0 0 0 1 0 0 0 0 0 0 0 0 0 0 0 0 0 0 0 0 0 0 0 0 0 0 0 0 0 0 0 0 0 0 0 0 0 0 0 0 0 0 0 0 0 0 0 0 0 0 0 0 0 0 0 0 0 0 0 0 0 0 0 0 0]
[3054769932291208952970953247268467110424917136449583204787804184818700760942063333002351851098088796788186363565454567992263875821399490408873098271623387678622799644145718385136444133393062570881912 0 0 0 0 1 0 0 0 0 0 0 0 0 0 0 0 0 0 0 0 0 0 0 0 0 0 0 0 0 0 0 0 0 0 0 0 0 0 0 0 0 0 0 0 0 0 0 0 0 0 0 0 0 0 0 0 0 0 0 0 0 0 0 0 0]
[2096916884105572516434961659866520569292875777724320087982347007048453586822385942679080499894623566768433589508433567369698698251397815817714651007049181498576072936528271808150537710401812947795209 0 0 0 0 0 1 0 0 0 0 0 0 0 0 0 0 0 0 0 0 0 0 0 0 0 0 0 0 0 0 0 0 0 0 0 0 0 0 0 0 0 0 0 0 0 0 0 0 0 0 0 0 0 0 0 0 0 0 0 0 0 0 0 0 0]
[761710621174859674116431965757411741377935771917967170010673139184158859561244029582503665439940602585221684646087866053413961053168041243898898234844346352376633602698136813041478607302554113911806 0 0 0 0 0 0 1 0 0 0 0 0 0 0 0 0 0 0 0 0 0 0 0 0 0 0 0 0 0 0 0 0 0 0 0 0 0 0 0 0 0 0 0 0 0 0 0 0 0 0 0 0 0 0 0 0 0 0 0 0 0 0 0 0 0]
[1967165749966781949220244241503252738934904155248354581088187205989186256076202300533605569481789010495725006402422241986989445411058920642108323996370156728248203704238983394959065138191876000881493 0 0 0 0 0 0 0 1 0 0 0 0 0 0 0 0 0 0 0 0 0 0 0 0 0 0 0 0 0 0 0 0 0 0 0 0 0 0 0 0 0 0 0 0 0 0 0 0 0 0 0 0 0 0 0 0 0 0 0 0 0 0 0 0 0]
[2261455035399230697778723127764459825010796730234906043126479352715156193863720710669523701813256059618062390552310260932467806791359791086648125714816511347715144783131799714121945765723943679465794 0 0 0 0 0 0 0 0 1 0 0 0 0 0 0 0 0 0 0 0 0 0 0 0 0 0 0 0 0 0 0 0 0 0 0 0 0 0 0 0 0 0 0 0 0 0 0 0 0 0 0 0 0 0 0 0 0 0 0 0 0 0 0 0 0]
[2342966699510439468528486516179000805342849525514926531732274930437731169392807679511119237026602712555101631899368290294066335037279345571807343007761346890731502934355462809854742343507051784555236 0 0 0 0 0 0 0 0 0 1 0 0 0 0 0 0 0 0 0 0 0 0 0 0 0 0 0 0 0 0 0 0 0 0 0 0 0 0 0 0 0 0 0 0 0 0 0 0 0 0 0 0 0 0 0 0 0 0 0 0 0 0 0 0 0]
[2867525742165217540045070501330338994275814818492030493701374820609097933784314937543349164434689023392496294442868279063413274510289939566706327199015261993108982398041937859214544044569305825263279 0 0 0 0 0 0 0 0 0 0 1 0 0 0 0 0 0 0 0 0 0 0 0 0 0 0 0 0 0 0 0 0 0 0 0 0 0 0 0 0 0 0 0 0 0 0 0 0 0 0 0 0 0 0 0 0 0 0 0 0 0 0 0 0 0]
[2100693556658751469343204283289479040304758863322747080697167986846596580870671813482463974736079553892906842159880455174260890455432534289885316261759195415839286683324031425983402821943624462028845 0 0 0 0 0 0 0 0 0 0 0 1 0 0 0 0 0 0 0 0 0 0 0 0 0 0 0 0 0 0 0 0 0 0 0 0 0 0 0 0 0 0 0 0 0 0 0 0 0 0 0 0 0 0 0 0 0 0 0 0 0 0 0 0 0]
[1856068523190074038162577465465785039915024048470942598357026720747893530817729538967345139573354842022181740585639435735221441839379400530002372044098038795246832070127559141576495112220406120167234 0 0 0 0 0 0 0 0 0 0 0 0 1 0 0 0 0 0 0 0 0 0 0 0 0 0 0 0 0 0 0 0 0 0 0 0 0 0 0 0 0 0 0 0 0 0 0 0 0 0 0 0 0 0 0 0 0 0 0 0 0 0 0 0 0]
[526895736680702223408102646880531411126916515427874866817152867715192606166341887706293976862063721011108336133917884941231298160805806877559371433253996825325690135116381822815423686847059025233685 0 0 0 0 0 0 0 0 0 0 0 0 0 1 0 0 0 0 0 0 0 0 0 0 0 0 0 0 0 0 0 0 0 0 0 0 0 0 0 0 0 0 0 0 0 0 0 0 0 0 0 0 0 0 0 0 0 0 0 0 0 0 0 0 0]
[1924338899598535265042060317461855474704242706215690514751105123863071645363705089562303443971038969433612394827476037226365779448774193379810280368980993642441452491881142026094438764908069269448748 0 0 0 0 0 0 0 0 0 0 0 0 0 0 1 0 0 0 0 0 0 0 0 0 0 0 0 0 0 0 0 0 0 0 0 0 0 0 0 0 0 0 0 0 0 0 0 0 0 0 0 0 0 0 0 0 0 0 0 0 0 0 0 0 0]
[2220118297718855248755832868973642168270227636336923312145071476236072818358064594509405613457282683769451863862783614252300528677758680995103014993533591871885986850692620764270994776118915808819469 0 0 0 0 0 0 0 0 0 0 0 0 0 0 0 1 0 0 0 0 0 0 0 0 0 0 0 0 0 0 0 0 0 0 0 0 0 0 0 0 0 0 0 0 0 0 0 0 0 0 0 0 0 0 0 0 0 0 0 0 0 0 0 0 0]
[927039153205286830644236444321423522128398968976515707493531292787229507697463682208904640890502564717396979551655719070894485324912900784548536420138515645358913073091286874104154407681110421454165 0 0 0 0 0 0 0 0 0 0 0 0 0 0 0 0 1 0 0 0 0 0 0 0 0 0 0 0 0 0 0 0 0 0 0 0 0 0 0 0 0 0 0 0 0 0 0 0 0 0 0 0 0 0 0 0 0 0 0 0 0 0 0 0 0]
[691986481816349405029259014712099048017701641033417032180093722092239397358804437556708523300670815959470321401633637392554938196444795277901117772394178768093808118557236828928131517899541751712385 0 0 0 0 0 0 0 0 0 0 0 0 0 0 0 0 0 1 0 0 0 0 0 0 0 0 0 0 0 0 0 0 0 0 0 0 0 0 0 0 0 0 0 0 0 0 0 0 0 0 0 0 0 0 0 0 0 0 0 0 0 0 0 0 0]
[3129496721567955503771084886346142300901526073708902546623786082492024777917262866187743005810867596381427939408077028150282499925960574196710620492173209219302924858806570409126674003671586427146343 0 0 0 0 0 0 0 0 0 0 0 0 0 0 0 0 0 0 1 0 0 0 0 0 0 0 0 0 0 0 0 0 0 0 0 0 0 0 0 0 0 0 0 0 0 0 0 0 0 0 0 0 0 0 0 0 0 0 0 0 0 0 0 0 0]
[2285254372778761077516649432115595089835938675250312034351769445013705713764154788427266956113939460656085534846179109874684504332861895108757220463175665889413231179489796968012773249463670965621229 0 0 0 0 0 0 0 0 0 0 0 0 0 0 0 0 0 0 0 1 0 0 0 0 0 0 0 0 0 0 0 0 0 0 0 0 0 0 0 0 0 0 0 0 0 0 0 0 0 0 0 0 0 0 0 0 0 0 0 0 0 0 0 0 0]
[2081570475778904454212271770592933409655636992748162734481911254111169978362179710034599243143416194667210588815495577113807222648982806788181061146047653481699848708864881375835520873302083716744606 0 0 0 0 0 0 0 0 0 0 0 0 0 0 0 0 0 0 0 0 1 0 0 0 0 0 0 0 0 0 0 0 0 0 0 0 0 0 0 0 0 0 0 0 0 0 0 0 0 0 0 0 0 0 0 0 0 0 0 0 0 0 0 0 0]
[2916098249386383845701584283584273091455037711237711680064977338514788105476024601738705699606925565316847348330756826828612314301636944543685464096164086967754623067838050945607081162766536211790786 0 0 0 0 0 0 0 0 0 0 0 0 0 0 0 0 0 0 0 0 0 1 0 0 0 0 0 0 0 0 0 0 0 0 0 0 0 0 0 0 0 0 0 0 0 0 0 0 0 0 0 0 0 0 0 0 0 0 0 0 0 0 0 0 0]
[2963826887174233733974151488386306470589977923778206567856867685899596554619357907872416345630751690465853115681310889548515127062952318343860398542469094910974356958040410664981946146446773864896346 0 0 0 0 0 0 0 0 0 0 0 0 0 0 0 0 0 0 0 0 0 0 1 0 0 0 0 0 0 0 0 0 0 0 0 0 0 0 0 0 0 0 0 0 0 0 0 0 0 0 0 0 0 0 0 0 0 0 0 0 0 0 0 0 0]
[1896210129443025773242773951865846901221512419846977136468820200364924486271789143050641019956773155652409297668566262538710885111726497452646280174415955435689938357040960997200906300999700940028012 0 0 0 0 0 0 0 0 0 0 0 0 0 0 0 0 0 0 0 0 0 0 0 1 0 0 0 0 0 0 0 0 0 0 0 0 0 0 0 0 0 0 0 0 0 0 0 0 0 0 0 0 0 0 0 0 0 0 0 0 0 0 0 0 0]
[1237849496411997406653654210495419313632458176687166433035338064111309162951884558138279106025581265337560794153567166849163226265498062870166271384284266521110601073923032550553591750332072890854482 0 0 0 0 0 0 0 0 0 0 0 0 0 0 0 0 0 0 0 0 0 0 0 0 1 0 0 0 0 0 0 0 0 0 0 0 0 0 0 0 0 0 0 0 0 0 0 0 0 0 0 0 0 0 0 0 0 0 0 0 0 0 0 0 0]
[2092545052691047466824555965743770589383022263111477747247086384214320539468428560503176157165820309042975707408532651287266450264332942510058194820575626688102720719932977488157185868158931995852587 0 0 0 0 0 0 0 0 0 0 0 0 0 0 0 0 0 0 0 0 0 0 0 0 0 1 0 0 0 0 0 0 0 0 0 0 0 0 0 0 0 0 0 0 0 0 0 0 0 0 0 0 0 0 0 0 0 0 0 0 0 0 0 0 0]
[1995458871481785701997497701710572705265844606756005146219997544589494577631526249652394010246836571339698575629410511968131273988528498940416735576062652818211893803774252743665217421451059610421540 0 0 0 0 0 0 0 0 0 0 0 0 0 0 0 0 0 0 0 0 0 0 0 0 0 0 1 0 0 0 0 0 0 0 0 0 0 0 0 0 0 0 0 0 0 0 0 0 0 0 0 0 0 0 0 0 0 0 0 0 0 0 0 0 0]
[3116098350747302408179641995299247995176554921572439529793656277799898289645827944945916672278209881733894713925840652560367971888391806074296651226144097969646494880590961569280111833183473802495429 0 0 0 0 0 0 0 0 0 0 0 0 0 0 0 0 0 0 0 0 0 0 0 0 0 0 0 1 0 0 0 0 0 0 0 0 0 0 0 0 0 0 0 0 0 0 0 0 0 0 0 0 0 0 0 0 0 0 0 0 0 0 0 0 0]
[3059586104860203744920888497773435409964444808586076049621861829259368141472716248166212502097156502484467185027446735355438600921971872847845929971449440668129978515519889710476046308872850589839692 0 0 0 0 0 0 0 0 0 0 0 0 0 0 0 0 0 0 0 0 0 0 0 0 0 0 0 0 1 0 0 0 0 0 0 0 0 0 0 0 0 0 0 0 0 0 0 0 0 0 0 0 0 0 0 0 0 0 0 0 0 0 0 0 0]
[3022583278054130643377771910539592519922672104178962210470921958638947498979344865100712787597184495856343432930318782783007081777927755692045275539786116626186952729196973926939324425317878790173899 0 0 0 0 0 0 0 0 0 0 0 0 0 0 0 0 0 0 0 0 0 0 0 0 0 0 0 0 0 1 0 0 0 0 0 0 0 0 0 0 0 0 0 0 0 0 0 0 0 0 0 0 0 0 0 0 0 0 0 0 0 0 0 0 0]
[2420013691292897454197760340615747680817353149856404523967589750763800399015504289192856708726179157499856771636330384124298315795884539509991012910200596762571601672271369235174318959919232251562196 0 0 0 0 0 0 0 0 0 0 0 0 0 0 0 0 0 0 0 0 0 0 0 0 0 0 0 0 0 0 1 0 0 0 0 0 0 0 0 0 0 0 0 0 0 0 0 0 0 0 0 0 0 0 0 0 0 0 0 0 0 0 0 0 0]
[2974689889029915974905349172851432080863639513475068774928418061741909270095624944694194614225411707189319426329210411413254061501492718431966447433157208705436604907578802566746458436951062792229439 0 0 0 0 0 0 0 0 0 0 0 0 0 0 0 0 0 0 0 0 0 0 0 0 0 0 0 0 0 0 0 1 0 0 0 0 0 0 0 0 0 0 0 0 0 0 0 0 0 0 0 0 0 0 0 0 0 0 0 0 0 0 0 0 0]
[398700959256236052847939112957585941305123329486093344695015664970536677482999859352862976165393893678388489605089755014867918204187268956617952817828901093147215950366119289756161807247270005135443 0 0 0 0 0 0 0 0 0 0 0 0 0 0 0 0 0 0 0 0 0 0 0 0 0 0 0 0 0 0 0 0 1 0 0 0 0 0 0 0 0 0 0 0 0 0 0 0 0 0 0 0 0 0 0 0 0 0 0 0 0 0 0 0 0]
[1565953162355184661555656651352484011143171706699835864948821530603493132866923734528405593667533336136367198615043982862538134661834730324147222366318348632284859405552855766563472133002370375797608 0 0 0 0 0 0 0 0 0 0 0 0 0 0 0 0 0 0 0 0 0 0 0 0 0 0 0 0 0 0 0 0 0 1 0 0 0 0 0 0 0 0 0 0 0 0 0 0 0 0 0 0 0 0 0 0 0 0 0 0 0 0 0 0 0]
[2188445053751925361345361688900348555049351353615258924564400938170279243082699268264695321369848712748709650455737842363900246859310867038301163838101451106763551829776542873053293960721090059973672 0 0 0 0 0 0 0 0 0 0 0 0 0 0 0 0 0 0 0 0 0 0 0 0 0 0 0 0 0 0 0 0 0 0 1 0 0 0 0 0 0 0 0 0 0 0 0 0 0 0 0 0 0 0 0 0 0 0 0 0 0 0 0 0 0]
[2944596027396481797888349997356667844645730238294083321562400486069359537086021580338073091184333432587333933525195643029817016502468618141659123893941977885367167474094243121109860345140755618227671 0 0 0 0 0 0 0 0 0 0 0 0 0 0 0 0 0 0 0 0 0 0 0 0 0 0 0 0 0 0 0 0 0 0 0 1 0 0 0 0 0 0 0 0 0 0 0 0 0 0 0 0 0 0 0 0 0 0 0 0 0 0 0 0 0]
[2089752999194529411614706532999281835206042844451919831686181277209090832745125526210548176848609366520972850045145155855244940023815648622556897768286602264208823778077084475700228865381202511420821 0 0 0 0 0 0 0 0 0 0 0 0 0 0 0 0 0 0 0 0 0 0 0 0 0 0 0 0 0 0 0 0 0 0 0 0 1 0 0 0 0 0 0 0 0 0 0 0 0 0 0 0 0 0 0 0 0 0 0 0 0 0 0 0 0]
[947051744909707331236446719296155990724632497878683843666715794331251652633339933839422023731557086195352359099341881770637718326678615957088416634246037340648612072659472367474946164885501784915486 0 0 0 0 0 0 0 0 0 0 0 0 0 0 0 0 0 0 0 0 0 0 0 0 0 0 0 0 0 0 0 0 0 0 0 0 0 1 0 0 0 0 0 0 0 0 0 0 0 0 0 0 0 0 0 0 0 0 0 0 0 0 0 0 0]
[1393802850807458880636471944770190285054380857908496820994375334505492582310741854895116355625328279811569582706760774756286213118640563729014828735232755175027954752927481412330210938784037226316962 0 0 0 0 0 0 0 0 0 0 0 0 0 0 0 0 0 0 0 0 0 0 0 0 0 0 0 0 0 0 0 0 0 0 0 0 0 0 1 0 0 0 0 0 0 0 0 0 0 0 0 0 0 0 0 0 0 0 0 0 0 0 0 0 0]
[878344097640955349401791190585322270865816356006196208527783390505270673488194854234998896081293703811978286038196929822697755837133348079732785845962803778821146530922405789230491942558664105127659 0 0 0 0 0 0 0 0 0 0 0 0 0 0 0 0 0 0 0 0 0 0 0 0 0 0 0 0 0 0 0 0 0 0 0 0 0 0 0 1 0 0 0 0 0 0 0 0 0 0 0 0 0 0 0 0 0 0 0 0 0 0 0 0 0]
[881581843014444426188096906629747044167323314176016743384899088914975067533961794953663978471647525727320274703314480837723739830248020104347974818130947624646595870726353604952196435071018412758706 0 0 0 0 0 0 0 0 0 0 0 0 0 0 0 0 0 0 0 0 0 0 0 0 0 0 0 0 0 0 0 0 0 0 0 0 0 0 0 0 1 0 0 0 0 0 0 0 0 0 0 0 0 0 0 0 0 0 0 0 0 0 0 0 0]
[734661778022933480190652788655710602098591154315607075231892969574180491965165692132403255450827191871006757602724402889078492180557484730208419295065405823733336348103680821248276676097502989845708 0 0 0 0 0 0 0 0 0 0 0 0 0 0 0 0 0 0 0 0 0 0 0 0 0 0 0 0 0 0 0 0 0 0 0 0 0 0 0 0 0 1 0 0 0 0 0 0 0 0 0 0 0 0 0 0 0 0 0 0 0 0 0 0 0]
[308905077923661785223814894381236100635618439050824580629766783565967441267979024808161336937273070046832824024123126095988013638634436533225867627317290110141423185772690992878313768039726748352260 0 0 0 0 0 0 0 0 0 0 0 0 0 0 0 0 0 0 0 0 0 0 0 0 0 0 0 0 0 0 0 0 0 0 0 0 0 0 0 0 0 0 1 0 0 0 0 0 0 0 0 0 0 0 0 0 0 0 0 0 0 0 0 0 0]
[1657095284136623452139953908568494258588441153203253143510920713526531212026781872671583970903699870977613082723465939197398887104812492578298538398129479145610970004149962412053215456931719911784787 0 0 0 0 0 0 0 0 0 0 0 0 0 0 0 0 0 0 0 0 0 0 0 0 0 0 0 0 0 0 0 0 0 0 0 0 0 0 0 0 0 0 0 1 0 0 0 0 0 0 0 0 0 0 0 0 0 0 0 0 0 0 0 0 0]
[2713268329692732581962285586321579211585165399930949755750188892671613005649608312514800849178276073826894741986210977210988335686939263474694594342923450357745863249542769039960904620063241579411011 0 0 0 0 0 0 0 0 0 0 0 0 0 0 0 0 0 0 0 0 0 0 0 0 0 0 0 0 0 0 0 0 0 0 0 0 0 0 0 0 0 0 0 0 1 0 0 0 0 0 0 0 0 0 0 0 0 0 0 0 0 0 0 0 0]
[13771542184860505164701414538258940650465687144431736446266762246559438719560483707031543167502399550768028471298529973858909769754810154092817899790123975244432914107498705804996137922359441893654 0 0 0 0 0 0 0 0 0 0 0 0 0 0 0 0 0 0 0 0 0 0 0 0 0 0 0 0 0 0 0 0 0 0 0 0 0 0 0 0 0 0 0 0 0 1 0 0 0 0 0 0 0 0 0 0 0 0 0 0 0 0 0 0 0]
[2798911833420831803711359157288968251931489200422475227777617660519021129195456628754232299796206763850245277109404011095873922943366191629651002301664210672272979847305073297438592005631726314149615 0 0 0 0 0 0 0 0 0 0 0 0 0 0 0 0 0 0 0 0 0 0 0 0 0 0 0 0 0 0 0 0 0 0 0 0 0 0 0 0 0 0 0 0 0 0 1 0 0 0 0 0 0 0 0 0 0 0 0 0 0 0 0 0 0]
[1578588736213815308360310792456431163159198487800629529389826200584649783508387050836410773204897012856306574028745993827502289210656045913698171645112696195330824498086623545914381236184516271076023 0 0 0 0 0 0 0 0 0 0 0 0 0 0 0 0 0 0 0 0 0 0 0 0 0 0 0 0 0 0 0 0 0 0 0 0 0 0 0 0 0 0 0 0 0 0 0 1 0 0 0 0 0 0 0 0 0 0 0 0 0 0 0 0 0]
[3072616320504451819891702993904932459828360059637886306020703736445469478532088007885073521944518119308957036738924541723693952268452786586391055840504558206640110466075056917295799769706763157858189 0 0 0 0 0 0 0 0 0 0 0 0 0 0 0 0 0 0 0 0 0 0 0 0 0 0 0 0 0 0 0 0 0 0 0 0 0 0 0 0 0 0 0 0 0 0 0 0 1 0 0 0 0 0 0 0 0 0 0 0 0 0 0 0 0]
[2439417762603965889411514610533698605831326386745811957337740394354309646165313915621094685488398888108524674667370082389652677879195372316796437836797423201284074088109739581552268094118337897044487 0 0 0 0 0 0 0 0 0 0 0 0 0 0 0 0 0 0 0 0 0 0 0 0 0 0 0 0 0 0 0 0 0 0 0 0 0 0 0 0 0 0 0 0 0 0 0 0 0 1 0 0 0 0 0 0 0 0 0 0 0 0 0 0 0]
[1117783962892222557682826793337120957089708915855961645921799453173354091296205472677753304145683285037786364406438200212526981140814470920039098969011678054637896777477678797136763640791408754062075 0 0 0 0 0 0 0 0 0 0 0 0 0 0 0 0 0 0 0 0 0 0 0 0 0 0 0 0 0 0 0 0 0 0 0 0 0 0 0 0 0 0 0 0 0 0 0 0 0 0 1 0 0 0 0 0 0 0 0 0 0 0 0 0 0]
[544034078842008817047550173772833100759399524193047218786984318681227190293650827659843533026302960595355188288948117629746810990508152447880469830046428776683026379421785551435355736243010031621689 0 0 0 0 0 0 0 0 0 0 0 0 0 0 0 0 0 0 0 0 0 0 0 0 0 0 0 0 0 0 0 0 0 0 0 0 0 0 0 0 0 0 0 0 0 0 0 0 0 0 0 1 0 0 0 0 0 0 0 0 0 0 0 0 0]
[2241730037976778102557059907655446356423067606547509729026533018497518578637471139145407599678595212562767309115077669414212695703423921620328823364137281051042543057491945874899949177574618398543029 0 0 0 0 0 0 0 0 0 0 0 0 0 0 0 0 0 0 0 0 0 0 0 0 0 0 0 0 0 0 0 0 0 0 0 0 0 0 0 0 0 0 0 0 0 0 0 0 0 0 0 0 1 0 0 0 0 0 0 0 0 0 0 0 0]
[1342737786665837113241889490524270362726045549954892892012439386376944238455733814815758392393890706485426630146320919275686470237595438711087275308578858276142558267984803943317394010148633070552719 0 0 0 0 0 0 0 0 0 0 0 0 0 0 0 0 0 0 0 0 0 0 0 0 0 0 0 0 0 0 0 0 0 0 0 0 0 0 0 0 0 0 0 0 0 0 0 0 0 0 0 0 0 1 0 0 0 0 0 0 0 0 0 0 0]
[2627742167084288015626020255641410871768812262816710037387474515719821002276962826343936991776746338682954286863364016037591411783870668427359743098353009194984889639336861516672273925589205968796798 0 0 0 0 0 0 0 0 0 0 0 0 0 0 0 0 0 0 0 0 0 0 0 0 0 0 0 0 0 0 0 0 0 0 0 0 0 0 0 0 0 0 0 0 0 0 0 0 0 0 0 0 0 0 1 0 0 0 0 0 0 0 0 0 0]
[363154725631275405195116050377350293320954159298498180059364409911756047893700984280147187955468032447477436421093675686767118987111374327414663962893565000911263946625498350931512367635348430176773 0 0 0 0 0 0 0 0 0 0 0 0 0 0 0 0 0 0 0 0 0 0 0 0 0 0 0 0 0 0 0 0 0 0 0 0 0 0 0 0 0 0 0 0 0 0 0 0 0 0 0 0 0 0 0 1 0 0 0 0 0 0 0 0 0]
[358157648092976876793539131965143511787673142574312703894805255925926720031343439545510317605128516078087052748660319765274483178346614163723869792913501714050575743213254426671788232287455830353843 0 0 0 0 0 0 0 0 0 0 0 0 0 0 0 0 0 0 0 0 0 0 0 0 0 0 0 0 0 0 0 0 0 0 0 0 0 0 0 0 0 0 0 0 0 0 0 0 0 0 0 0 0 0 0 0 1 0 0 0 0 0 0 0 0]
[1433269838420781051062443979959358846613524645292181247419208607666820330388398933270462815487652210495411760355266211353288386804525881270710178572844623042157402910750388765054790975856378537229286 0 0 0 0 0 0 0 0 0 0 0 0 0 0 0 0 0 0 0 0 0 0 0 0 0 0 0 0 0 0 0 0 0 0 0 0 0 0 0 0 0 0 0 0 0 0 0 0 0 0 0 0 0 0 0 0 0 1 0 0 0 0 0 0 0]
[94207782563219658061689599201710917519188714821018933547357090184666101624172411834602475083500613710133127210769397644205936919718868095948700257693261898285400441744888386563897251677173008352669 0 0 0 0 0 0 0 0 0 0 0 0 0 0 0 0 0 0 0 0 0 0 0 0 0 0 0 0 0 0 0 0 0 0 0 0 0 0 0 0 0 0 0 0 0 0 0 0 0 0 0 0 0 0 0 0 0 0 1 0 0 0 0 0 0]
[2355949407199867485552597826571174776925240809925202225899220970660062757454897318052701399236543344003684238729983010654835837238329247661453243956947580458996556715809627710157990262824194960853329 0 0 0 0 0 0 0 0 0 0 0 0 0 0 0 0 0 0 0 0 0 0 0 0 0 0 0 0 0 0 0 0 0 0 0 0 0 0 0 0 0 0 0 0 0 0 0 0 0 0 0 0 0 0 0 0 0 0 0 1 0 0 0 0 0]
[514187030459919407226690792793245665221567422586004886599338954752581739913746125422534190528174828375468437426587651148355473303055101983681053963127127106537436852074843425804597244593744033514996 0 0 0 0 0 0 0 0 0 0 0 0 0 0 0 0 0 0 0 0 0 0 0 0 0 0 0 0 0 0 0 0 0 0 0 0 0 0 0 0 0 0 0 0 0 0 0 0 0 0 0 0 0 0 0 0 0 0 0 0 1 0 0 0 0]
[2649136810560830299677261484423664044453098350678105274001317474733795589093441740217358717792611081717287750593813283753278683246873292611034020889916932897372374579960539338757047375870784621966854 0 0 0 0 0 0 0 0 0 0 0 0 0 0 0 0 0 0 0 0 0 0 0 0 0 0 0 0 0 0 0 0 0 0 0 0 0 0 0 0 0 0 0 0 0 0 0 0 0 0 0 0 0 0 0 0 0 0 0 0 0 1 0 0 0]
[2224343744285157085850275153018895933932964054255273983061817681194668554146049555008556801723868112631105581571889405816285834929404816020612592164217554619719554310718669151342317274935264100650264 0 0 0 0 0 0 0 0 0 0 0 0 0 0 0 0 0 0 0 0 0 0 0 0 0 0 0 0 0 0 0 0 0 0 0 0 0 0 0 0 0 0 0 0 0 0 0 0 0 0 0 0 0 0 0 0 0 0 0 0 0 0 1 0 0]
[992610913640171645755626802021050112997081544118914201174209970240556038026300871205884607572051274780572031181388746009459884399076036992377990413804597223498013961938615583835641958626609870025007 0 0 0 0 0 0 0 0 0 0 0 0 0 0 0 0 0 0 0 0 0 0 0 0 0 0 0 0 0 0 0 0 0 0 0 0 0 0 0 0 0 0 0 0 0 0 0 0 0 0 0 0 0 0 0 0 0 0 0 0 0 0 0 1 0]
[1470505769434415578668299675491594334337960646519898462389367918236327165486624681272919322190570290507367477997415824028684712185254200631570390879188533578519960765974124801927898767824216567476821 0 0 0 0 0 0 0 0 0 0 0 0 0 0 0 0 0 0 0 0 0 0 0 0 0 0 0 0 0 0 0 0 0 0 0 0 0 0 0 0 0 0 0 0 0 0 0 0 0 0 0 0 0 0 0 0 0 0 0 0 0 0 0 0 1]
]
66 67 4
[1 1 1 1 1 1 1 1 1 1 1 1 1 1 1 1 1 1 1 1 1 1 1 1 1 1 1 1 1 1 1 1 1 1 1 1 1 1 1 1 1 1 1 1 1 1 1 1 1 1 1 1 1 1 1 1 1 1 1 1 1 1 1 1 1 1 1]
