[[4656546861462065032038202975612059103168280113459258888095354447869645436365949696132349292635446889377408368196298439673552965199481000950986919827878208617274891355391204038067714454466782008582327 0 0 0 0 0 0 0 0 0 0 0 0 0 0 0 0 0 0 0 0 0 0 0 0 0 0 0 0 0 0 0 0 0 0 0 0 0 0 0 0 0 0 0 0 0 0 0 0 0 0 0 0 0 0 0 0 0 0 0 0 0 0 0 0 0]
[3975291964787238125364919517947544789473279983264747937785465770003690185405229958401726946830597767132418061218780301955035316602729964170314537136694795390420613675481586398220809237159435135211965 1 0 0 0 0 0 0 0 0 0 0 0 0 0 0 0 0 0 0 0 0 0 0 0 0 0 0 0 0 0 0 0 0 0 0 0 0 0 0 0 0 0 0 0 0 0 0 0 0 0 0 0 0 0 0 0 0 0 0 0 0 0 0 0 0]
[2195915994467917170272366584913448449229519553486659680128113174111686311482578106537444691476617435584185818201545527742168870855895189943126569936266483811096182186875491432895423946614660884326725 0 1 0 0 0 0 0 0 0 0 0 0 0 0 0 0 0 0 0 0 0 0 0 0 0 0 0 0 0 0 0 0 0 0 0 0 0 0 0 0 0 0 0 0 0 0 0 0 0 0 0 0 0 0 0 0 0 0 0 0 0 0 0 0 0]
[4518294642837902910145000420272812110215931196278752245489291941401942117823955967244800958697154911677735330880014663701259624023490159460758857511615249041852600697989799372109771345556543681267496 0 0 1 0 0 0 0 0 0 0 0 0 0 0 0 0 0 0 0 0 0 0 0 0 0 0 0 0 0 0 0 0 0 0 0 0 0 0 0 0 0 0 0 0 0 0 0 0 0 0 0 0 0 0 0 0 0 0 0 0 0 0 0 0 0]
[481704383615771570249275160121034412107453207282593868894446575374259591910896701415465727244989454130555183541775058458482385544273653880261007512038480588938249683853324226938859920557579772800457 0 0 0 1 0 0 0 0 0 0 0 0 0 0 0 0 0 0 0 0 0 0 0 0 0 0 0 0 0 0 0 0 0 0 0 0 0 0 0 0 0 0 0 0 0 0 0 0 0 0 0 0 0 0 0 0 0 0 0 0 0 0 0 0 0]
[1648568211519893842823472855065691236548584610125320512634486658038999886702585204297909901885099933515338745103221059478760712946018629794917795957804635780739557887100517347969078404797545521617989 0 0 0 0 1 0 0 0 0 0 0 0 0 0 0 0 0 0 0 0 0 0 0 0 0 0 0 0 0 0 0 0 0 0 0 0 0 0 0 0 0 0 0 0 0 0 0 0 0 0 0 0 0 0 0 0 0 0 0 0 0 0 0 0 0]
[855773305921304893117990915183249682726744897555035427868653257854741085980837971783063229573355009789849151432630592539421960679506196311215663066355908797908686404491887129889449019291943930639784 0 0 0 0 0 1 0 0 0 0 0 0 0 0 0 0 0 0 0 0 0 0 0 0 0 0 0 0 0 0 0 0 0 0 0 0 0 0 0 0 0 0 0 0 0 0 0 0 0 0 0 0 0 0 0 0 0 0 0 0 0 0 0 0 0]
[3625778317831981700437440457865772213353042005451094827848682872587865048634314157028710824122340452473680978264844234657729882051583921855702063128296249740966648638885518441232949753024678050724040 0 0 0 0 0 0 1 0 0 0 0 0 0 0 0 0 0 0 0 0 0 0 0 0 0 0 0 0 0 0 0 0 0 0 0 0 0 0 0 0 0 0 0 0 0 0 0 0 0 0 0 0 0 0 0 0 0 0 0 0 0 0 0 0 0]
[1065113448063443494557813534443549099104061301847479934531583780612560873313793754316887774006189573653704951105283114356746055113225739666054044330909707407818386131627900839922941368382851347305497 0 0 0 0 0 0 0 1 0 0 0 0 0 0 0 0 0 0 0 0 0 0 0 0 0 0 0 0 0 0 0 0 0 0 0 0 0 0 0 0 0 0 0 0 0 0 0 0 0 0 0 0 0 0 0 0 0 0 0 0 0 0 0 0 0]
[3676111368306346536955003297435751009921384207825890531685788085614921456288891831822344636723255781168584061557841554464917817794851176874678707731417156958005020019025689995302128852136664591560065 0 0 0 0 0 0 0 0 1 0 0 0 0 0 0 0 0 0 0 0 0 0 0 0 0 0 0 0 0 0 0 0 0 0 0 0 0 0 0 0 0 0 0 0 0 0 0 0 0 0 0 0 0 0 0 0 0 0 0 0 0 0 0 0 0]
[4388465080772341598711789770593735471535345136742712853643633728615950854315742215833222669764142586553636057987790577523601265489585238572517659262737206574644803393527629351862072363309320894773144 0 0 0 0 0 0 0 0 0 1 0 0 0 0 0 0 0 0 0 0 0 0 0 0 0 0 0 0 0 0 0 0 0 0 0 0 0 0 0 0 0 0 0 0 0 0 0 0 0 0 0 0 0 0 0 0 0 0 0 0 0 0 0 0 0]
[1235310748180897165964246954201965169625998409799865550838874963498036905769426488061525689082190541762530203886942841633286386970181785634779312203499828512687267237504406382294468717175417787247890 0 0 0 0 0 0 0 0 0 0 1 0 0 0 0 0 0 0 0 0 0 0 0 0 0 0 0 0 0 0 0 0 0 0 0 0 0 0 0 0 0 0 0 0 0 0 0 0 0 0 0 0 0 0 0 0 0 0 0 0 0 0 0 0 0]
[4088474814436597694476367035347626107986681557600060774703488294356817173427081710641752427244312482206161422125954267371954017434687533096945722531235331418891210215191300872549034373500515939994229 0 0 0 0 0 0 0 0 0 0 0 1 0 0 0 0 0 0 0 0 0 0 0 0 0 0 0 0 0 0 0 0 0 0 0 0 0 0 0 0 0 0 0 0 0 0 0 0 0 0 0 0 0 0 0 0 0 0 0 0 0 0 0 0 0]
[2695969601928143841579405845774126194554948719973198152300950611767681355731149001346568080136565656906065621258848549843605990798478552964196824423521283581010778887292521926073768530810207154315161 0 0 0 0 0 0 0 0 0 0 0 0 1 0 0 0 0 0 0 0 0 0 0 0 0 0 0 0 0 0 0 0 0 0 0 0 0 0 0 0 0 0 0 0 0 0 0 0 0 0 0 0 0 0 0 0 0 0 0 0 0 0 0 0 0]
[2216482453745385848232659108297192672690046852037339386924323309086699294673678582011316954061473351170900815333011137590482628408441591651166706716025529637503260447334814452260903811448104153134456 0 0 0 0 0 0 0 0 0 0 0 0 0 1 0 0 0 0 0 0 0 0 0 0 0 0 0 0 0 0 0 0 0 0 0 0 0 0 0 0 0 0 0 0 0 0 0 0 0 0 0 0 0 0 0 0 0 0 0 0 0 0 0 0 0]
[3661140086424679830566564448148606618344440750965243647358513630118048986871125157076458323817314969960589117998810742060909937616977429540507999527086351632810957794088367706232980536485952909545471 0 0 0 0 0 0 0 0 0 0 0 0 0 0 1 0 0 0 0 0 0 0 0 0 0 0 0 0 0 0 0 0 0 0 0 0 0 0 0 0 0 0 0 0 0 0 0 0 0 0 0 0 0 0 0 0 0 0 0 0 0 0 0 0 0]
[4639904825192970518909144278616246942256140768333617517155672291893411975818830720369235961091007744168504526506368586213521355423791535981335506917324920881765498216609834141289931048347284026924575 0 0 0 0 0 0 0 0 0 0 0 0 0 0 0 1 0 0 0 0 0 0 0 0 0 0 0 0 0 0 0 0 0 0 0 0 0 0 0 0 0 0 0 0 0 0 0 0 0 0 0 0 0 0 0 0 0 0 0 0 0 0 0 0 0]
[2607127671119344354518012185614398597528227675919936761537890558824573352738630013799762604846240777707957873271600650120785179184872759899736809334737543644128965502245168801606841219625771276584476 0 0 0 0 0 0 0 0 0 0 0 0 0 0 0 0 1 0 0 0 0 0 0 0 0 0 0 0 0 0 0 0 0 0 0 0 0 0 0 0 0 0 0 0 0 0 0 0 0 0 0 0 0 0 0 0 0 0 0 0 0 0 0 0 0]
[1489805712670899306149131928939543424441210691038534133941839833411968850906982762179747359168783626336168572223864287556248102592387398767999163825340647728711703225630519240069689431483247796671145 0 0 0 0 0 0 0 0 0 0 0 0 0 0 0 0 0 1 0 0 0 0 0 0 0 0 0 0 0 0 0 0 0 0 0 0 0 0 0 0 0 0 0 0 0 0 0 0 0 0 0 0 0 0 0 0 0 0 0 0 0 0 0 0 0]
[989305241182890764117691353592156121281315717007534104864984043580458249441378463859761833699966393584588177299435502118753640291008047138942834719313250613250049630524148150960189889778172177802401 0 0 0 0 0 0 0 0 0 0 0 0 0 0 0 0 0 0 1 0 0 0 0 0 0 0 0 0 0 0 0 0 0 0 0 0 0 0 0 0 0 0 0 0 0 0 0 0 0 0 0 0 0 0 0 0 0 0 0 0 0 0 0 0 0]
[2668652485640795413821041630907300116001403952037853559179838933622152923827025175364993490858251865979030432124785854189305142195704611434001292742956045044606594045066786790455683836337983717066159 0 0 0 0 0 0 0 0 0 0 0 0 0 0 0 0 0 0 0 1 0 0 0 0 0 0 0 0 0 0 0 0 0 0 0 0 0 0 0 0 0 0 0 0 0 0 0 0 0 0 0 0 0 0 0 0 0 0 0 0 0 0 0 0 0]
[559157333618967344921427847703242203847991570088470717603667468013481929439152609107747127835319425828560689198805118811492134472066301085164736146477327843205211665268666375245458197807338402993209 0 0 0 0 0 0 0 0 0 0 0 0 0 0 0 0 0 0 0 0 1 0 0 0 0 0 0 0 0 0 0 0 0 0 0 0 0 0 0 0 0 0 0 0 0 0 0 0 0 0 0 0 0 0 0 0 0 0 0 0 0 0 0 0 0]
[3222093593107948400970808992086187169181244997691807786661375288809673123674940086056042553482134092509605738086873693694740389512248897213837902509316076886980240429943837676756736420035489216031322 0 0 0 0 0 0 0 0 0 0 0 0 0 0 0 0 0 0 0 0 0 1 0 0 0 0 0 0 0 0 0 0 0 0 0 0 0 0 0 0 0 0 0 0 0 0 0 0 0 0 0 0 0 0 0 0 0 0 0 0 0 0 0 0 0]
[305593885972760452478911218276938319860308618771011444365113885247838161853064415035175988242859087766018398650407118611753725639749958676840568640693846112262361626344106553632688120917241661285381 0 0 0 0 0 0 0 0 0 0 0 0 0 0 0 0 0 0 0 0 0 0 1 0 0 0 0 0 0 0 0 0 0 0 0 0 0 0 0 0 0 0 0 0 0 0 0 0 0 0 0 0 0 0 0 0 0 0 0 0 0 0 0 0 0]
[3933417614908453919358225542740710029435116888619177654669876769588101157097987077125064214295901181505210249309701295250088200599261347814634888125694982342335800549649716302493296878420410045260633 0 0 0 0 0 0 0 0 0 0 0 0 0 0 0 0 0 0 0 0 0 0 0 1 0 0 0 0 0 0 0 0 0 0 0 0 0 0 0 0 0 0 0 0 0 0 0 0 0 0 0 0 0 0 0 0 0 0 0 0 0 0 0 0 0]
[4300436073203473878264114689870908334788684814556883465890197523481779038750645893024733359705837421300703303901116828639494789559745963093874565800536126730240420784358856744273046499673027444870157 0 0 0 0 0 0 0 0 0 0 0 0 0 0 0 0 0 0 0 0 0 0 0 0 1 0 0 0 0 0 0 0 0 0 0 0 0 0 0 0 0 0 0 0 0 0 0 0 0 0 0 0 0 0 0 0 0 0 0 0 0 0 0 0 0]
[3311195478288895718920575849253565396845690293242439284512581719282715696829169516839601094041911192984744059091258308101683041237526341328823727000710240913791198350685379069971796362525021976059519 0 0 0 0 0 0 0 0 0 0 0 0 0 0 0 0 0 0 0 0 0 0 0 0 0 1 0 0 0 0 0 0 0 0 0 0 0 0 0 0 0 0 0 0 0 0 0 0 0 0 0 0 0 0 0 0 0 0 0 0 0 0 0 0 0]
[1419257913174782690226777065342819605726718309485589407087493159565897642818508216347966296907296314208226272782534047393716853762704887678391920656622777889389147740286664819302039656271305077110430 0 0 0 0 0 0 0 0 0 0 0 0 0 0 0 0 0 0 0 0 0 0 0 0 0 0 1 0 0 0 0 0 0 0 0 0 0 0 0 0 0 0 0 0 0 0 0 0 0 0 0 0 0 0 0 0 0 0 0 0 0 0 0 0 0]
[3752667181011682838222012188848529493112690904569515852331425295639384933707441125256156898780956003033297948313040762786449407388577082892838625614460611979637841663901178950359877133952280497734262 0 0 0 0 0 0 0 0 0 0 0 0 0 0 0 0 0 0 0 0 0 0 0 0 0 0 0 1 0 0 0 0 0 0 0 0 0 0 0 0 0 0 0 0 0 0 0 0 0 0 0 0 0 0 0 0 0 0 0 0 0 0 0 0 0]
[556989946903935533622421851885040126814108380061776735182242568317977446296703045017018690036631542445570355518533265067597679710317540001837423495113046621776572906584693228039553451268268523123514 0 0 0 0 0 0 0 0 0 0 0 0 0 0 0 0 0 0 0 0 0 0 0 0 0 0 0 0 1 0 0 0 0 0 0 0 0 0 0 0 0 0 0 0 0 0 0 0 0 0 0 0 0 0 0 0 0 0 0 0 0 0 0 0 0]
[1711955430901281904412203728612628379529723389498412525219277483184909964552883017886921716450691640598880728766183870699251740918077901808486313190397858703000913482338544293871955835787232094573974 0 0 0 0 0 0 0 0 0 0 0 0 0 0 0 0 0 0 0 0 0 0 0 0 0 0 0 0 0 1 0 0 0 0 0 0 0 0 0 0 0 0 0 0 0 0 0 0 0 0 0 0 0 0 0 0 0 0 0 0 0 0 0 0 0]
[4595613408819263460027011811579339288539021357437112014577979994288429193965829371191470972460308293348933639282745547829876723600872592476317628904263014308253681397699160894808654364880813739432773 0 0 0 0 0 0 0 0 0 0 0 0 0 0 0 0 0 0 0 0 0 0 0 0 0 0 0 0 0 0 1 0 0 0 0 0 0 0 0 0 0 0 0 0 0 0 0 0 0 0 0 0 0 0 0 0 0 0 0 0 0 0 0 0 0]
[372030111635102297321842651792930864670529020599625691942971260553809566516800309751221283297189996244888809605589396073433603221020255142095544477808566648473124419162568669653167551981761620717375 0 0 0 0 0 0 0 0 0 0 0 0 0 0 0 0 0 0 0 0 0 0 0 0 0 0 0 0 0 0 0 1 0 0 0 0 0 0 0 0 0 0 0 0 0 0 0 0 0 0 0 0 0 0 0 0 0 0 0 0 0 0 0 0 0]
[3060051062734899282673657459460836250223263405637533635631839468808870401445006967756911839696283485719870563929724337707844714643651965263041975960478040433510147524349857127721771517249214450387383 0 0 0 0 0 0 0 0 0 0 0 0 0 0 0 0 0 0 0 0 0 0 0 0 0 0 0 0 0 0 0 0 1 0 0 0 0 0 0 0 0 0 0 0 0 0 0 0 0 0 0 0 0 0 0 0 0 0 0 0 0 0 0 0 0]
[2690517824611958795155998497858705031929716306088236617947728771743736065011054846712566615915428056876317145294228622208003405906572363568983557866302777461187524499666407563214607624631914238798504 0 0 0 0 0 0 0 0 0 0 0 0 0 0 0 0 0 0 0 0 0 0 0 0 0 0 0 0 0 0 0 0 0 1 0 0 0 0 0 0 0 0 0 0 0 0 0 0 0 0 0 0 0 0 0 0 0 0 0 0 0 0 0 0 0]
[85901260727945550470414449697164958142728994204853171787896850063109267941413669385569130113188413815126751168005520226286451467506027529775472555719033997090084717130975903751363388322480150003582 0 0 0 0 0 0 0 0 0 0 0 0 0 0 0 0 0 0 0 0 0 0 0 0 0 0 0 0 0 0 0 0 0 0 1 0 0 0 0 0 0 0 0 0 0 0 0 0 0 0 0 0 0 0 0 0 0 0 0 0 0 0 0 0 0]
[4454147147183953110138919935403277177541980703617601214633357582628059270453244206330515502923276594945611007920347268550935056932302838220252732978980415518883765441496719034967984614560539124591420 0 0 0 0 0 0 0 0 0 0 0 0 0 0 0 0 0 0 0 0 0 0 0 0 0 0 0 0 0 0 0 0 0 0 0 1 0 0 0 0 0 0 0 0 0 0 0 0 0 0 0 0 0 0 0 0 0 0 0 0 0 0 0 0 0]
[4062604177286585166897750396606684843895670219134197987594335925272442197018473564552717465858117799570205155282028505984567174320539921862911769321986896339656422523787995958145238660293938376522264 0 0 0 0 0 0 0 0 0 0 0 0 0 0 0 0 0 0 0 0 0 0 0 0 0 0 0 0 0 0 0 0 0 0 0 0 1 0 0 0 0 0 0 0 0 0 0 0 0 0 0 0 0 0 0 0 0 0 0 0 0 0 0 0 0]
[1267483244962408223222118474500533897519587229591485725205451721075812308528597171965449198794681404989753203283406418504085653350757333620080776310257767759391884746661498259102812113348939136740579 0 0 0 0 0 0 0 0 0 0 0 0 0 0 0 0 0 0 0 0 0 0 0 0 0 0 0 0 0 0 0 0 0 0 0 0 0 1 0 0 0 0 0 0 0 0 0 0 0 0 0 0 0 0 0 0 0 0 0 0 0 0 0 0 0]
[127466901367040469809861440487000279912699317901970549517764345601835786663401529756671151272057700454749349668714976612163237503558979044982938984347219502515330372407212758679759326517895504705802 0 0 0 0 0 0 0 0 0 0 0 0 0 0 0 0 0 0 0 0 0 0 0 0 0 0 0 0 0 0 0 0 0 0 0 0 0 0 1 0 0 0 0 0 0 0 0 0 0 0 0 0 0 0 0 0 0 0 0 0 0 0 0 0 0]
[19060652119387661142934631367127967151029907348185608033109743708311366483545576406651718113401942532647867252850653170427385801247129697895529337520912313778529019869746273240196778118422296788025 0 0 0 0 0 0 0 0 0 0 0 0 0 0 0 0 0 0 0 0 0 0 0 0 0 0 0 0 0 0 0 0 0 0 0 0 0 0 0 1 0 0 0 0 0 0 0 0 0 0 0 0 0 0 0 0 0 0 0 0 0 0 0 0 0]
[4289874511128487431752834366160332569410790528019255287794244644695399493561017888246461779681939421850943338384963212166192167277145115651653804026508507086042945907652326890440191897607076527883395 0 0 0 0 0 0 0 0 0 0 0 0 0 0 0 0 0 0 0 0 0 0 0 0 0 0 0 0 0 0 0 0 0 0 0 0 0 0 0 0 1 0 0 0 0 0 0 0 0 0 0 0 0 0 0 0 0 0 0 0 0 0 0 0 0]
[277908808316877639216073137576558186593570776691432775154351049599368833489643141098054591606903450579129799369295898370091920240904989942253037297629590274463138524750077462648179185292766000614997 0 0 0 0 0 0 0 0 0 0 0 0 0 0 0 0 0 0 0 0 0 0 0 0 0 0 0 0 0 0 0 0 0 0 0 0 0 0 0 0 0 1 0 0 0 0 0 0 0 0 0 0 0 0 0 0 0 0 0 0 0 0 0 0 0]
[4189476996747524517665357581605865232906348272894988384423795815457905041138855878442018793249772554795833018717950348535372000756093311497243566873285340885263265570669213914085900631565536317470358 0 0 0 0 0 0 0 0 0 0 0 0 0 0 0 0 0 0 0 0 0 0 0 0 0 0 0 0 0 0 0 0 0 0 0 0 0 0 0 0 0 0 1 0 0 0 0 0 0 0 0 0 0 0 0 0 0 0 0 0 0 0 0 0 0]
[416221655473176565119913854241124668209841638524617636201399978552495692730161265698869753227033573622760535354116361182538449888275885221754629392673264836006657196170344580919792205186289523057921 0 0 0 0 0 0 0 0 0 0 0 0 0 0 0 0 0 0 0 0 0 0 0 0 0 0 0 0 0 0 0 0 0 0 0 0 0 0 0 0 0 0 0 1 0 0 0 0 0 0 0 0 0 0 0 0 0 0 0 0 0 0 0 0 0]
[296999479650844694003586476095328072984636596554906387928470323595501777960587223633776117883748536387657894442230025366839011208138938726387208774302959315592662911641133198856969640129479423582364 0 0 0 0 0 0 0 0 0 0 0 0 0 0 0 0 0 0 0 0 0 0 0 0 0 0 0 0 0 0 0 0 0 0 0 0 0 0 0 0 0 0 0 0 1 0 0 0 0 0 0 0 0 0 0 0 0 0 0 0 0 0 0 0 0]
[689161856104351227570963488292695258854000995674136262242044485893338649255436037482179832689141747131773588194403628538723544776638524556060992423481784216130829302269815073876955598617562967191657 0 0 0 0 0 0 0 0 0 0 0 0 0 0 0 0 0 0 0 0 0 0 0 0 0 0 0 0 0 0 0 0 0 0 0 0 0 0 0 0 0 0 0 0 0 1 0 0 0 0 0 0 0 0 0 0 0 0 0 0 0 0 0 0 0]
[2158681611643980546753931008406194411202580429787028215426240921121520541117536235326284414334604669914212527230079210756364650858360950011513668361461215995182232534731050013829729287755438979415439 0 0 0 0 0 0 0 0 0 0 0 0 0 0 0 0 0 0 0 0 0 0 0 0 0 0 0 0 0 0 0 0 0 0 0 0 0 0 0 0 0 0 0 0 0 0 1 0 0 0 0 0 0 0 0 0 0 0 0 0 0 0 0 0 0]
[1334862857702233617258494347876102254395489655351345294971614970461834000706953120068215328348824743541320282009193709332410447804952905900093885469303710073507078328581615119934906065006691067364048 0 0 0 0 0 0 0 0 0 0 0 0 0 0 0 0 0 0 0 0 0 0 0 0 0 0 0 0 0 0 0 0 0 0 0 0 0 0 0 0 0 0 0 0 0 0 0 1 0 0 0 0 0 0 0 0 0 0 0 0 0 0 0 0 0]
[2362332307385289314534362159295978860317798451809210911143253220862481282839098456264087435076954754883382615888274515097482746314824754124411250921982934759128108462358011315729885684388399867040370 0 0 0 0 0 0 0 0 0 0 0 0 0 0 0 0 0 0 0 0 0 0 0 0 0 0 0 0 0 0 0 0 0 0 0 0 0 0 0 0 0 0 0 0 0 0 0 0 1 0 0 0 0 0 0 0 0 0 0 0 0 0 0 0 0]
[4393343441513064744397097154906749687307824688214303141459339228136215305736385494218622197890212590128037929436215314514085769617929096052621666453033268263291407583590831022487278716613987005447204 0 0 0 0 0 0 0 0 0 0 0 0 0 0 0 0 0 0 0 0 0 0 0 0 0 0 0 0 0 0 0 0 0 0 0 0 0 0 0 0 0 0 0 0 0 0 0 0 0 1 0 0 0 0 0 0 0 0 0 0 0 0 0 0 0]
[4345812550084193416693633463204658762336301150078787788702544296267202666177332714776058362799343124139388345266749773874864224035705787825563587497843432495631508634369590194202568792154744575337343 0 0 0 0 0 0 0 0 0 0 0 0 0 0 0 0 0 0 0 0 0 0 0 0 0 0 0 0 0 0 0 0 0 0 0 0 0 0 0 0 0 0 0 0 0 0 0 0 0 0 1 0 0 0 0 0 0 0 0 0 0 0 0 0 0]
[3313552541438234631913230264120974869953086274802314025540982469089524550919680154233573461433216423210621407316162122891002174887499890648793461948768351473590102845949472046342616630858237280311957 0 0 0 0 0 0 0 0 0 0 0 0 0 0 0 0 0 0 0 0 0 0 0 0 0 0 0 0 0 0 0 0 0 0 0 0 0 0 0 0 0 0 0 0 0 0 0 0 0 0 0 1 0 0 0 0 0 0 0 0 0 0 0 0 0]
[1675328225841849029547325102603314441960986476880630624611426073992573283982255604239727891662113401186613258581091178817165430185458154665828461514646546664939259503768439585165052011538955694436280 0 0 0 0 0 0 0 0 0 0 0 0 0 0 0 0 0 0 0 0 0 0 0 0 0 0 0 0 0 0 0 0 0 0 0 0 0 0 0 0 0 0 0 0 0 0 0 0 0 0 0 0 1 0 0 0 0 0 0 0 0 0 0 0 0]
[1076384634550423129894748023607352794920155640571343505106894979113088145119851554698020930299912152345600350905957324232533967917114241863099104486238028955504003894268826450897436904167996343534728 0 0 0 0 0 0 0 0 0 0 0 0 0 0 0 0 0 0 0 0 0 0 0 0 0 0 0 0 0 0 0 0 0 0 0 0 0 0 0 0 0 0 0 0 0 0 0 0 0 0 0 0 0 1 0 0 0 0 0 0 0 0 0 0 0]
[300380401320391371538969115194730272992127075700953419207472303031768973563402044301288855911350527119126908203928677634997627886540267115776333556840887612105968818285517570795794737738413114509005 0 0 0 0 0 0 0 0 0 0 0 0 0 0 0 0 0 0 0 0 0 0 0 0 0 0 0 0 0 0 0 0 0 0 0 0 0 0 0 0 0 0 0 0 0 0 0 0 0 0 0 0 0 0 1 0 0 0 0 0 0 0 0 0 0]
[1410518703431968547792943069885048235993565940179137577266406041934692693919412713663285185545154979288727238185712348549342840008442138849866414152918538606841156658116522951618354832493791765139382 0 0 0 0 0 0 0 0 0 0 0 0 0 0 0 0 0 0 0 0 0 0 0 0 0 0 0 0 0 0 0 0 0 0 0 0 0 0 0 0 0 0 0 0 0 0 0 0 0 0 0 0 0 0 0 1 0 0 0 0 0 0 0 0 0]
[2724686883635593634481198914378064141042251510603653644587835743373568070095529710045465693041509045276765007814468834166064927676123800577166181865796543353084476306965963642979755453169643184179400 0 0 0 0 0 0 0 0 0 0 0 0 0 0 0 0 0 0 0 0 0 0 0 0 0 0 0 0 0 0 0 0 0 0 0 0 0 0 0 0 0 0 0 0 0 0 0 0 0 0 0 0 0 0 0 0 1 0 0 0 0 0 0 0 0]
[1280894509190972818730585570753778382065720930790451021298254928238540870672524217218442129890414229334097063458518748569145420710645682981784695040742862029538792359594114669876055948313484059720222 0 0 0 0 0 0 0 0 0 0 0 0 0 0 0 0 0 0 0 0 0 0 0 0 0 0 0 0 0 0 0 0 0 0 0 0 0 0 0 0 0 0 0 0 0 0 0 0 0 0 0 0 0 0 0 0 0 1 0 0 0 0 0 0 0]
[4136689772754514295685869411344071933212369547926857060458640115046850213629284197571976330924037169025607986498824951343088738212092446746384681736315309876319793318085048951714962109612711329005898 0 0 0 0 0 0 0 0 0 0 0 0 0 0 0 0 0 0 0 0 0 0 0 0 0 0 0 0 0 0 0 0 0 0 0 0 0 0 0 0 0 0 0 0 0 0 0 0 0 0 0 0 0 0 0 0 0 0 1 0 0 0 0 0 0]
[1914897146145626142738691557998733980851519560134999592361604765917374535882409767033399762879838846501324357155297991063354769102858117280603392857901141097072617003396771951088776698881170858311834 0 0 0 0 0 0 0 0 0 0 0 0 0 0 0 0 0 0 0 0 0 0 0 0 0 0 0 0 0 0 0 0 0 0 0 0 0 0 0 0 0 0 0 0 0 0 0 0 0 0 0 0 0 0 0 0 0 0 0 1 0 0 0 0 0]
[2836443569652757727491402500049935341344951295921396261800509723041927157067716701150041202674834643912780081081651718827261788162053134526322163354570296693040152604601688540373642093975722890201905 0 0 0 0 0 0 0 0 0 0 0 0 0 0 0 0 0 0 0 0 0 0 0 0 0 0 0 0 0 0 0 0 0 0 0 0 0 0 0 0 0 0 0 0 0 0 0 0 0 0 0 0 0 0 0 0 0 0 0 0 1 0 0 0 0]
[1879350204304372758891511408620344008814547275276846710183785381993305649718232475432265756994898615527986143568097728765230306393065776896516516073217495591155855037313776863882743375158570032737312 0 0 0 0 0 0 0 0 0 0 0 0 0 0 0 0 0 0 0 0 0 0 0 0 0 0 0 0 0 0 0 0 0 0 0 0 0 0 0 0 0 0 0 0 0 0 0 0 0 0 0 0 0 0 0 0 0 0 0 0 0 1 0 0 0]
[1225512373025571891641508660952647120532458802947090511771558568528431571585284286412192660329986152778140751984860321015286799244189189850651411270850911019448071460448035994742500006419120338499072 0 0 0 0 0 0 0 0 0 0 0 0 0 0 0 0 0 0 0 0 0 0 0 0 0 0 0 0 0 0 0 0 0 0 0 0 0 0 0 0 0 0 0 0 0 0 0 0 0 0 0 0 0 0 0 0 0 0 0 0 0 0 1 0 0]
[413986329982374254021466283370316458973132833769870663569412561953680753205437789410347110065125391616193305335341830654958874891898769039613236485640588889425870394371445866672029564091604514256020 0 0 0 0 0 0 0 0 0 0 0 0 0 0 0 0 0 0 0 0 0 0 0 0 0 0 0 0 0 0 0 0 0 0 0 0 0 0 0 0 0 0 0 0 0 0 0 0 0 0 0 0 0 0 0 0 0 0 0 0 0 0 0 1 0]
[2323217376858626354290423266211545004187675704920139103169086236337243616553185240473771413487258938481751480464521252773884857252625744101096783092462051631922118706935687725308083015974633630146929 0 0 0 0 0 0 0 0 0 0 0 0 0 0 0 0 0 0 0 0 0 0 0 0 0 0 0 0 0 0 0 0 0 0 0 0 0 0 0 0 0 0 0 0 0 0 0 0 0 0 0 0 0 0 0 0 0 0 0 0 0 0 0 0 1]
]
66 67 3
[1 1 1 1 1 1 1 1 1 1 1 1 1 1 1 1 1 1 1 1 1 1 1 1 1 1 1 1 1 1 1 1 1 1 1 1 1 1 1 1 1 1 1 1 1 1 1 1 1 1 1 1 1 1 1 1 1 1 1 1 1 1 1 1 1 1 1]
