[[2894766979932412203317258070332694452995455584544295670749942186678947059075794546397474144062025304686071134992380018897498830195154574172052915444593359356980111412230368517193678075124130956298911 0 0 0 0 0 0 0 0 0 0 0 0 0 0 0 0 0 0 0 0 0 0 0 0 0 0 0 0 0 0 0 0 0 0 0 0 0 0 0 0 0 0 0 0 0 0 0 0 0 0 0 0 0 0 0 0 0 0 0 0 0 0 0 0 0]
[2711218196773826008788376948513805166318193306192792575899661128012644988725787407195523249786711847816409083123822713479943503317226403102211553983880787901382176125084856280045310727476381719636960 1 0 0 0 0 0 0 0 0 0 0 0 0 0 0 0 0 0 0 0 0 0 0 0 0 0 0 0 0 0 0 0 0 0 0 0 0 0 0 0 0 0 0 0 0 0 0 0 0 0 0 0 0 0 0 0 0 0 0 0 0 0 0 0 0]
[1163605361766953447137443994945396630829736856013492554181408371360937446836053622320898972128486031914649535388405995125942074539606480045925056128911750079625130061440982988102650037400403905357952 0 1 0 0 0 0 0 0 0 0 0 0 0 0 0 0 0 0 0 0 0 0 0 0 0 0 0 0 0 0 0 0 0 0 0 0 0 0 0 0 0 0 0 0 0 0 0 0 0 0 0 0 0 0 0 0 0 0 0 0 0 0 0 0 0]
[1056373060482772271503331881764038007634156838652446469552627535743627098530334295372026959593407095550347694814237004120060761984086823847464527113898145973548604993156682476384540401173466601005439 0 0 1 0 0 0 0 0 0 0 0 0 0 0 0 0 0 0 0 0 0 0 0 0 0 0 0 0 0 0 0 0 0 0 0 0 0 0 0 0 0 0 0 0 0 0 0 0 0 0 0 0 0 0 0 0 0 0 0 0 0 0 0 0 0]
[2767917666235651269879095064289407645538287436055395172560048952012606617553932654551570302519646596765535401645927427771464468045996374920120743970605619241661816339737772719342789217665886218643047 0 0 0 1 0 0 0 0 0 0 0 0 0 0 0 0 0 0 0 0 0 0 0 0 0 0 0 0 0 0 0 0 0 0 0 0 0 0 0 0 0 0 0 0 0 0 0 0 0 0 0 0 0 0 0 0 0 0 0 0 0 0 0 0 0]
[2297566915605990052628484747253040207400039076464618033035062275991656040278255809354815575319909638865272495014546244272773730124951719535751863117360345574495608102946665202426877979582745722905830 0 0 0 0 1 0 0 0 0 0 0 0 0 0 0 0 0 0 0 0 0 0 0 0 0 0 0 0 0 0 0 0 0 0 0 0 0 0 0 0 0 0 0 0 0 0 0 0 0 0 0 0 0 0 0 0 0 0 0 0 0 0 0 0 0]
[223222865697025898878512881600513724219010503028981698633038985322438698694583217257718767791302479112498574575377620230901725292079981241967122328072633011591938180182061232106030879015560317947513 0 0 0 0 0 1 0 0 0 0 0 0 0 0 0 0 0 0 0 0 0 0 0 0 0 0 0 0 0 0 0 0 0 0 0 0 0 0 0 0 0 0 0 0 0 0 0 0 0 0 0 0 0 0 0 0 0 0 0 0 0 0 0 0 0]
[299977523791375688090516368584497915828252920648033792274420099312664750186832107784357977041071513527348179746588207113958127329316266954879725767460561046829678794812301263904617130288738531606974 0 0 0 0 0 0 1 0 0 0 0 0 0 0 0 0 0 0 0 0 0 0 0 0 0 0 0 0 0 0 0 0 0 0 0 0 0 0 0 0 0 0 0 0 0 0 0 0 0 0 0 0 0 0 0 0 0 0 0 0 0 0 0 0 0]
[805726770191991402332044030408069111509611844009222252458418169635687846362981249248145923619402598112166506543002732574750620769604177481518722927832335461002931590978565017891803695363995801771022 0 0 0 0 0 0 0 1 0 0 0 0 0 0 0 0 0 0 0 0 0 0 0 0 0 0 0 0 0 0 0 0 0 0 0 0 0 0 0 0 0 0 0 0 0 0 0 0 0 0 0 0 0 0 0 0 0 0 0 0 0 0 0 0 0]
[792501364895754962966899536589914125642064186244522379872158078338181783967671087863333336670928292491201369892685420867984466758650960085770359104248656517103251965897795443358724303142206915940597 0 0 0 0 0 0 0 0 1 0 0 0 0 0 0 0 0 0 0 0 0 0 0 0 0 0 0 0 0 0 0 0 0 0 0 0 0 0 0 0 0 0 0 0 0 0 0 0 0 0 0 0 0 0 0 0 0 0 0 0 0 0 0 0 0]
[1492089236778030896004902009480179881729194543039355195087167030024729513297376345136965408285305128133748249510505931705733544190223246683480693852538098431220037192352927781042167405509686529582139 0 0 0 0 0 0 0 0 0 1 0 0 0 0 0 0 0 0 0 0 0 0 0 0 0 0 0 0 0 0 0 0 0 0 0 0 0 0 0 0 0 0 0 0 0 0 0 0 0 0 0 0 0 0 0 0 0 0 0 0 0 0 0 0 0]
[2328680669208302596297107731329257599619630413269556274530517887181111008004907466240697786885886215550140667052446742406275621080111078497931108643650024992881160471246436776384078685071656198274856 0 0 0 0 0 0 0 0 0 0 1 0 0 0 0 0 0 0 0 0 0 0 0 0 0 0 0 0 0 0 0 0 0 0 0 0 0 0 0 0 0 0 0 0 0 0 0 0 0 0 0 0 0 0 0 0 0 0 0 0 0 0 0 0 0]
[2471048231941292831838392380340920697331213072871882950011391966415182589627454002634979699714909190871195858331744605758867740956259464267744039630059543683712376140944612749598329413912414391837124 0 0 0 0 0 0 0 0 0 0 0 1 0 0 0 0 0 0 0 0 0 0 0 0 0 0 0 0 0 0 0 0 0 0 0 0 0 0 0 0 0 0 0 0 0 0 0 0 0 0 0 0 0 0 0 0 0 0 0 0 0 0 0 0 0]
[1845127037754017873537746568027781008952425588756905668018246474473825911752125079443550307968315687905850036677468812087947437763638808454742780299308494003084667608300106811750262263586033992122314 0 0 0 0 0 0 0 0 0 0 0 0 1 0 0 0 0 0 0 0 0 0 0 0 0 0 0 0 0 0 0 0 0 0 0 0 0 0 0 0 0 0 0 0 0 0 0 0 0 0 0 0 0 0 0 0 0 0 0 0 0 0 0 0 0]
[326493322441754414652898971477266177539067039266057172007448186958876172330828876990088882135950249222044827126131650969722403146255788597029950823012868200260545936310290314408550747524618929962560 0 0 0 0 0 0 0 0 0 0 0 0 0 1 0 0 0 0 0 0 0 0 0 0 0 0 0 0 0 0 0 0 0 0 0 0 0 0 0 0 0 0 0 0 0 0 0 0 0 0 0 0 0 0 0 0 0 0 0 0 0 0 0 0 0]
[2832656562453576693914636901557487878644806354305763188700552460761012866420499770231323726058425650588062224721679849866958981471063753877069429472340173032158771102341251715464819528578314092309301 0 0 0 0 0 0 0 0 0 0 0 0 0 0 1 0 0 0 0 0 0 0 0 0 0 0 0 0 0 0 0 0 0 0 0 0 0 0 0 0 0 0 0 0 0 0 0 0 0 0 0 0 0 0 0 0 0 0 0 0 0 0 0 0 0]
[1877078480978220510973029771629906598300499349958262893367793429152545258724994429086551587568824228208660704396627886631909180794689551268136898801222691037770142201217275011968667308797028653014581 0 0 0 0 0 0 0 0 0 0 0 0 0 0 0 1 0 0 0 0 0 0 0 0 0 0 0 0 0 0 0 0 0 0 0 0 0 0 0 0 0 0 0 0 0 0 0 0 0 0 0 0 0 0 0 0 0 0 0 0 0 0 0 0 0]
[1038239146302318825828019168247790681840393341900508533980274968073844933313648586106436040178791467504746131140456158594865261039714430643860247847177739003836784636218356274363594537622696334097560 0 0 0 0 0 0 0 0 0 0 0 0 0 0 0 0 1 0 0 0 0 0 0 0 0 0 0 0 0 0 0 0 0 0 0 0 0 0 0 0 0 0 0 0 0 0 0 0 0 0 0 0 0 0 0 0 0 0 0 0 0 0 0 0 0]
[889526884280740419743057417621679704965782422795336389238908852681853622456210527829309579983904245226141804791527857526824462030890520649074344261767381766084687941085121248463464410027073200130997 0 0 0 0 0 0 0 0 0 0 0 0 0 0 0 0 0 1 0 0 0 0 0 0 0 0 0 0 0 0 0 0 0 0 0 0 0 0 0 0 0 0 0 0 0 0 0 0 0 0 0 0 0 0 0 0 0 0 0 0 0 0 0 0 0]
[232143288634674451939077161921378576913898201113002346304307891299040278753532947148716662225436276480514716317191052043911157272615371191860251519788888699915414511805962147721845274841549992024828 0 0 0 0 0 0 0 0 0 0 0 0 0 0 0 0 0 0 1 0 0 0 0 0 0 0 0 0 0 0 0 0 0 0 0 0 0 0 0 0 0 0 0 0 0 0 0 0 0 0 0 0 0 0 0 0 0 0 0 0 0 0 0 0 0]
[1911781790484417477054034532358113418912954893187236883651026366895059992750056866353759103772554778989080098159330495109576478181592536608769715344561059682953722802159648436803563009922824639426130 0 0 0 0 0 0 0 0 0 0 0 0 0 0 0 0 0 0 0 1 0 0 0 0 0 0 0 0 0 0 0 0 0 0 0 0 0 0 0 0 0 0 0 0 0 0 0 0 0 0 0 0 0 0 0 0 0 0 0 0 0 0 0 0 0]
[1633908808319031585625725501483664498825839002868350035218293608513211457948888831805799582395062157696724527651577528813427388829393657526533252837325441203623026345860324097850143194206848564327377 0 0 0 0 0 0 0 0 0 0 0 0 0 0 0 0 0 0 0 0 1 0 0 0 0 0 0 0 0 0 0 0 0 0 0 0 0 0 0 0 0 0 0 0 0 0 0 0 0 0 0 0 0 0 0 0 0 0 0 0 0 0 0 0 0]
[1373192421350134862057459930292442412555690619781254184111184787878367281540920033817209544065450583959851815333613057285275725611528300145243278571097708180829182016887882178556765317667052217991875 0 0 0 0 0 0 0 0 0 0 0 0 0 0 0 0 0 0 0 0 0 1 0 0 0 0 0 0 0 0 0 0 0 0 0 0 0 0 0 0 0 0 0 0 0 0 0 0 0 0 0 0 0 0 0 0 0 0 0 0 0 0 0 0 0]
[350225919187235817885035135308228418464916105066077416134431700592943046850653703278329710752157475315216221665695809926642651056256945255642414757087666855298739555292816858689488662810452568750054 0 0 0 0 0 0 0 0 0 0 0 0 0 0 0 0 0 0 0 0 0 0 1 0 0 0 0 0 0 0 0 0 0 0 0 0 0 0 0 0 0 0 0 0 0 0 0 0 0 0 0 0 0 0 0 0 0 0 0 0 0 0 0 0 0]
[10657195386303691984858619401348288267766161771166955529655810454047854746365235879950753141143857906438269472600620997838501393794667584328108633055696824294270693579253027275083216450092387527811 0 0 0 0 0 0 0 0 0 0 0 0 0 0 0 0 0 0 0 0 0 0 0 1 0 0 0 0 0 0 0 0 0 0 0 0 0 0 0 0 0 0 0 0 0 0 0 0 0 0 0 0 0 0 0 0 0 0 0 0 0 0 0 0 0]
[486593961817035016404612625618375506656951303996112463033104788329386101616483467681944365025055172601093743170612532882551544316905095999181665529861052544804263185387032945916839848381775999381113 0 0 0 0 0 0 0 0 0 0 0 0 0 0 0 0 0 0 0 0 0 0 0 0 1 0 0 0 0 0 0 0 0 0 0 0 0 0 0 0 0 0 0 0 0 0 0 0 0 0 0 0 0 0 0 0 0 0 0 0 0 0 0 0 0]
[2376959029440609244164845362013522216957293323780798335794429494306735925437638019087157219037786750955962417460838115042044412957577153605010373943174276270495119847161249868564610676189706596525751 0 0 0 0 0 0 0 0 0 0 0 0 0 0 0 0 0 0 0 0 0 0 0 0 0 1 0 0 0 0 0 0 0 0 0 0 0 0 0 0 0 0 0 0 0 0 0 0 0 0 0 0 0 0 0 0 0 0 0 0 0 0 0 0 0]
[544566510444521374781111645600938692054272218224759995234210278143512881579798231496482253607962942003797583677907424301289047609277423247796766903754665890473861471240221852003886845014910235468556 0 0 0 0 0 0 0 0 0 0 0 0 0 0 0 0 0 0 0 0 0 0 0 0 0 0 1 0 0 0 0 0 0 0 0 0 0 0 0 0 0 0 0 0 0 0 0 0 0 0 0 0 0 0 0 0 0 0 0 0 0 0 0 0 0]
[417934110230831808009365858852482483292195391847642021355664242474260379259892659297774461830010808823616658621989423122057299376991533329061956874600827939007198436112709651413769527634388114016465 0 0 0 0 0 0 0 0 0 0 0 0 0 0 0 0 0 0 0 0 0 0 0 0 0 0 0 1 0 0 0 0 0 0 0 0 0 0 0 0 0 0 0 0 0 0 0 0 0 0 0 0 0 0 0 0 0 0 0 0 0 0 0 0 0]
[2062073739585415503059987628952962904733980044931413133624886989925024515218473752809707888493740148090866349362997539522227034752828991961313017409887913469323687214124470425186304394610504497290635 0 0 0 0 0 0 0 0 0 0 0 0 0 0 0 0 0 0 0 0 0 0 0 0 0 0 0 0 1 0 0 0 0 0 0 0 0 0 0 0 0 0 0 0 0 0 0 0 0 0 0 0 0 0 0 0 0 0 0 0 0 0 0 0 0]
[2293980094343096656162179233490546022494448674795200896300575199442081685149602287124310248336608277926590355578957818503237928433945664611817049646811288347453800504999306595825511446503635580929173 0 0 0 0 0 0 0 0 0 0 0 0 0 0 0 0 0 0 0 0 0 0 0 0 0 0 0 0 0 1 0 0 0 0 0 0 0 0 0 0 0 0 0 0 0 0 0 0 0 0 0 0 0 0 0 0 0 0 0 0 0 0 0 0 0]
[279141161859167074524595738139374034764426078345824702873402820698531454724228874809198071849424366992529361634496518955529139618201359087875887535916338530991434373262581527687108864428733519764796 0 0 0 0 0 0 0 0 0 0 0 0 0 0 0 0 0 0 0 0 0 0 0 0 0 0 0 0 0 0 1 0 0 0 0 0 0 0 0 0 0 0 0 0 0 0 0 0 0 0 0 0 0 0 0 0 0 0 0 0 0 0 0 0 0]
[105294107342924249674010078644019797800671157727329125002491434160802479887467218174091770282475923486034340429132364309192260329300041001492765024605204863893127251069221156235458302530675879846100 0 0 0 0 0 0 0 0 0 0 0 0 0 0 0 0 0 0 0 0 0 0 0 0 0 0 0 0 0 0 0 1 0 0 0 0 0 0 0 0 0 0 0 0 0 0 0 0 0 0 0 0 0 0 0 0 0 0 0 0 0 0 0 0 0]
[1282480905319059070700000273318817855908421683861185740771195188237858574184284665682781975694269130744491233768103201758612689214100120629593516299525398135557826867147915490763899053055270850484227 0 0 0 0 0 0 0 0 0 0 0 0 0 0 0 0 0 0 0 0 0 0 0 0 0 0 0 0 0 0 0 0 1 0 0 0 0 0 0 0 0 0 0 0 0 0 0 0 0 0 0 0 0 0 0 0 0 0 0 0 0 0 0 0 0]
[596116889756918332275362481430777611944954317116617276526133161543039546506313261902077044685397928486425958723572288571295861126721379084215068450236653989421253818591884168337360205498829747220493 0 0 0 0 0 0 0 0 0 0 0 0 0 0 0 0 0 0 0 0 0 0 0 0 0 0 0 0 0 0 0 0 0 1 0 0 0 0 0 0 0 0 0 0 0 0 0 0 0 0 0 0 0 0 0 0 0 0 0 0 0 0 0 0 0]
[2318908420419343929651033300416233860117756417605240315132716887012106414384277133243776359015508449803636309948346634514985053695525227403797576466656172986962931612442959799265996325420960562671654 0 0 0 0 0 0 0 0 0 0 0 0 0 0 0 0 0 0 0 0 0 0 0 0 0 0 0 0 0 0 0 0 0 0 1 0 0 0 0 0 0 0 0 0 0 0 0 0 0 0 0 0 0 0 0 0 0 0 0 0 0 0 0 0 0]
[1763380881139241414005917922241828259143619744990797369413181642873154285536501835292915042668962414161399061505467903827923710075404370351596856171199111060352464353917398787407251536392248859317284 0 0 0 0 0 0 0 0 0 0 0 0 0 0 0 0 0 0 0 0 0 0 0 0 0 0 0 0 0 0 0 0 0 0 0 1 0 0 0 0 0 0 0 0 0 0 0 0 0 0 0 0 0 0 0 0 0 0 0 0 0 0 0 0 0]
[293089463045635775650873608425134274130463865947584594147697924826526413877602701847777440473976906517650028851079482787361277321785346649490657655883360798708965919472751220203088373563263861423520 0 0 0 0 0 0 0 0 0 0 0 0 0 0 0 0 0 0 0 0 0 0 0 0 0 0 0 0 0 0 0 0 0 0 0 0 1 0 0 0 0 0 0 0 0 0 0 0 0 0 0 0 0 0 0 0 0 0 0 0 0 0 0 0 0]
[2299207888637146457448027742175975079336125656161972500002292117065562642164844188849926853975145927837196475068761697333753936674459449936246912369209957111900320686746322448710722345521349659448411 0 0 0 0 0 0 0 0 0 0 0 0 0 0 0 0 0 0 0 0 0 0 0 0 0 0 0 0 0 0 0 0 0 0 0 0 0 1 0 0 0 0 0 0 0 0 0 0 0 0 0 0 0 0 0 0 0 0 0 0 0 0 0 0 0]
[1656995696695778841086755326020392442233209355359369173827343540642701680673182667535104404232615228919146223016924668514499000836625260763411858092281030369214910441605620093862639420379800987844391 0 0 0 0 0 0 0 0 0 0 0 0 0 0 0 0 0 0 0 0 0 0 0 0 0 0 0 0 0 0 0 0 0 0 0 0 0 0 1 0 0 0 0 0 0 0 0 0 0 0 0 0 0 0 0 0 0 0 0 0 0 0 0 0 0]
[2593589722613323230125103695179960322231412105898496203296487869428016919214932188691723909603971235850150176041408448604204758935787607232775874016089355253838236000813836144469179281081390391644223 0 0 0 0 0 0 0 0 0 0 0 0 0 0 0 0 0 0 0 0 0 0 0 0 0 0 0 0 0 0 0 0 0 0 0 0 0 0 0 1 0 0 0 0 0 0 0 0 0 0 0 0 0 0 0 0 0 0 0 0 0 0 0 0 0]
[1481661280762859516604811442259926377089142349354088933812269279171028735215968848410966500787726839921017778276545992072380699088730157713395623734492839881181339986020999522556300086465010923557043 0 0 0 0 0 0 0 0 0 0 0 0 0 0 0 0 0 0 0 0 0 0 0 0 0 0 0 0 0 0 0 0 0 0 0 0 0 0 0 0 1 0 0 0 0 0 0 0 0 0 0 0 0 0 0 0 0 0 0 0 0 0 0 0 0]
[668802609857250338623885050597530225581127656371538874743078036817159725814573134238977254272730453246170672138369895228564463386537621626285087015494667153017745548187567155052285419592114212877195 0 0 0 0 0 0 0 0 0 0 0 0 0 0 0 0 0 0 0 0 0 0 0 0 0 0 0 0 0 0 0 0 0 0 0 0 0 0 0 0 0 1 0 0 0 0 0 0 0 0 0 0 0 0 0 0 0 0 0 0 0 0 0 0 0]
[568305286809376389126182728496189881113633210325233943985158549513677150250644996015648407812558737089715716129406483504077325284627194324107043693743438179942486107599637351884170172473187635096387 0 0 0 0 0 0 0 0 0 0 0 0 0 0 0 0 0 0 0 0 0 0 0 0 0 0 0 0 0 0 0 0 0 0 0 0 0 0 0 0 0 0 1 0 0 0 0 0 0 0 0 0 0 0 0 0 0 0 0 0 0 0 0 0 0]
[1383529303382927114340115342940627706642121786604245461977807514287682410856564902742384099878156494076159053054140992230617389805590768211555251124991262856778683693099935668278719068118059832174635 0 0 0 0 0 0 0 0 0 0 0 0 0 0 0 0 0 0 0 0 0 0 0 0 0 0 0 0 0 0 0 0 0 0 0 0 0 0 0 0 0 0 0 1 0 0 0 0 0 0 0 0 0 0 0 0 0 0 0 0 0 0 0 0 0]
[678596597165527923283551641426614688669640387261691159283421607405514002210340644991480913835246857262742880256638718176130894120325670922849462131952135242046255171620252674326256778803157354233975 0 0 0 0 0 0 0 0 0 0 0 0 0 0 0 0 0 0 0 0 0 0 0 0 0 0 0 0 0 0 0 0 0 0 0 0 0 0 0 0 0 0 0 0 1 0 0 0 0 0 0 0 0 0 0 0 0 0 0 0 0 0 0 0 0]
[416508255014178576003757690325215089612600098670316422485573904131337619512095888394563589764982931691703102895173380311950288784903302249536784622561809430187827898827846232071899117780599666968881 0 0 0 0 0 0 0 0 0 0 0 0 0 0 0 0 0 0 0 0 0 0 0 0 0 0 0 0 0 0 0 0 0 0 0 0 0 0 0 0 0 0 0 0 0 1 0 0 0 0 0 0 0 0 0 0 0 0 0 0 0 0 0 0 0]
[324504344546715977755315420237913072251077443896141468737990634182447747134285330267084611138051100918050141007194770876696668100105039529860357849931786258481909642654816662789408648915502166195556 0 0 0 0 0 0 0 0 0 0 0 0 0 0 0 0 0 0 0 0 0 0 0 0 0 0 0 0 0 0 0 0 0 0 0 0 0 0 0 0 0 0 0 0 0 0 1 0 0 0 0 0 0 0 0 0 0 0 0 0 0 0 0 0 0]
[1645012897454162549817202734179357064215795594481669768790412456817896714695025255350983413561950253244127809747795568568547087354365753598666399885143776483610689706993981035388116691068778243649855 0 0 0 0 0 0 0 0 0 0 0 0 0 0 0 0 0 0 0 0 0 0 0 0 0 0 0 0 0 0 0 0 0 0 0 0 0 0 0 0 0 0 0 0 0 0 0 1 0 0 0 0 0 0 0 0 0 0 0 0 0 0 0 0 0]
[948510604126911025050545862306115248210139797276687472860279476041807494145883152606679773806545067721846454387148339799269229876586965274914105309989158686854764154048755923197061422973209083944267 0 0 0 0 0 0 0 0 0 0 0 0 0 0 0 0 0 0 0 0 0 0 0 0 0 0 0 0 0 0 0 0 0 0 0 0 0 0 0 0 0 0 0 0 0 0 0 0 1 0 0 0 0 0 0 0 0 0 0 0 0 0 0 0 0]
[1970163855626651856625642207134384323767286771880638284536341067390159959625817931141223497402052263996336634084899784160737060636308962282284581173289787913733693648492318757329149409030292467006454 0 0 0 0 0 0 0 0 0 0 0 0 0 0 0 0 0 0 0 0 0 0 0 0 0 0 0 0 0 0 0 0 0 0 0 0 0 0 0 0 0 0 0 0 0 0 0 0 0 1 0 0 0 0 0 0 0 0 0 0 0 0 0 0 0]
[146706972888287975936220320544818956910358033408448671572608685185675599464863246621897175392729271567248952814031728661583170208169591830943603328450320483132319292690363145410626753933395237390571 0 0 0 0 0 0 0 0 0 0 0 0 0 0 0 0 0 0 0 0 0 0 0 0 0 0 0 0 0 0 0 0 0 0 0 0 0 0 0 0 0 0 0 0 0 0 0 0 0 0 1 0 0 0 0 0 0 0 0 0 0 0 0 0 0]
[2266621801966304883582798878114300684212616540252095899691526863567801110652040771612487876562099395249590124975561404449640983428632582679897987417880986823029373523432147032421822577532561435137745 0 0 0 0 0 0 0 0 0 0 0 0 0 0 0 0 0 0 0 0 0 0 0 0 0 0 0 0 0 0 0 0 0 0 0 0 0 0 0 0 0 0 0 0 0 0 0 0 0 0 0 1 0 0 0 0 0 0 0 0 0 0 0 0 0]
[305057156423610042892140702810878269961401817253855184588243795290367665762674605975748631455648123904334892091672993132816500946372745803787101785068543327094868298327581125765355992292143263153697 0 0 0 0 0 0 0 0 0 0 0 0 0 0 0 0 0 0 0 0 0 0 0 0 0 0 0 0 0 0 0 0 0 0 0 0 0 0 0 0 0 0 0 0 0 0 0 0 0 0 0 0 1 0 0 0 0 0 0 0 0 0 0 0 0]
[1390851813061642545064970742959551367703775063335284921970169993149776958823064584416052021819821456762906853149146841485706068418938333179695362305015475192006856652202085058372456224765047373891557 0 0 0 0 0 0 0 0 0 0 0 0 0 0 0 0 0 0 0 0 0 0 0 0 0 0 0 0 0 0 0 0 0 0 0 0 0 0 0 0 0 0 0 0 0 0 0 0 0 0 0 0 0 1 0 0 0 0 0 0 0 0 0 0 0]
[2143174169758290399542907944263858669332490125255476614326837354335744787363356812680539610613320979580465825262752265707280137110295169047676628535492299373932974543275552271870972945107586662556319 0 0 0 0 0 0 0 0 0 0 0 0 0 0 0 0 0 0 0 0 0 0 0 0 0 0 0 0 0 0 0 0 0 0 0 0 0 0 0 0 0 0 0 0 0 0 0 0 0 0 0 0 0 0 1 0 0 0 0 0 0 0 0 0 0]
[931508671348046814774258836708834538914864632060601595093077308092286552821318517024719920084247757157213856316773186145939588451232714168690851767513493980628406999004317349965115760523702902213752 0 0 0 0 0 0 0 0 0 0 0 0 0 0 0 0 0 0 0 0 0 0 0 0 0 0 0 0 0 0 0 0 0 0 0 0 0 0 0 0 0 0 0 0 0 0 0 0 0 0 0 0 0 0 0 1 0 0 0 0 0 0 0 0 0]
[1347907283239761390363123133522306578451127265930454020424964389376510099779961066791186649413530553554656229414528235245354926968380458366879442023525290629070467331629822082421328666794314268349324 0 0 0 0 0 0 0 0 0 0 0 0 0 0 0 0 0 0 0 0 0 0 0 0 0 0 0 0 0 0 0 0 0 0 0 0 0 0 0 0 0 0 0 0 0 0 0 0 0 0 0 0 0 0 0 0 1 0 0 0 0 0 0 0 0]
[345196935850289875832729290929804121028529804707373869869938078096149159285975170901173550468723463952899036289172156210777078194529474615517711308238629750381167805267132579634090117535750276145461 0 0 0 0 0 0 0 0 0 0 0 0 0 0 0 0 0 0 0 0 0 0 0 0 0 0 0 0 0 0 0 0 0 0 0 0 0 0 0 0 0 0 0 0 0 0 0 0 0 0 0 0 0 0 0 0 0 1 0 0 0 0 0 0 0]
[1282620803194173614194373860088965470375944255171008450518269728066675556086443714934599748211157970906746918937171707261285398745861135787725671808007979830095427729916437492640029932418438571400005 0 0 0 0 0 0 0 0 0 0 0 0 0 0 0 0 0 0 0 0 0 0 0 0 0 0 0 0 0 0 0 0 0 0 0 0 0 0 0 0 0 0 0 0 0 0 0 0 0 0 0 0 0 0 0 0 0 0 1 0 0 0 0 0 0]
[1284759292649099589163826520846271855441200445327064674365783916650350606154729327401843575722228343267763709843394480465981819799696208071118738550233904646835447444980182803263606846283772703625291 0 0 0 0 0 0 0 0 0 0 0 0 0 0 0 0 0 0 0 0 0 0 0 0 0 0 0 0 0 0 0 0 0 0 0 0 0 0 0 0 0 0 0 0 0 0 0 0 0 0 0 0 0 0 0 0 0 0 0 1 0 0 0 0 0]
[1601314120963934610918306797477445203944245575693927442408717671157006321908489952111617688155417181201721135753523325763887145631283355943808307172985153653318597974587021104216631036788766019057267 0 0 0 0 0 0 0 0 0 0 0 0 0 0 0 0 0 0 0 0 0 0 0 0 0 0 0 0 0 0 0 0 0 0 0 0 0 0 0 0 0 0 0 0 0 0 0 0 0 0 0 0 0 0 0 0 0 0 0 0 1 0 0 0 0]
[801829605237194997559486784698193727543255076398225816184423005408603452633710827629249575316607716135704229723099719249678312182426835605462675102734475135837101709888706753625815859121305275904796 0 0 0 0 0 0 0 0 0 0 0 0 0 0 0 0 0 0 0 0 0 0 0 0 0 0 0 0 0 0 0 0 0 0 0 0 0 0 0 0 0 0 0 0 0 0 0 0 0 0 0 0 0 0 0 0 0 0 0 0 0 1 0 0 0]
[753266127834961651009765933706010646613682910347368399956001471039572526642845922811262529494390867572413694456570673652473183612971485086976009053798706756749299882898179542096537570055308529111135 0 0 0 0 0 0 0 0 0 0 0 0 0 0 0 0 0 0 0 0 0 0 0 0 0 0 0 0 0 0 0 0 0 0 0 0 0 0 0 0 0 0 0 0 0 0 0 0 0 0 0 0 0 0 0 0 0 0 0 0 0 0 1 0 0]
[399560108602734985077327736331949007043804164890108213564008483507324118377982367033479079909749767583188925901127986113299930952904462340999015828803852968612457176167922985151062584067773655795975 0 0 0 0 0 0 0 0 0 0 0 0 0 0 0 0 0 0 0 0 0 0 0 0 0 0 0 0 0 0 0 0 0 0 0 0 0 0 0 0 0 0 0 0 0 0 0 0 0 0 0 0 0 0 0 0 0 0 0 0 0 0 0 1 0]
[154876387351623938188896916819370731854074793524578070549335975324925214315291794804257666851654080694584627363256874808516906724157192427052620655779524587895492303103778855206208930301022187121897 0 0 0 0 0 0 0 0 0 0 0 0 0 0 0 0 0 0 0 0 0 0 0 0 0 0 0 0 0 0 0 0 0 0 0 0 0 0 0 0 0 0 0 0 0 0 0 0 0 0 0 0 0 0 0 0 0 0 0 0 0 0 0 0 1]
]
66 67 9
[1 1 1 1 1 1 1 1 1 1 1 1 1 1 1 1 1 1 1 1 1 1 1 1 1 1 1 1 1 1 1 1 1 1 1 1 1 1 1 1 1 1 1 1 1 1 1 1 1 1 1 1 1 1 1 1 1 1 1 1 1 1 1 1 1 1 1]
