[[3094902923657931117479429943519772713567765485106088313899238663599986726942828087039158558784100849826537920745740699228135882657436254485735897425374037580220280350655362845403161231485649941944117 0 0 0 0 0 0 0 0 0 0 0 0 0 0 0 0 0 0 0 0 0 0 0 0 0 0 0 0 0 0 0 0 0 0 0 0 0 0 0 0 0 0 0 0 0 0 0 0 0 0 0 0 0 0 0 0 0 0 0 0 0 0 0 0 0]
[1854719307027675588599630111684506039327143733531864091546780645398720312570965312123084214878241468531065174894765297435673775970159219306603984581826456628588598513226602033343796439962716564122662 1 0 0 0 0 0 0 0 0 0 0 0 0 0 0 0 0 0 0 0 0 0 0 0 0 0 0 0 0 0 0 0 0 0 0 0 0 0 0 0 0 0 0 0 0 0 0 0 0 0 0 0 0 0 0 0 0 0 0 0 0 0 0 0 0]
[1124597516101637259842316951127608419667964795072049538331259137825472347305227181668449052250451168655672312804376029751730411934691035022879410387135076819449994946237011690532944317212994081444774 0 1 0 0 0 0 0 0 0 0 0 0 0 0 0 0 0 0 0 0 0 0 0 0 0 0 0 0 0 0 0 0 0 0 0 0 0 0 0 0 0 0 0 0 0 0 0 0 0 0 0 0 0 0 0 0 0 0 0 0 0 0 0 0 0]
[254683354461452440137896964611442800316780338548026709233642727692618119321339486146374402021285933150442217273482196253889765436334298981960522979024331077088746250844877263297637244434670969081520 0 0 1 0 0 0 0 0 0 0 0 0 0 0 0 0 0 0 0 0 0 0 0 0 0 0 0 0 0 0 0 0 0 0 0 0 0 0 0 0 0 0 0 0 0 0 0 0 0 0 0 0 0 0 0 0 0 0 0 0 0 0 0 0 0]
[1156916775961989979544009151743641017177953995263376250150954276631283721456480728263564437405989812015329905253362132074736174787264495624363522563229279604723287387271184029033964230752396750862231 0 0 0 1 0 0 0 0 0 0 0 0 0 0 0 0 0 0 0 0 0 0 0 0 0 0 0 0 0 0 0 0 0 0 0 0 0 0 0 0 0 0 0 0 0 0 0 0 0 0 0 0 0 0 0 0 0 0 0 0 0 0 0 0 0]
[426016616349305613954753198809015439206193767415279219303763316803511336815852883248696421012638284242327365326558039357256928495051238736027446415507192467867102272410975920104316652628813168622985 0 0 0 0 1 0 0 0 0 0 0 0 0 0 0 0 0 0 0 0 0 0 0 0 0 0 0 0 0 0 0 0 0 0 0 0 0 0 0 0 0 0 0 0 0 0 0 0 0 0 0 0 0 0 0 0 0 0 0 0 0 0 0 0 0]
[2268716913866442032318055816047060470675140616319520866604890619331476643670093392288832673725626938306470692256684365641857361996537729448837800606877161153566416469798053929026288156443256653542362 0 0 0 0 0 1 0 0 0 0 0 0 0 0 0 0 0 0 0 0 0 0 0 0 0 0 0 0 0 0 0 0 0 0 0 0 0 0 0 0 0 0 0 0 0 0 0 0 0 0 0 0 0 0 0 0 0 0 0 0 0 0 0 0 0]
[351594205105329695324714091510059182807221991193644627188448222089994745690422689860145902434032505794554282100498669381484559984210376795451076467036084671909952110912505304132267802910209856024148 0 0 0 0 0 0 1 0 0 0 0 0 0 0 0 0 0 0 0 0 0 0 0 0 0 0 0 0 0 0 0 0 0 0 0 0 0 0 0 0 0 0 0 0 0 0 0 0 0 0 0 0 0 0 0 0 0 0 0 0 0 0 0 0 0]
[2336971463793889079756176772525783627483850199287225192144820031593767529902351803976052626513846906445376665300844886158578683656426541169337028770778474875914157564065705168754067585374649929413686 0 0 0 0 0 0 0 1 0 0 0 0 0 0 0 0 0 0 0 0 0 0 0 0 0 0 0 0 0 0 0 0 0 0 0 0 0 0 0 0 0 0 0 0 0 0 0 0 0 0 0 0 0 0 0 0 0 0 0 0 0 0 0 0 0]
[1700892206391437601750238802193334154786577161608936443827617022713168891805830768706552669405855853063237635951313380714661230332915118950345499026480740530022617894559356323580127380136066366281910 0 0 0 0 0 0 0 0 1 0 0 0 0 0 0 0 0 0 0 0 0 0 0 0 0 0 0 0 0 0 0 0 0 0 0 0 0 0 0 0 0 0 0 0 0 0 0 0 0 0 0 0 0 0 0 0 0 0 0 0 0 0 0 0 0]
[1385828068386583068330337218565995483590864104250477280602411656666361476821133489395160728652688059674970744081449555602908919255001167702989429260963680772853218834864251071829464184339359941912842 0 0 0 0 0 0 0 0 0 1 0 0 0 0 0 0 0 0 0 0 0 0 0 0 0 0 0 0 0 0 0 0 0 0 0 0 0 0 0 0 0 0 0 0 0 0 0 0 0 0 0 0 0 0 0 0 0 0 0 0 0 0 0 0 0]
[2602752156361798075793241623477675144670445531000701680160793261930683187122565807471559252324891219285820764715401667160855133917373460293356254616701502017337801116839143967773416626607761379581250 0 0 0 0 0 0 0 0 0 0 1 0 0 0 0 0 0 0 0 0 0 0 0 0 0 0 0 0 0 0 0 0 0 0 0 0 0 0 0 0 0 0 0 0 0 0 0 0 0 0 0 0 0 0 0 0 0 0 0 0 0 0 0 0 0]
[856868516467639871830487048730327342049930157144727734420560602186376644999371747901797198789663607001335387085616940301875673874743997924603180620068005125921015025338821093868295845498947536944535 0 0 0 0 0 0 0 0 0 0 0 1 0 0 0 0 0 0 0 0 0 0 0 0 0 0 0 0 0 0 0 0 0 0 0 0 0 0 0 0 0 0 0 0 0 0 0 0 0 0 0 0 0 0 0 0 0 0 0 0 0 0 0 0 0]
[1371327220019726568401388321024992303343850866563002325969810867887917157900287764909243115954351202221631832898643699194674791857071503814297264628588242758455631183708013542505108553154276732886168 0 0 0 0 0 0 0 0 0 0 0 0 1 0 0 0 0 0 0 0 0 0 0 0 0 0 0 0 0 0 0 0 0 0 0 0 0 0 0 0 0 0 0 0 0 0 0 0 0 0 0 0 0 0 0 0 0 0 0 0 0 0 0 0 0]
[1625234960790775788165528286620333691505314579499720915746333940469810560810050157090317491586990963321950047979189379335142288758274612410316583118177783193799079220952751904668235294284005498890642 0 0 0 0 0 0 0 0 0 0 0 0 0 1 0 0 0 0 0 0 0 0 0 0 0 0 0 0 0 0 0 0 0 0 0 0 0 0 0 0 0 0 0 0 0 0 0 0 0 0 0 0 0 0 0 0 0 0 0 0 0 0 0 0 0]
[2077387432968373993049545362020617965012766844367488233882018847101262015118962292259235709252271461962318903298513997180003353222060396150838198013587554255369007481348700605343223519509392115361088 0 0 0 0 0 0 0 0 0 0 0 0 0 0 1 0 0 0 0 0 0 0 0 0 0 0 0 0 0 0 0 0 0 0 0 0 0 0 0 0 0 0 0 0 0 0 0 0 0 0 0 0 0 0 0 0 0 0 0 0 0 0 0 0 0]
[2173101935997599268753118449625204146622666362871684660278889175279162160128559275368911897775612130602932033442159108918174162404187948640041035815846380203314464350655904552110929161177100878112301 0 0 0 0 0 0 0 0 0 0 0 0 0 0 0 1 0 0 0 0 0 0 0 0 0 0 0 0 0 0 0 0 0 0 0 0 0 0 0 0 0 0 0 0 0 0 0 0 0 0 0 0 0 0 0 0 0 0 0 0 0 0 0 0 0]
[1382703874542915127475204241815793820970464515017959992037394233230026211218135934772634276024161824693345932694327636913987446070614772723934682764361151391995608342484523891799182122329624471121568 0 0 0 0 0 0 0 0 0 0 0 0 0 0 0 0 1 0 0 0 0 0 0 0 0 0 0 0 0 0 0 0 0 0 0 0 0 0 0 0 0 0 0 0 0 0 0 0 0 0 0 0 0 0 0 0 0 0 0 0 0 0 0 0 0]
[2613724554934768591076599207662986738601150604177232786334540961488191953307355519062358855197904275190869119095130907336118369705109219923432335831078614462194718255004071417989238884874204722334627 0 0 0 0 0 0 0 0 0 0 0 0 0 0 0 0 0 1 0 0 0 0 0 0 0 0 0 0 0 0 0 0 0 0 0 0 0 0 0 0 0 0 0 0 0 0 0 0 0 0 0 0 0 0 0 0 0 0 0 0 0 0 0 0 0]
[2819874161214183104115450978447461384748982936437872976585005656322423479042480761542147348528017019348773042396168510787015433673782024438669435295121291727897348505786929317748321773161125018291158 0 0 0 0 0 0 0 0 0 0 0 0 0 0 0 0 0 0 1 0 0 0 0 0 0 0 0 0 0 0 0 0 0 0 0 0 0 0 0 0 0 0 0 0 0 0 0 0 0 0 0 0 0 0 0 0 0 0 0 0 0 0 0 0 0]
[1415573491651460111262556538447181250233733590141111749649258243715699069282808310569725849122790165945381021573984185180613927389703118029557044645587093874113701837289041378452750874888519269361024 0 0 0 0 0 0 0 0 0 0 0 0 0 0 0 0 0 0 0 1 0 0 0 0 0 0 0 0 0 0 0 0 0 0 0 0 0 0 0 0 0 0 0 0 0 0 0 0 0 0 0 0 0 0 0 0 0 0 0 0 0 0 0 0 0]
[35611144617934872291203924578828821633541694665310775359752897420404659960721301073070709792617527044096262958022150600983315255279637470703142739465156941394969966437122828191456182944291297679497 0 0 0 0 0 0 0 0 0 0 0 0 0 0 0 0 0 0 0 0 1 0 0 0 0 0 0 0 0 0 0 0 0 0 0 0 0 0 0 0 0 0 0 0 0 0 0 0 0 0 0 0 0 0 0 0 0 0 0 0 0 0 0 0 0]
[151568853949135778981169559301932727127588791462638769016426267402979173871939322841626219419470334535229773219362533680884634368199974959856048042860783672781200221591287311747435220273299960160613 0 0 0 0 0 0 0 0 0 0 0 0 0 0 0 0 0 0 0 0 0 1 0 0 0 0 0 0 0 0 0 0 0 0 0 0 0 0 0 0 0 0 0 0 0 0 0 0 0 0 0 0 0 0 0 0 0 0 0 0 0 0 0 0 0]
[1282270332397282644959522126698447752210230567327779030425316709190948609478805836749622295884955254129210599489690153371717413608676302994294396246196199769155927979530217407465983084282486017087957 0 0 0 0 0 0 0 0 0 0 0 0 0 0 0 0 0 0 0 0 0 0 1 0 0 0 0 0 0 0 0 0 0 0 0 0 0 0 0 0 0 0 0 0 0 0 0 0 0 0 0 0 0 0 0 0 0 0 0 0 0 0 0 0 0]
[1667536870111466750932831666501879199003454425793342737015173655442888228362467539486726004666588143315861812710474499931575808646890403288478879287528318329674696409961209353668794443114064952636645 0 0 0 0 0 0 0 0 0 0 0 0 0 0 0 0 0 0 0 0 0 0 0 1 0 0 0 0 0 0 0 0 0 0 0 0 0 0 0 0 0 0 0 0 0 0 0 0 0 0 0 0 0 0 0 0 0 0 0 0 0 0 0 0 0]
[224940872715675749209868396033272651057294242368271617171893008397734842862649433918037538724269806887526857169225151925120204456538828410412783352870394058378812465382731900250323210302184503822212 0 0 0 0 0 0 0 0 0 0 0 0 0 0 0 0 0 0 0 0 0 0 0 0 1 0 0 0 0 0 0 0 0 0 0 0 0 0 0 0 0 0 0 0 0 0 0 0 0 0 0 0 0 0 0 0 0 0 0 0 0 0 0 0 0]
[2059932450753743718763421725898062881903254486966709294872335073051130244783481415775749282876440787867826628188037781344215265700280993531572935489748706022157160415767171664042942672614770554657957 0 0 0 0 0 0 0 0 0 0 0 0 0 0 0 0 0 0 0 0 0 0 0 0 0 1 0 0 0 0 0 0 0 0 0 0 0 0 0 0 0 0 0 0 0 0 0 0 0 0 0 0 0 0 0 0 0 0 0 0 0 0 0 0 0]
[2202705284302922163219787846517522876862232035580527523859426692367574072929161978029169820727826139472801819444666524805736050845352808426969654369793979467695673055637850437276397543244125389025413 0 0 0 0 0 0 0 0 0 0 0 0 0 0 0 0 0 0 0 0 0 0 0 0 0 0 1 0 0 0 0 0 0 0 0 0 0 0 0 0 0 0 0 0 0 0 0 0 0 0 0 0 0 0 0 0 0 0 0 0 0 0 0 0 0]
[1470245008648511697185963247100796500748812756557871004652982241061265446592182591603958243984592883122811203726105206903832163508691890040846962397994452718034369086290391154103802144238321416899938 0 0 0 0 0 0 0 0 0 0 0 0 0 0 0 0 0 0 0 0 0 0 0 0 0 0 0 1 0 0 0 0 0 0 0 0 0 0 0 0 0 0 0 0 0 0 0 0 0 0 0 0 0 0 0 0 0 0 0 0 0 0 0 0 0]
[2323577883864259183004947321087759484006616554146109038804887933675797634280830445773026880177429793483575609795956400656948298686345574934419815060353150591858180365183444420113808418852922588919574 0 0 0 0 0 0 0 0 0 0 0 0 0 0 0 0 0 0 0 0 0 0 0 0 0 0 0 0 1 0 0 0 0 0 0 0 0 0 0 0 0 0 0 0 0 0 0 0 0 0 0 0 0 0 0 0 0 0 0 0 0 0 0 0 0]
[1851601293657324278444679956685490236720174188096204262844654733904004092571762006928735393152899941968652668153941094866139078826193765441658098205876053141576088623457941001798094630384268647199736 0 0 0 0 0 0 0 0 0 0 0 0 0 0 0 0 0 0 0 0 0 0 0 0 0 0 0 0 0 1 0 0 0 0 0 0 0 0 0 0 0 0 0 0 0 0 0 0 0 0 0 0 0 0 0 0 0 0 0 0 0 0 0 0 0]
[1917179878466279210063864504909523711946093835871440062751148299388032264855666291110664189446258776876889710791856469983569994417179137597093491995558852218363107419375916638141878169577345558201789 0 0 0 0 0 0 0 0 0 0 0 0 0 0 0 0 0 0 0 0 0 0 0 0 0 0 0 0 0 0 1 0 0 0 0 0 0 0 0 0 0 0 0 0 0 0 0 0 0 0 0 0 0 0 0 0 0 0 0 0 0 0 0 0 0]
[609122849986591339527408531488994286532930930336603250650074628853746174523232806362782010022198773798626427307748713661088141414277507269010236148261127873350072435584395993501843359405625758282818 0 0 0 0 0 0 0 0 0 0 0 0 0 0 0 0 0 0 0 0 0 0 0 0 0 0 0 0 0 0 0 1 0 0 0 0 0 0 0 0 0 0 0 0 0 0 0 0 0 0 0 0 0 0 0 0 0 0 0 0 0 0 0 0 0]
[13723869014581509743015131641093795039284134168766581895652900589970053120988638472618111442413136966416665663768496565029711706087692494993449074471430022456919138734253805464544646908646947125841 0 0 0 0 0 0 0 0 0 0 0 0 0 0 0 0 0 0 0 0 0 0 0 0 0 0 0 0 0 0 0 0 1 0 0 0 0 0 0 0 0 0 0 0 0 0 0 0 0 0 0 0 0 0 0 0 0 0 0 0 0 0 0 0 0]
[207166221598792212319871448732167195011610641143716015139523092480124640999228310601030428911369510245348544931180063818084186726405154169719127440543138930974700430301176889929505086203151786549609 0 0 0 0 0 0 0 0 0 0 0 0 0 0 0 0 0 0 0 0 0 0 0 0 0 0 0 0 0 0 0 0 0 1 0 0 0 0 0 0 0 0 0 0 0 0 0 0 0 0 0 0 0 0 0 0 0 0 0 0 0 0 0 0 0]
[74370887434368305855488147392772068120582655163519261759286825885143106815343782830892003923373389818540480225708740415951836713993048643170875455221180766620605211089724838206237750768620787179203 0 0 0 0 0 0 0 0 0 0 0 0 0 0 0 0 0 0 0 0 0 0 0 0 0 0 0 0 0 0 0 0 0 0 1 0 0 0 0 0 0 0 0 0 0 0 0 0 0 0 0 0 0 0 0 0 0 0 0 0 0 0 0 0 0]
[2984890443947845475362069257666774216464198821823768127734901443861633556141356533968543934968461746930555149874306593520485074127720006977453143462946731870772998514584046672626827281113149785687718 0 0 0 0 0 0 0 0 0 0 0 0 0 0 0 0 0 0 0 0 0 0 0 0 0 0 0 0 0 0 0 0 0 0 0 1 0 0 0 0 0 0 0 0 0 0 0 0 0 0 0 0 0 0 0 0 0 0 0 0 0 0 0 0 0]
[998752764220413358081423941910082585889302469789123729500206496814179368538416728024948179553974206572730941394981246947319767650100655222335957439884181144102041088405978373808481763480628752103271 0 0 0 0 0 0 0 0 0 0 0 0 0 0 0 0 0 0 0 0 0 0 0 0 0 0 0 0 0 0 0 0 0 0 0 0 1 0 0 0 0 0 0 0 0 0 0 0 0 0 0 0 0 0 0 0 0 0 0 0 0 0 0 0 0]
[1142901354268601279442053119587581361572785584749562433748759299675418714965750174474625182470390252324034353541497114732227365760657221907024389953887165754626636802119696388451320030042445515391245 0 0 0 0 0 0 0 0 0 0 0 0 0 0 0 0 0 0 0 0 0 0 0 0 0 0 0 0 0 0 0 0 0 0 0 0 0 1 0 0 0 0 0 0 0 0 0 0 0 0 0 0 0 0 0 0 0 0 0 0 0 0 0 0 0]
[2821010520582431829945845411979405691496735372796052140887291512847681481710925697368316680109050962790834084414178093640774774705506303797708454958460951595290418485503825345980143254329812668199227 0 0 0 0 0 0 0 0 0 0 0 0 0 0 0 0 0 0 0 0 0 0 0 0 0 0 0 0 0 0 0 0 0 0 0 0 0 0 1 0 0 0 0 0 0 0 0 0 0 0 0 0 0 0 0 0 0 0 0 0 0 0 0 0 0]
[551563175559941261271157146627245817446352918245579889534520383758434152939591740495553971718780190458217813085491109308940075737085950930912976176242277507580053143738672401003132922094131936713129 0 0 0 0 0 0 0 0 0 0 0 0 0 0 0 0 0 0 0 0 0 0 0 0 0 0 0 0 0 0 0 0 0 0 0 0 0 0 0 1 0 0 0 0 0 0 0 0 0 0 0 0 0 0 0 0 0 0 0 0 0 0 0 0 0]
[2448749518304017014976437365177553804528843713036879549770439465006887862885625113446291386304679127592025125503375228726124713456865392702331847964766326916679547016589698011065943254824900648818170 0 0 0 0 0 0 0 0 0 0 0 0 0 0 0 0 0 0 0 0 0 0 0 0 0 0 0 0 0 0 0 0 0 0 0 0 0 0 0 0 1 0 0 0 0 0 0 0 0 0 0 0 0 0 0 0 0 0 0 0 0 0 0 0 0]
[932935464745568631001229554141353804472059198656793578626210170226654192373173545331607003807938099291959090064540181040679854326171737068189560738173042183349339639346418737025104913339188074379515 0 0 0 0 0 0 0 0 0 0 0 0 0 0 0 0 0 0 0 0 0 0 0 0 0 0 0 0 0 0 0 0 0 0 0 0 0 0 0 0 0 1 0 0 0 0 0 0 0 0 0 0 0 0 0 0 0 0 0 0 0 0 0 0 0]
[395244014083160713194263165799448593123829337642010644888686490783421471218082108144540570697302152972533700077222197470176982437804188135825996882618183772106592785029859594541131653492578339784305 0 0 0 0 0 0 0 0 0 0 0 0 0 0 0 0 0 0 0 0 0 0 0 0 0 0 0 0 0 0 0 0 0 0 0 0 0 0 0 0 0 0 1 0 0 0 0 0 0 0 0 0 0 0 0 0 0 0 0 0 0 0 0 0 0]
[398795737648901159494975852508479571338238101543075721040508916947210542156683339523132214419877400087707018322088919802566181266698393148296266239040940203731465559158766440971546149380046885330147 0 0 0 0 0 0 0 0 0 0 0 0 0 0 0 0 0 0 0 0 0 0 0 0 0 0 0 0 0 0 0 0 0 0 0 0 0 0 0 0 0 0 0 1 0 0 0 0 0 0 0 0 0 0 0 0 0 0 0 0 0 0 0 0 0]
[899579429508716170721216104167034508550200545786261522220946143023438930478908523108751823220525649429075817544310881278317821877384180420906626661159834698798632203872539126734287377004080294281723 0 0 0 0 0 0 0 0 0 0 0 0 0 0 0 0 0 0 0 0 0 0 0 0 0 0 0 0 0 0 0 0 0 0 0 0 0 0 0 0 0 0 0 0 1 0 0 0 0 0 0 0 0 0 0 0 0 0 0 0 0 0 0 0 0]
[225298333885063783141761925715972433827068004194420814506509754909600046650769889576773127521814038569392713663354263258982214312334625591675668699988337676740631877785860104176328563040206754168709 0 0 0 0 0 0 0 0 0 0 0 0 0 0 0 0 0 0 0 0 0 0 0 0 0 0 0 0 0 0 0 0 0 0 0 0 0 0 0 0 0 0 0 0 0 1 0 0 0 0 0 0 0 0 0 0 0 0 0 0 0 0 0 0 0]
[2749738694217420962882174359825698380990951055026351386828772520961176084962765035463052229742427346772289220170912620157390260448431053029795859513884521460534497830693878402137899214970874171115733 0 0 0 0 0 0 0 0 0 0 0 0 0 0 0 0 0 0 0 0 0 0 0 0 0 0 0 0 0 0 0 0 0 0 0 0 0 0 0 0 0 0 0 0 0 0 1 0 0 0 0 0 0 0 0 0 0 0 0 0 0 0 0 0 0]
[2681650073005346050669309883614437385309642387114919731158371747643986242913746523371797970318107581273598377554733257777280581381609218522253716352985916424850430544464631803085793393226769751701254 0 0 0 0 0 0 0 0 0 0 0 0 0 0 0 0 0 0 0 0 0 0 0 0 0 0 0 0 0 0 0 0 0 0 0 0 0 0 0 0 0 0 0 0 0 0 0 1 0 0 0 0 0 0 0 0 0 0 0 0 0 0 0 0 0]
[1105360127399870770084174840896783660873661218644898362950688013072911218192258490327149020706473430502882443815114380624912053676835669583525303766718048901639823261235238851353380911560878400478558 0 0 0 0 0 0 0 0 0 0 0 0 0 0 0 0 0 0 0 0 0 0 0 0 0 0 0 0 0 0 0 0 0 0 0 0 0 0 0 0 0 0 0 0 0 0 0 0 1 0 0 0 0 0 0 0 0 0 0 0 0 0 0 0 0]
[1449941877208997843756705188363604319448003529569728107521469869426072188637671041190259001169159251515334767860658429651872144769506764472235677799890502496389444833253756679421593345787649241339499 0 0 0 0 0 0 0 0 0 0 0 0 0 0 0 0 0 0 0 0 0 0 0 0 0 0 0 0 0 0 0 0 0 0 0 0 0 0 0 0 0 0 0 0 0 0 0 0 0 1 0 0 0 0 0 0 0 0 0 0 0 0 0 0 0]
[666349841222438184788757960371633580727861396337058311542161502222180313432956979127008981714509932218654977400495046991924967372076553979618308071912114702032438095016251587362409910851738159546812 0 0 0 0 0 0 0 0 0 0 0 0 0 0 0 0 0 0 0 0 0 0 0 0 0 0 0 0 0 0 0 0 0 0 0 0 0 0 0 0 0 0 0 0 0 0 0 0 0 0 1 0 0 0 0 0 0 0 0 0 0 0 0 0 0]
[1962595822559948081595753765246557183949526469426124620378263707913773949530269780906154925530892711408307769948026291443887629964910053713004621754456912258290027136475001999276257617662599009090169 0 0 0 0 0 0 0 0 0 0 0 0 0 0 0 0 0 0 0 0 0 0 0 0 0 0 0 0 0 0 0 0 0 0 0 0 0 0 0 0 0 0 0 0 0 0 0 0 0 0 0 1 0 0 0 0 0 0 0 0 0 0 0 0 0]
[2743949087609906181009370187783867620838194784704420266853445199136850950287636993535756008591253329513066058662260911138862392331483187518288375842402245459845720290229629104645582835536832638236633 0 0 0 0 0 0 0 0 0 0 0 0 0 0 0 0 0 0 0 0 0 0 0 0 0 0 0 0 0 0 0 0 0 0 0 0 0 0 0 0 0 0 0 0 0 0 0 0 0 0 0 0 1 0 0 0 0 0 0 0 0 0 0 0 0]
[431149744608174642459955777025971959244336919297293217039703907342165676364077757777253253900690586665575332113290670290577409733350440064104773364643561033364564732753177006889324000674062546145616 0 0 0 0 0 0 0 0 0 0 0 0 0 0 0 0 0 0 0 0 0 0 0 0 0 0 0 0 0 0 0 0 0 0 0 0 0 0 0 0 0 0 0 0 0 0 0 0 0 0 0 0 0 1 0 0 0 0 0 0 0 0 0 0 0]
[1692298583677287399888170803738775504488961891177133046859143121761901618198333825412137392217402586904453449947653038661294260389282379379044721392701481972123488312055647338240832276451440342496131 0 0 0 0 0 0 0 0 0 0 0 0 0 0 0 0 0 0 0 0 0 0 0 0 0 0 0 0 0 0 0 0 0 0 0 0 0 0 0 0 0 0 0 0 0 0 0 0 0 0 0 0 0 0 1 0 0 0 0 0 0 0 0 0 0]
[1575708578212520954469174299983708251359024090007787177571241635274130462451812112071772969543443221434771207252864559926565901867622063924419803362513340555842222661498039691570517316369340885168863 0 0 0 0 0 0 0 0 0 0 0 0 0 0 0 0 0 0 0 0 0 0 0 0 0 0 0 0 0 0 0 0 0 0 0 0 0 0 0 0 0 0 0 0 0 0 0 0 0 0 0 0 0 0 0 1 0 0 0 0 0 0 0 0 0]
[2294098105455404509676212904387238397710871883588695913753145259065498123998426749696135373405373272161990781994843631392629905931170858038120481976816006028366582047927941211376072861178872093183515 0 0 0 0 0 0 0 0 0 0 0 0 0 0 0 0 0 0 0 0 0 0 0 0 0 0 0 0 0 0 0 0 0 0 0 0 0 0 0 0 0 0 0 0 0 0 0 0 0 0 0 0 0 0 0 0 1 0 0 0 0 0 0 0 0]
[3042680550565449023699845758166320667221647991466544577367068969213158081732808121232948206280233128239818878050609490733283654324579425180916991648156760200039672816812560177629257941000826417507274 0 0 0 0 0 0 0 0 0 0 0 0 0 0 0 0 0 0 0 0 0 0 0 0 0 0 0 0 0 0 0 0 0 0 0 0 0 0 0 0 0 0 0 0 0 0 0 0 0 0 0 0 0 0 0 0 0 1 0 0 0 0 0 0 0]
[2913517263945818448686555824185882187832806197820258856505168451302985087181078764223503060308468460437337157600689364203620240565183496340190038511482874804757284546112483256833522431763986651838119 0 0 0 0 0 0 0 0 0 0 0 0 0 0 0 0 0 0 0 0 0 0 0 0 0 0 0 0 0 0 0 0 0 0 0 0 0 0 0 0 0 0 0 0 0 0 0 0 0 0 0 0 0 0 0 0 0 0 1 0 0 0 0 0 0]
[1239263639665681700576625352782057887630481427426979108662054481563915146850962221240371242019806180238449275031778507946595095896065427358490312338018154067297456377509053364545753569363636193647743 0 0 0 0 0 0 0 0 0 0 0 0 0 0 0 0 0 0 0 0 0 0 0 0 0 0 0 0 0 0 0 0 0 0 0 0 0 0 0 0 0 0 0 0 0 0 0 0 0 0 0 0 0 0 0 0 0 0 0 1 0 0 0 0 0]
[1605600455129493319892249336515167652861529856560607954896378737122084273868563468847149352506311914331850603049289188237417246389227976794616484706199904863280889246414230455803199880898694424501475 0 0 0 0 0 0 0 0 0 0 0 0 0 0 0 0 0 0 0 0 0 0 0 0 0 0 0 0 0 0 0 0 0 0 0 0 0 0 0 0 0 0 0 0 0 0 0 0 0 0 0 0 0 0 0 0 0 0 0 0 1 0 0 0 0]
[1946539326832256290869047370326601706150355473916917869680789813038062819068894300116326109679537755822363707652796332507562579338891981909687327948012847959383734294617421300165141257876494951833530 0 0 0 0 0 0 0 0 0 0 0 0 0 0 0 0 0 0 0 0 0 0 0 0 0 0 0 0 0 0 0 0 0 0 0 0 0 0 0 0 0 0 0 0 0 0 0 0 0 0 0 0 0 0 0 0 0 0 0 0 0 1 0 0 0]
[872928068331917282351640964408100888699905211007350969040091870902336164438429373378116682884995374616602110895561445675882585662069523551271932706385914793083282945345074275240190259280549802860407 0 0 0 0 0 0 0 0 0 0 0 0 0 0 0 0 0 0 0 0 0 0 0 0 0 0 0 0 0 0 0 0 0 0 0 0 0 0 0 0 0 0 0 0 0 0 0 0 0 0 0 0 0 0 0 0 0 0 0 0 0 0 1 0 0]
[2219890748635038665487869181798244356537836652247832913270340762590181311493290992037474842828159809263519322298964798041834818535284286714180307527636109024938478005779547400120062349105955177926401 0 0 0 0 0 0 0 0 0 0 0 0 0 0 0 0 0 0 0 0 0 0 0 0 0 0 0 0 0 0 0 0 0 0 0 0 0 0 0 0 0 0 0 0 0 0 0 0 0 0 0 0 0 0 0 0 0 0 0 0 0 0 0 1 0]
[565324881613034439797044525253839254928604760998925519237494939205551926187926681614297267175878108530332833369411709674861652521193022663687141481181060951017474100375205945012693591512925067249407 0 0 0 0 0 0 0 0 0 0 0 0 0 0 0 0 0 0 0 0 0 0 0 0 0 0 0 0 0 0 0 0 0 0 0 0 0 0 0 0 0 0 0 0 0 0 0 0 0 0 0 0 0 0 0 0 0 0 0 0 0 0 0 0 1]
]
66 67 0
[1 1 1 1 1 1 1 1 1 1 1 1 1 1 1 1 1 1 1 1 1 1 1 1 1 1 1 1 1 1 1 1 1 1 1 1 1 1 1 1 1 1 1 1 1 1 1 1 1 1 1 1 1 1 1 1 1 1 1 1 1 1 1 1 1 1 1]
