[[1372941102585068912271656842191933822821688644430216096825582124896859489631472430041284433246913 0 0 0 0 0 0 0 0 0 0 0 0 0 0 0 0 0 0 0 0 0 0 0 0 0 0 0 0 0 0 0]
[111153529378968325573398142265903195884736827770466057049771648370192904026920924595536978792967 1 0 0 0 0 0 0 0 0 0 0 0 0 0 0 0 0 0 0 0 0 0 0 0 0 0 0 0 0 0 0]
[597168204193047394397351838454257769923142789653654536133126798741714358746046271500208133644370 0 1 0 0 0 0 0 0 0 0 0 0 0 0 0 0 0 0 0 0 0 0 0 0 0 0 0 0 0 0 0]
[323701989503480468204413945155953654199163277785942187029449043365319262273362689134219010235337 0 0 1 0 0 0 0 0 0 0 0 0 0 0 0 0 0 0 0 0 0 0 0 0 0 0 0 0 0 0 0]
[534841324819499848319093756212084633537745075660071326279299039844765460162713609934873234881651 0 0 0 1 0 0 0 0 0 0 0 0 0 0 0 0 0 0 0 0 0 0 0 0 0 0 0 0 0 0 0]
[543895629151236372965055798258671605127537891342998536298302569368315691503057785653058236481614 0 0 0 0 1 0 0 0 0 0 0 0 0 0 0 0 0 0 0 0 0 0 0 0 0 0 0 0 0 0 0]
[758340140665680465274801040190598553848999186132033260922589864335371313706224293998801875608751 0 0 0 0 0 1 0 0 0 0 0 0 0 0 0 0 0 0 0 0 0 0 0 0 0 0 0 0 0 0 0]
[1329121981556807082516152323061580216314006751950076935074601849118403951935839292179930040059634 0 0 0 0 0 0 1 0 0 0 0 0 0 0 0 0 0 0 0 0 0 0 0 0 0 0 0 0 0 0 0]
[954240731150347073893219793218867809227336745573699737305089355229987716587646130742869516111217 0 0 0 0 0 0 0 1 0 0 0 0 0 0 0 0 0 0 0 0 0 0 0 0 0 0 0 0 0 0 0]
[1316135762066765329943631083752544146717516897772394732312029599211194833425635427901440868966711 0 0 0 0 0 0 0 0 1 0 0 0 0 0 0 0 0 0 0 0 0 0 0 0 0 0 0 0 0 0 0]
[477265201295991621158136277447870037925039668481558576620259322718773876559969279903286673229947 0 0 0 0 0 0 0 0 0 1 0 0 0 0 0 0 0 0 0 0 0 0 0 0 0 0 0 0 0 0 0]
[978111161185131412343639992393541081272002425447998756187091160784421884781411456953195159203658 0 0 0 0 0 0 0 0 0 0 1 0 0 0 0 0 0 0 0 0 0 0 0 0 0 0 0 0 0 0 0]
[1299773865450539495258415965882292119702209099417167534894195082978242254712563834356738519124292 0 0 0 0 0 0 0 0 0 0 0 1 0 0 0 0 0 0 0 0 0 0 0 0 0 0 0 0 0 0 0]
[346124175273880857782920323814805265046376480635331187241688575791945154562538065822616915826301 0 0 0 0 0 0 0 0 0 0 0 0 1 0 0 0 0 0 0 0 0 0 0 0 0 0 0 0 0 0 0]
[419855125488910750020520989560533574334459048355375984043242626151613198658642795549533798546402 0 0 0 0 0 0 0 0 0 0 0 0 0 1 0 0 0 0 0 0 0 0 0 0 0 0 0 0 0 0 0]
[871197207959741974577817098258981459676952779326580774712340126438569900832262923536413821560517 0 0 0 0 0 0 0 0 0 0 0 0 0 0 1 0 0 0 0 0 0 0 0 0 0 0 0 0 0 0 0]
[317705179986534521065643919880078750523794658684294700040113109588677630737358706318198698221882 0 0 0 0 0 0 0 0 0 0 0 0 0 0 0 1 0 0 0 0 0 0 0 0 0 0 0 0 0 0 0]
[134758928030539328165333096043094999150857965348501499360643728838668870199633580140591964265348 0 0 0 0 0 0 0 0 0 0 0 0 0 0 0 0 1 0 0 0 0 0 0 0 0 0 0 0 0 0 0]
[1141722896150894173922339582415990408316015356476654780636038695523383267396521725273327886627036 0 0 0 0 0 0 0 0 0 0 0 0 0 0 0 0 0 1 0 0 0 0 0 0 0 0 0 0 0 0 0]
[1170205455354696946538916021021422091541986479967700473680804637122319165287683197124331676324393 0 0 0 0 0 0 0 0 0 0 0 0 0 0 0 0 0 0 1 0 0 0 0 0 0 0 0 0 0 0 0]
[881320643883675704646879080939268330421388083614749252680499927320994553153732496895961994481216 0 0 0 0 0 0 0 0 0 0 0 0 0 0 0 0 0 0 0 1 0 0 0 0 0 0 0 0 0 0 0]
[521201836185937697898538339170919839798781422203159068845543529623166742499867121865913869966955 0 0 0 0 0 0 0 0 0 0 0 0 0 0 0 0 0 0 0 0 1 0 0 0 0 0 0 0 0 0 0]
[530171768411811428909868567538325447178415080024714706003363749424750626333531055580600400397272 0 0 0 0 0 0 0 0 0 0 0 0 0 0 0 0 0 0 0 0 0 1 0 0 0 0 0 0 0 0 0]
[632010493093981041437826745735719567261836499572214983271464096593470040617583961558397321169120 0 0 0 0 0 0 0 0 0 0 0 0 0 0 0 0 0 0 0 0 0 0 1 0 0 0 0 0 0 0 0]
[217829706913934144545797978618792658206548845510855836868579728495048226628341939425254877867444 0 0 0 0 0 0 0 0 0 0 0 0 0 0 0 0 0 0 0 0 0 0 0 1 0 0 0 0 0 0 0]
[1337817945986777632178258954382899784371748673023188103047746530116778143759897819259489296781995 0 0 0 0 0 0 0 0 0 0 0 0 0 0 0 0 0 0 0 0 0 0 0 0 1 0 0 0 0 0 0]
[400591346463216208473894114037341963813083718634435464031066767022381617337213952801835125405705 0 0 0 0 0 0 0 0 0 0 0 0 0 0 0 0 0 0 0 0 0 0 0 0 0 1 0 0 0 0 0]
[348729820821644488112677816987109391090462230118835104275588304982298304094202978117057065919376 0 0 0 0 0 0 0 0 0 0 0 0 0 0 0 0 0 0 0 0 0 0 0 0 0 0 1 0 0 0 0]
[568480995509175242646316418210992427652494142652504351296199061515955776107540001764682303741508 0 0 0 0 0 0 0 0 0 0 0 0 0 0 0 0 0 0 0 0 0 0 0 0 0 0 0 1 0 0 0]
[209829856036793034328604630924240479233465833618355445264046196254663910961085747500767432799474 0 0 0 0 0 0 0 0 0 0 0 0 0 0 0 0 0 0 0 0 0 0 0 0 0 0 0 0 1 0 0]
[730601043121407290363519366804614273886453111595758972433893704175100619864721798639414220564712 0 0 0 0 0 0 0 0 0 0 0 0 0 0 0 0 0 0 0 0 0 0 0 0 0 0 0 0 0 1 0]
[1255257635465022621160703145088800542763836594661477171189747931547771479234785816664156451548604 0 0 0 0 0 0 0 0 0 0 0 0 0 0 0 0 0 0 0 0 0 0 0 0 0 0 0 0 0 0 1]
]
32 64 1
[1 0 0 0 0 0 0 0 0 0 0 0 0 0 0 0 0 0 0 0 0 0 0 0 0 0 0 0 0 0 0 0 1]
