[[1118915407191885389230887842294380795057245823220539575177235187077370991894047435796402270803969 0 0 0 0 0 0 0 0 0 0 0 0 0 0 0 0 0 0 0 0 0 0 0 0 0 0 0 0 0 0 0]
[1061878391179414637065750309326868921926513221488124531093124998113640729423210117468096605233480 1 0 0 0 0 0 0 0 0 0 0 0 0 0 0 0 0 0 0 0 0 0 0 0 0 0 0 0 0 0 0]
[939357072462018956530258751181273970300588001911167517096800108869281455930615851935033688120419 0 1 0 0 0 0 0 0 0 0 0 0 0 0 0 0 0 0 0 0 0 0 0 0 0 0 0 0 0 0 0]
[623764849960941440245713577700982311472618599319829854147632930819937189574772791973837492142778 0 0 1 0 0 0 0 0 0 0 0 0 0 0 0 0 0 0 0 0 0 0 0 0 0 0 0 0 0 0 0]
[806708081011958250806375149622593289228303900674833140886367147469075900321406610698465990950223 0 0 0 1 0 0 0 0 0 0 0 0 0 0 0 0 0 0 0 0 0 0 0 0 0 0 0 0 0 0 0]
[90536269961333051468124476409178356595853746464877139234605402719260685015617551940729318745802 0 0 0 0 1 0 0 0 0 0 0 0 0 0 0 0 0 0 0 0 0 0 0 0 0 0 0 0 0 0 0]
[953072936621319838624084691917509007329125360850438536222617233918386595249093399089560646300825 0 0 0 0 0 1 0 0 0 0 0 0 0 0 0 0 0 0 0 0 0 0 0 0 0 0 0 0 0 0 0]
[286616375779478665982879909783639123020993213685897837724936178883497961138044570371618288489564 0 0 0 0 0 0 1 0 0 0 0 0 0 0 0 0 0 0 0 0 0 0 0 0 0 0 0 0 0 0 0]
[469824153776229693114902499006521392224947623329769334108597612856382659200439421189579084548622 0 0 0 0 0 0 0 1 0 0 0 0 0 0 0 0 0 0 0 0 0 0 0 0 0 0 0 0 0 0 0]
[890866245691818702749610369064717891640593834200067830616978536371866606222898895328325096360824 0 0 0 0 0 0 0 0 1 0 0 0 0 0 0 0 0 0 0 0 0 0 0 0 0 0 0 0 0 0 0]
[969988280106385965726338663827693372918497514449894989901243902137848390947828318512944668202289 0 0 0 0 0 0 0 0 0 1 0 0 0 0 0 0 0 0 0 0 0 0 0 0 0 0 0 0 0 0 0]
[770587163273743165963969465304331687734821928515716295218676716237998064432867797926883514441262 0 0 0 0 0 0 0 0 0 0 1 0 0 0 0 0 0 0 0 0 0 0 0 0 0 0 0 0 0 0 0]
[223101702929111502258366247136859464383040193379472869661389454007144948612403971836676771282283 0 0 0 0 0 0 0 0 0 0 0 1 0 0 0 0 0 0 0 0 0 0 0 0 0 0 0 0 0 0 0]
[466431484741591211149804216555310130044985353814395592710157475279351930623580430093945305280095 0 0 0 0 0 0 0 0 0 0 0 0 1 0 0 0 0 0 0 0 0 0 0 0 0 0 0 0 0 0 0]
[422899699917010003060179079342247081174092294603227756507716659994973301350342612039395285491902 0 0 0 0 0 0 0 0 0 0 0 0 0 1 0 0 0 0 0 0 0 0 0 0 0 0 0 0 0 0 0]
[1065366644663902680205125273317383015448553325450730854455677771704483842463718716198657017128067 0 0 0 0 0 0 0 0 0 0 0 0 0 0 1 0 0 0 0 0 0 0 0 0 0 0 0 0 0 0 0]
[816926107858632499910084495315615654087473586928605570287458639706077707036085468317658737127965 0 0 0 0 0 0 0 0 0 0 0 0 0 0 0 1 0 0 0 0 0 0 0 0 0 0 0 0 0 0 0]
[421672375992706646022636635906868791906398413251675923162246674407080153231757307346919746273839 0 0 0 0 0 0 0 0 0 0 0 0 0 0 0 0 1 0 0 0 0 0 0 0 0 0 0 0 0 0 0]
[935194476531107120533079115099302898457797706839821861069374733478412398858617150778512775534088 0 0 0 0 0 0 0 0 0 0 0 0 0 0 0 0 0 1 0 0 0 0 0 0 0 0 0 0 0 0 0]
[716007249533585552880220628255953181993661461479861868370792273168889465785147809873731181841159 0 0 0 0 0 0 0 0 0 0 0 0 0 0 0 0 0 0 1 0 0 0 0 0 0 0 0 0 0 0 0]
[930670096863822356579121828451047589812807594093757759123516671728695202380330464784378049169998 0 0 0 0 0 0 0 0 0 0 0 0 0 0 0 0 0 0 0 1 0 0 0 0 0 0 0 0 0 0 0]
[337282198244717081008236576150757364521480950075266791439452596563740466366094870659170481021032 0 0 0 0 0 0 0 0 0 0 0 0 0 0 0 0 0 0 0 0 1 0 0 0 0 0 0 0 0 0 0]
[853038969863098672556586802827678155457737219699854430119552485436804142657977858081353560536859 0 0 0 0 0 0 0 0 0 0 0 0 0 0 0 0 0 0 0 0 0 1 0 0 0 0 0 0 0 0 0]
[631246718258979238241512999381723819031604717148551130688069502380999925799299394223690714649081 0 0 0 0 0 0 0 0 0 0 0 0 0 0 0 0 0 0 0 0 0 0 1 0 0 0 0 0 0 0 0]
[785571821141302477181745363009756196697919637667614739075310948518555154853414089822359691435024 0 0 0 0 0 0 0 0 0 0 0 0 0 0 0 0 0 0 0 0 0 0 0 1 0 0 0 0 0 0 0]
[1040102474900174810579065599088288774092645965130094690324418046589398488737474913835245879995453 0 0 0 0 0 0 0 0 0 0 0 0 0 0 0 0 0 0 0 0 0 0 0 0 1 0 0 0 0 0 0]
[707826841384272639108998851447522858092212816759061453411451199908077106546790468179068447883111 0 0 0 0 0 0 0 0 0 0 0 0 0 0 0 0 0 0 0 0 0 0 0 0 0 1 0 0 0 0 0]
[271901393698219244320952265821118594617656944779458532764750564494884465530334854731453592897047 0 0 0 0 0 0 0 0 0 0 0 0 0 0 0 0 0 0 0 0 0 0 0 0 0 0 1 0 0 0 0]
[1060559378515574444314488997539635244784074877912680903123266249553050306588538706974652318195563 0 0 0 0 0 0 0 0 0 0 0 0 0 0 0 0 0 0 0 0 0 0 0 0 0 0 0 1 0 0 0]
[424170264945169794406361755831521745999854488566821962501850608508868280706016779083207567840637 0 0 0 0 0 0 0 0 0 0 0 0 0 0 0 0 0 0 0 0 0 0 0 0 0 0 0 0 1 0 0]
[890949813805519859893918824181375735621540724048911177102447317268833913119359878664426181208822 0 0 0 0 0 0 0 0 0 0 0 0 0 0 0 0 0 0 0 0 0 0 0 0 0 0 0 0 0 1 0]
[195814394323967252379926898660619169354105248412797468694188455363396199389357769902581748061181 0 0 0 0 0 0 0 0 0 0 0 0 0 0 0 0 0 0 0 0 0 0 0 0 0 0 0 0 0 0 1]
]
32 64 2
[1 0 0 0 0 0 0 0 0 0 0 0 0 0 0 0 0 0 0 0 0 0 0 0 0 0 0 0 0 0 0 0 1]
