[[1248363526037430045087658508947544879997670575120528451816606208411935961856336877138847557612673 0 0 0 0 0 0 0 0 0 0 0 0 0 0 0 0 0 0 0 0 0 0 0 0 0 0 0 0 0 0 0]
[30315412146627210490089557304681581922994997547943996598031946365429143876533221750457876906684 1 0 0 0 0 0 0 0 0 0 0 0 0 0 0 0 0 0 0 0 0 0 0 0 0 0 0 0 0 0 0]
[389286981778090604590869974266386290906267589863333416077781482925830164645272488757597131128777 0 1 0 0 0 0 0 0 0 0 0 0 0 0 0 0 0 0 0 0 0 0 0 0 0 0 0 0 0 0 0]
[1130433309994500146494733437013400070928387565105567324606384244904796535830308385786404757325703 0 0 1 0 0 0 0 0 0 0 0 0 0 0 0 0 0 0 0 0 0 0 0 0 0 0 0 0 0 0 0]
[695849964563040211271658382029189036111570896299418477501653416013633883423298619411675579457695 0 0 0 1 0 0 0 0 0 0 0 0 0 0 0 0 0 0 0 0 0 0 0 0 0 0 0 0 0 0 0]
[506395891992585512595111667893802432126444141130966992317003814442898189742433677660964375258170 0 0 0 0 1 0 0 0 0 0 0 0 0 0 0 0 0 0 0 0 0 0 0 0 0 0 0 0 0 0 0]
[944730200984105713286465192212017822029916248729584229181783465641664994108374836139920393915692 0 0 0 0 0 1 0 0 0 0 0 0 0 0 0 0 0 0 0 0 0 0 0 0 0 0 0 0 0 0 0]
[407341980284165760497808178781149000718471546272446094349190893655594897278414104828741419641616 0 0 0 0 0 0 1 0 0 0 0 0 0 0 0 0 0 0 0 0 0 0 0 0 0 0 0 0 0 0 0]
[546518334384144564165011239003748253596796948916002725060023184601339312688553480387274130870436 0 0 0 0 0 0 0 1 0 0 0 0 0 0 0 0 0 0 0 0 0 0 0 0 0 0 0 0 0 0 0]
[1176139278376418440509163754915509739096329586845147886553057444264620114111610938452588391832243 0 0 0 0 0 0 0 0 1 0 0 0 0 0 0 0 0 0 0 0 0 0 0 0 0 0 0 0 0 0 0]
[646483294511793758965210996029328342011048937768231718747170092024710529784244415686410272699580 0 0 0 0 0 0 0 0 0 1 0 0 0 0 0 0 0 0 0 0 0 0 0 0 0 0 0 0 0 0 0]
[891609560228526506156554899446674696811007570247221515060501164465268612961099259403242480632737 0 0 0 0 0 0 0 0 0 0 1 0 0 0 0 0 0 0 0 0 0 0 0 0 0 0 0 0 0 0 0]
[577180298715057514049015456192320638802407052879892270032973162160487663536380255214522997985048 0 0 0 0 0 0 0 0 0 0 0 1 0 0 0 0 0 0 0 0 0 0 0 0 0 0 0 0 0 0 0]
[810037213461491182453682402257134548014251494266568000441385368547284390280148191657084646126462 0 0 0 0 0 0 0 0 0 0 0 0 1 0 0 0 0 0 0 0 0 0 0 0 0 0 0 0 0 0 0]
[802130085731281927193412704499032791890873797174266076042952404868871312857763285640972796826214 0 0 0 0 0 0 0 0 0 0 0 0 0 1 0 0 0 0 0 0 0 0 0 0 0 0 0 0 0 0 0]
[712708235635481330304958355926278726517757681632885992621871253937753166761429062203520791728884 0 0 0 0 0 0 0 0 0 0 0 0 0 0 1 0 0 0 0 0 0 0 0 0 0 0 0 0 0 0 0]
[85937965027708248742219237637875695328130329297004837080549303494288647039670185263216797477120 0 0 0 0 0 0 0 0 0 0 0 0 0 0 0 1 0 0 0 0 0 0 0 0 0 0 0 0 0 0 0]
[598071040383321763126705772474039860162631184991799248389949722708793068754674581342447198807958 0 0 0 0 0 0 0 0 0 0 0 0 0 0 0 0 1 0 0 0 0 0 0 0 0 0 0 0 0 0 0]
[111284329508359418348838209625998315282889205705151871086959272739957421689771463265646736756080 0 0 0 0 0 0 0 0 0 0 0 0 0 0 0 0 0 1 0 0 0 0 0 0 0 0 0 0 0 0 0]
[658093035102423236531208800540445132259320685705520936419102373408005242995873272335841029693986 0 0 0 0 0 0 0 0 0 0 0 0 0 0 0 0 0 0 1 0 0 0 0 0 0 0 0 0 0 0 0]
[83806684787972696031082360326602047380517318091422059974720532937689759105065237286618785447465 0 0 0 0 0 0 0 0 0 0 0 0 0 0 0 0 0 0 0 1 0 0 0 0 0 0 0 0 0 0 0]
[605658694751456792890668336832001701542642745758404223015363100349675142379443957212562641346578 0 0 0 0 0 0 0 0 0 0 0 0 0 0 0 0 0 0 0 0 1 0 0 0 0 0 0 0 0 0 0]
[413878299883221376083720517769025172456102718220852517607282223886567762650250267753571998023736 0 0 0 0 0 0 0 0 0 0 0 0 0 0 0 0 0 0 0 0 0 1 0 0 0 0 0 0 0 0 0]
[1199753720656710821323031907853478148287169553733859371280799312408157990023769731172093781920393 0 0 0 0 0 0 0 0 0 0 0 0 0 0 0 0 0 0 0 0 0 0 1 0 0 0 0 0 0 0 0]
[689932021941879262288204479551881503839967510876514967737403659576368559060732797267096268093158 0 0 0 0 0 0 0 0 0 0 0 0 0 0 0 0 0 0 0 0 0 0 0 1 0 0 0 0 0 0 0]
[1047055822391904375901924984323010890499131753290505581983923387210002353367401587141037702073315 0 0 0 0 0 0 0 0 0 0 0 0 0 0 0 0 0 0 0 0 0 0 0 0 1 0 0 0 0 0 0]
[948513781818417368048229622506546461122626535586275561494751180101087651220431988369791572887003 0 0 0 0 0 0 0 0 0 0 0 0 0 0 0 0 0 0 0 0 0 0 0 0 0 1 0 0 0 0 0]
[966494030034352931859080288268434623855625845511679324461931488295778595042414010077353455263649 0 0 0 0 0 0 0 0 0 0 0 0 0 0 0 0 0 0 0 0 0 0 0 0 0 0 1 0 0 0 0]
[241039478820463445929277253513328692293298254449864732125060633419527310405756116384513819922451 0 0 0 0 0 0 0 0 0 0 0 0 0 0 0 0 0 0 0 0 0 0 0 0 0 0 0 1 0 0 0]
[189006044572358289968354607444305387596465046818545116293081073286269472573270532046623983449538 0 0 0 0 0 0 0 0 0 0 0 0 0 0 0 0 0 0 0 0 0 0 0 0 0 0 0 0 1 0 0]
[43146888936735783461094729225578230440523024226366774112149334179859262193781442612642268935234 0 0 0 0 0 0 0 0 0 0 0 0 0 0 0 0 0 0 0 0 0 0 0 0 0 0 0 0 0 1 0]
[719654513833592173550119712214993892439078176145130624089907445205671350185840935558234448617078 0 0 0 0 0 0 0 0 0 0 0 0 0 0 0 0 0 0 0 0 0 0 0 0 0 0 0 0 0 0 1]
]
32 64 3
[1 0 0 0 0 0 0 0 0 0 0 0 0 0 0 0 0 0 0 0 0 0 0 0 0 0 0 0 0 0 0 0 1]
