[[1946636267902948483420352267875627238979036294264074800717446852469969467445184293564530795975041 0 0 0 0 0 0 0 0 0 0 0 0 0 0 0 0 0 0 0 0 0 0 0 0 0 0 0 0 0 0 0]
[1394134821919004438383966169263644690411765594089365421865151616077063821521799746724648065711494 1 0 0 0 0 0 0 0 0 0 0 0 0 0 0 0 0 0 0 0 0 0 0 0 0 0 0 0 0 0 0]
[700373671733732370114157372435637225338520104105826631407952757385319538200360681162092914640600 0 1 0 0 0 0 0 0 0 0 0 0 0 0 0 0 0 0 0 0 0 0 0 0 0 0 0 0 0 0 0]
[480948250327066495957873047515962755525965694164616673923521425835046896580176408500448160671197 0 0 1 0 0 0 0 0 0 0 0 0 0 0 0 0 0 0 0 0 0 0 0 0 0 0 0 0 0 0 0]
[1473312186993249083719110417972014540173818825911144811859792964048579500577707783831871611132823 0 0 0 1 0 0 0 0 0 0 0 0 0 0 0 0 0 0 0 0 0 0 0 0 0 0 0 0 0 0 0]
[1766045171074143530798437129538197145391756860084663000637130456103220532641873589581363774865449 0 0 0 0 1 0 0 0 0 0 0 0 0 0 0 0 0 0 0 0 0 0 0 0 0 0 0 0 0 0 0]
[73581668053912312974862024167185348059392251056747838270702593708570123278255997082500660249341 0 0 0 0 0 1 0 0 0 0 0 0 0 0 0 0 0 0 0 0 0 0 0 0 0 0 0 0 0 0 0]
[1586817615823479281323135580439303049621326074180002357471899820113240695665796184312069779437197 0 0 0 0 0 0 1 0 0 0 0 0 0 0 0 0 0 0 0 0 0 0 0 0 0 0 0 0 0 0 0]
[1807740086714407705597260750995383219690858202510501633627056622242861994111365378564590848206720 0 0 0 0 0 0 0 1 0 0 0 0 0 0 0 0 0 0 0 0 0 0 0 0 0 0 0 0 0 0 0]
[1338071904099731877193790916878375176903036880818796558386920751144457887873137902514143856721306 0 0 0 0 0 0 0 0 1 0 0 0 0 0 0 0 0 0 0 0 0 0 0 0 0 0 0 0 0 0 0]
[1072543455820135147095305992610091428534718476977922369879008953531817205725406157953849095942152 0 0 0 0 0 0 0 0 0 1 0 0 0 0 0 0 0 0 0 0 0 0 0 0 0 0 0 0 0 0 0]
[1554429865071071920736762767614968284601860252928106819200360290798184306333078182812327607019584 0 0 0 0 0 0 0 0 0 0 1 0 0 0 0 0 0 0 0 0 0 0 0 0 0 0 0 0 0 0 0]
[257396655149352027944929641302361453708198196720685833785367824790485782172092984857205318197311 0 0 0 0 0 0 0 0 0 0 0 1 0 0 0 0 0 0 0 0 0 0 0 0 0 0 0 0 0 0 0]
[1303269556830996868379493284953031361861582614020602571234484231892299553207490092731384576875271 0 0 0 0 0 0 0 0 0 0 0 0 1 0 0 0 0 0 0 0 0 0 0 0 0 0 0 0 0 0 0]
[1684251117154418773140070372155906126183684125605865280105987084580152723280313937410710947191781 0 0 0 0 0 0 0 0 0 0 0 0 0 1 0 0 0 0 0 0 0 0 0 0 0 0 0 0 0 0 0]
[306835987960690576021581498640920481923475263873050141145191402433633612103533130321491089822019 0 0 0 0 0 0 0 0 0 0 0 0 0 0 1 0 0 0 0 0 0 0 0 0 0 0 0 0 0 0 0]
[724919161323288229628613845649613177108778879279984072766288851171441567925092541077174555034838 0 0 0 0 0 0 0 0 0 0 0 0 0 0 0 1 0 0 0 0 0 0 0 0 0 0 0 0 0 0 0]
[228866931133062945193166978588181280659661978449925441560268663570009115241216703751413460711356 0 0 0 0 0 0 0 0 0 0 0 0 0 0 0 0 1 0 0 0 0 0 0 0 0 0 0 0 0 0 0]
[1288185199490850716933105590040568948334975743819178151233388311918676378187977171399959167595232 0 0 0 0 0 0 0 0 0 0 0 0 0 0 0 0 0 1 0 0 0 0 0 0 0 0 0 0 0 0 0]
[439243229185189716653021242728233636083239626414823807409380804053594867698184033736669859510031 0 0 0 0 0 0 0 0 0 0 0 0 0 0 0 0 0 0 1 0 0 0 0 0 0 0 0 0 0 0 0]
[75244722954480217627833955078526789952858196442263016261059320172568959836272654403445112972868 0 0 0 0 0 0 0 0 0 0 0 0 0 0 0 0 0 0 0 1 0 0 0 0 0 0 0 0 0 0 0]
[881394223250415617657660047443480629909675827258191010459105166512932355875078036733494006288771 0 0 0 0 0 0 0 0 0 0 0 0 0 0 0 0 0 0 0 0 1 0 0 0 0 0 0 0 0 0 0]
[1448595815955067375839129699254646370782010523102946668156243485475591549161117799358452792033441 0 0 0 0 0 0 0 0 0 0 0 0 0 0 0 0 0 0 0 0 0 1 0 0 0 0 0 0 0 0 0]
[1424355645926856821394021722718860786186571503183862787294643228510474995976712499826919610260321 0 0 0 0 0 0 0 0 0 0 0 0 0 0 0 0 0 0 0 0 0 0 1 0 0 0 0 0 0 0 0]
[1313660661399725296188786695288483294286578635922579431771355858208823556915456458740581404888551 0 0 0 0 0 0 0 0 0 0 0 0 0 0 0 0 0 0 0 0 0 0 0 1 0 0 0 0 0 0 0]
[1449061898058914207663796825700130385707051353790611601369397076025701348410179760284269653209146 0 0 0 0 0 0 0 0 0 0 0 0 0 0 0 0 0 0 0 0 0 0 0 0 1 0 0 0 0 0 0]
[1293116218034897882549748366417782374326945608358138165727566187325912676991419445323319587126219 0 0 0 0 0 0 0 0 0 0 0 0 0 0 0 0 0 0 0 0 0 0 0 0 0 1 0 0 0 0 0]
[1128516253856053848289871981900740873326108305981577729557333379290849818760686620770517526975995 0 0 0 0 0 0 0 0 0 0 0 0 0 0 0 0 0 0 0 0 0 0 0 0 0 0 1 0 0 0 0]
[1834987780511596741120310667743694474523809243918681470885340115447183392258656642300565745363396 0 0 0 0 0 0 0 0 0 0 0 0 0 0 0 0 0 0 0 0 0 0 0 0 0 0 0 1 0 0 0]
[935525739625302485994707123572194655594625130396655671171180871848413600808933046357214707975922 0 0 0 0 0 0 0 0 0 0 0 0 0 0 0 0 0 0 0 0 0 0 0 0 0 0 0 0 1 0 0]
[328120234210363032542803998334992200254425702368329395327624723136952738096006490190959996586218 0 0 0 0 0 0 0 0 0 0 0 0 0 0 0 0 0 0 0 0 0 0 0 0 0 0 0 0 0 1 0]
[942976752430761485198929576815690749475480146935380460371900398682255338750400804765009343186749 0 0 0 0 0 0 0 0 0 0 0 0 0 0 0 0 0 0 0 0 0 0 0 0 0 0 0 0 0 0 1]
]
32 64 4
[1 0 0 0 0 0 0 0 0 0 0 0 0 0 0 0 0 0 0 0 0 0 0 0 0 0 0 0 0 0 0 0 1]
