[[1978826939857573543443555981053215467173470825719155988707557602601839529010176456047840185487233 0 0 0 0 0 0 0 0 0 0 0 0 0 0 0 0 0 0 0 0 0 0 0 0 0 0 0 0 0 0 0]
[283838754900192508112722854341144155696221571730996841906899153232798312459768095288567414951797 1 0 0 0 0 0 0 0 0 0 0 0 0 0 0 0 0 0 0 0 0 0 0 0 0 0 0 0 0 0 0]
[723288828615774097352298369075752377770842978624148434173905260216879936197066575226387397053237 0 1 0 0 0 0 0 0 0 0 0 0 0 0 0 0 0 0 0 0 0 0 0 0 0 0 0 0 0 0 0]
[327902905610121853429357591544455626751580297945366041694190213377312255286297954180391316139346 0 0 1 0 0 0 0 0 0 0 0 0 0 0 0 0 0 0 0 0 0 0 0 0 0 0 0 0 0 0 0]
[1827280135128092476038690228122707993497048238603494984317610011951993547453165579524177790277388 0 0 0 1 0 0 0 0 0 0 0 0 0 0 0 0 0 0 0 0 0 0 0 0 0 0 0 0 0 0 0]
[1878407540260213064408269453803437188001122223891663203778776958647434034763924846006199554976673 0 0 0 0 1 0 0 0 0 0 0 0 0 0 0 0 0 0 0 0 0 0 0 0 0 0 0 0 0 0 0]
[693047575525522141243237003008858946116714611139996387888840741162129369167821427778736536066837 0 0 0 0 0 1 0 0 0 0 0 0 0 0 0 0 0 0 0 0 0 0 0 0 0 0 0 0 0 0 0]
[541333109303330942988339919858073361900482452850618230350498131477695856339352868270084678889695 0 0 0 0 0 0 1 0 0 0 0 0 0 0 0 0 0 0 0 0 0 0 0 0 0 0 0 0 0 0 0]
[1943157546451767885334699114190197867026642121554410230141965515444309966142864351247022078478304 0 0 0 0 0 0 0 1 0 0 0 0 0 0 0 0 0 0 0 0 0 0 0 0 0 0 0 0 0 0 0]
[187911072316257096530930678437673726802001915148248518903121768805189971377506585385139562009355 0 0 0 0 0 0 0 0 1 0 0 0 0 0 0 0 0 0 0 0 0 0 0 0 0 0 0 0 0 0 0]
[214334085787977121249487671486667882655157820090248212176912985017678354472086433397414063604718 0 0 0 0 0 0 0 0 0 1 0 0 0 0 0 0 0 0 0 0 0 0 0 0 0 0 0 0 0 0 0]
[744211299345560049232052772994720950844176637002307912230642527486718895379382809148518111585350 0 0 0 0 0 0 0 0 0 0 1 0 0 0 0 0 0 0 0 0 0 0 0 0 0 0 0 0 0 0 0]
[1440652773378879743350930933776202715687941749225019355175521389100103714052632123262753168769423 0 0 0 0 0 0 0 0 0 0 0 1 0 0 0 0 0 0 0 0 0 0 0 0 0 0 0 0 0 0 0]
[1094639375126706295759732205814566383528122273374733271421596201137337263045858671708242249046257 0 0 0 0 0 0 0 0 0 0 0 0 1 0 0 0 0 0 0 0 0 0 0 0 0 0 0 0 0 0 0]
[35840031876645469781282173664919087697285732685019275494915524685220931125524594026316972742756 0 0 0 0 0 0 0 0 0 0 0 0 0 1 0 0 0 0 0 0 0 0 0 0 0 0 0 0 0 0 0]
[357989556714265142458066725644247221108679005625984531557723053150540884548423646008905717757972 0 0 0 0 0 0 0 0 0 0 0 0 0 0 1 0 0 0 0 0 0 0 0 0 0 0 0 0 0 0 0]
[1785708945902723366509725922317768921368787255732136174178569725198223440405841342359818573135630 0 0 0 0 0 0 0 0 0 0 0 0 0 0 0 1 0 0 0 0 0 0 0 0 0 0 0 0 0 0 0]
[595178117963063743144448891368247517475429978137667271822537822428573000254855236007505103112567 0 0 0 0 0 0 0 0 0 0 0 0 0 0 0 0 1 0 0 0 0 0 0 0 0 0 0 0 0 0 0]
[722453645509272912807992177007882810883355666544413282079208783119399778981964860992750433825692 0 0 0 0 0 0 0 0 0 0 0 0 0 0 0 0 0 1 0 0 0 0 0 0 0 0 0 0 0 0 0]
[447039883664640233630439741506975186714725473122627657037971809465093177284759371533223840012966 0 0 0 0 0 0 0 0 0 0 0 0 0 0 0 0 0 0 1 0 0 0 0 0 0 0 0 0 0 0 0]
[1426705678454837608000723350040407091556224091700597826505745191947458175760294954780723630016985 0 0 0 0 0 0 0 0 0 0 0 0 0 0 0 0 0 0 0 1 0 0 0 0 0 0 0 0 0 0 0]
[1777532252392065235267307535216340381501484345551313278105158406094778905596548806121906108353697 0 0 0 0 0 0 0 0 0 0 0 0 0 0 0 0 0 0 0 0 1 0 0 0 0 0 0 0 0 0 0]
[423804593477963333986552322849799745905480048385355735807677478432857350844453898066461413555449 0 0 0 0 0 0 0 0 0 0 0 0 0 0 0 0 0 0 0 0 0 1 0 0 0 0 0 0 0 0 0]
[474484949896638979086462031186768298189570718116504858176886080598227629946075137476974292461911 0 0 0 0 0 0 0 0 0 0 0 0 0 0 0 0 0 0 0 0 0 0 1 0 0 0 0 0 0 0 0]
[1311272922431228946717257054362902788603941160617121289121975386285706945570431570808948972319550 0 0 0 0 0 0 0 0 0 0 0 0 0 0 0 0 0 0 0 0 0 0 0 1 0 0 0 0 0 0 0]
[970089545546502066042268871310444890234983939343173115750471756740490012310425052849388653498396 0 0 0 0 0 0 0 0 0 0 0 0 0 0 0 0 0 0 0 0 0 0 0 0 1 0 0 0 0 0 0]
[4128525915739327225802230819669901031593104709341284786012509564951029895099958177213663056373 0 0 0 0 0 0 0 0 0 0 0 0 0 0 0 0 0 0 0 0 0 0 0 0 0 1 0 0 0 0 0]
[456514374716223944913964301992154463363593074430871062302307193630654433487740095397918446276365 0 0 0 0 0 0 0 0 0 0 0 0 0 0 0 0 0 0 0 0 0 0 0 0 0 0 1 0 0 0 0]
[790129548329528067093075855834969572966752130289700866818585704643899702016607192280703206007371 0 0 0 0 0 0 0 0 0 0 0 0 0 0 0 0 0 0 0 0 0 0 0 0 0 0 0 1 0 0 0]
[1610478754381808601177459523919199945516161552579117305677178179833194754205244177555163430240072 0 0 0 0 0 0 0 0 0 0 0 0 0 0 0 0 0 0 0 0 0 0 0 0 0 0 0 0 1 0 0]
[1783420670792244399607486994079398241102162563358638359988822444799332430762926955822704205228863 0 0 0 0 0 0 0 0 0 0 0 0 0 0 0 0 0 0 0 0 0 0 0 0 0 0 0 0 0 1 0]
[1135866783013105739591206361882307663495958550356297620755535882333765263765070520438312379064718 0 0 0 0 0 0 0 0 0 0 0 0 0 0 0 0 0 0 0 0 0 0 0 0 0 0 0 0 0 0 1]
]
32 64 6
[1 0 0 0 0 0 0 0 0 0 0 0 0 0 0 0 0 0 0 0 0 0 0 0 0 0 0 0 0 0 0 0 1]
