[[1989950875883457020506699278817173432494598760401078973902364973846885077110958340499010687333889 0 0 0 0 0 0 0 0 0 0 0 0 0 0 0 0 0 0 0 0 0 0 0 0 0 0 0 0 0 0 0]
[851602636806978270252711091023339600316599063279418886033942282709604078285428086736488184407553 1 0 0 0 0 0 0 0 0 0 0 0 0 0 0 0 0 0 0 0 0 0 0 0 0 0 0 0 0 0 0]
[450230097147764052703074943791415531847219137818523187519800683639418232979199475778554937416227 0 1 0 0 0 0 0 0 0 0 0 0 0 0 0 0 0 0 0 0 0 0 0 0 0 0 0 0 0 0 0]
[770173625268930829452810417052213173723519120589320898267786987831665436084055390644599689981202 0 0 1 0 0 0 0 0 0 0 0 0 0 0 0 0 0 0 0 0 0 0 0 0 0 0 0 0 0 0 0]
[71246860812836266104836763295595709377714968640854015474055069127598271773395009434391590935048 0 0 0 1 0 0 0 0 0 0 0 0 0 0 0 0 0 0 0 0 0 0 0 0 0 0 0 0 0 0 0]
[1848809407935223499421804895569514577198319170090850036153815664369967825150843233873994574121901 0 0 0 0 1 0 0 0 0 0 0 0 0 0 0 0 0 0 0 0 0 0 0 0 0 0 0 0 0 0 0]
[770056046509355603725492073436357825111468398118007893020333760735936504613456798851922180334421 0 0 0 0 0 1 0 0 0 0 0 0 0 0 0 0 0 0 0 0 0 0 0 0 0 0 0 0 0 0 0]
[1577272313114832566432727064818692803128619554559706103997214761618445677948495132976135081197094 0 0 0 0 0 0 1 0 0 0 0 0 0 0 0 0 0 0 0 0 0 0 0 0 0 0 0 0 0 0 0]
[948749746994368733945735858535629512783922016964123179214338209367550959855585657429699964663061 0 0 0 0 0 0 0 1 0 0 0 0 0 0 0 0 0 0 0 0 0 0 0 0 0 0 0 0 0 0 0]
[161848073230676635306787010675157289465025217238331610118635787739984256761642550602004313837141 0 0 0 0 0 0 0 0 1 0 0 0 0 0 0 0 0 0 0 0 0 0 0 0 0 0 0 0 0 0 0]
[472944866392644998392699662467035121716785401316951024319198442799571337027253250115125779500847 0 0 0 0 0 0 0 0 0 1 0 0 0 0 0 0 0 0 0 0 0 0 0 0 0 0 0 0 0 0 0]
[2076808863340647366176893434709269717327746944414894127806443774180339956091374673699848944219 0 0 0 0 0 0 0 0 0 0 1 0 0 0 0 0 0 0 0 0 0 0 0 0 0 0 0 0 0 0 0]
[541732967201183610306596438263164162422441476639916600487354476064233828088542480863784719193241 0 0 0 0 0 0 0 0 0 0 0 1 0 0 0 0 0 0 0 0 0 0 0 0 0 0 0 0 0 0 0]
[1374327146877009928415797913476060312203253655624461797869355568367797210287553238889796560144709 0 0 0 0 0 0 0 0 0 0 0 0 1 0 0 0 0 0 0 0 0 0 0 0 0 0 0 0 0 0 0]
[666620139266985959265713344537151511968318418281483317691482482735132070891855951821173763273775 0 0 0 0 0 0 0 0 0 0 0 0 0 1 0 0 0 0 0 0 0 0 0 0 0 0 0 0 0 0 0]
[38211582388490862451606826335348821814779070867431284528874799238729809944138668874975618069183 0 0 0 0 0 0 0 0 0 0 0 0 0 0 1 0 0 0 0 0 0 0 0 0 0 0 0 0 0 0 0]
[1278541949282812107825535080854981093702293579153393069229855952903798503254745539549095947881710 0 0 0 0 0 0 0 0 0 0 0 0 0 0 0 1 0 0 0 0 0 0 0 0 0 0 0 0 0 0 0]
[841540305906607433377528226085136170613172631076779777354943215551087911375259363477186049179098 0 0 0 0 0 0 0 0 0 0 0 0 0 0 0 0 1 0 0 0 0 0 0 0 0 0 0 0 0 0 0]
[622075622325636410384729179720328884102306996431790386556149945133961765235408599624773831767169 0 0 0 0 0 0 0 0 0 0 0 0 0 0 0 0 0 1 0 0 0 0 0 0 0 0 0 0 0 0 0]
[212765329976223390983634918179051831573660461495833558461628099523933031080193503110740922169599 0 0 0 0 0 0 0 0 0 0 0 0 0 0 0 0 0 0 1 0 0 0 0 0 0 0 0 0 0 0 0]
[218274425946492769958122881797946370728518031266185059660468757748356076303511313372307948412408 0 0 0 0 0 0 0 0 0 0 0 0 0 0 0 0 0 0 0 1 0 0 0 0 0 0 0 0 0 0 0]
[799301775004921364729414851656994552870207070898113461721437605067648451072694933719637289977566 0 0 0 0 0 0 0 0 0 0 0 0 0 0 0 0 0 0 0 0 1 0 0 0 0 0 0 0 0 0 0]
[773753549588423943392468749171101604599692939215357472618149009996237382068295961629360562117902 0 0 0 0 0 0 0 0 0 0 0 0 0 0 0 0 0 0 0 0 0 1 0 0 0 0 0 0 0 0 0]
[794141717390728704612709043884802076741971848920572536410277244757085822293126427762914574404399 0 0 0 0 0 0 0 0 0 0 0 0 0 0 0 0 0 0 0 0 0 0 1 0 0 0 0 0 0 0 0]
[1924027169627871464120421895917684970215625756898942180189596251026304061742581261002671996627227 0 0 0 0 0 0 0 0 0 0 0 0 0 0 0 0 0 0 0 0 0 0 0 1 0 0 0 0 0 0 0]
[1441755041895912217913333181914562905798097606167244248193139746754354564736198478272753106426573 0 0 0 0 0 0 0 0 0 0 0 0 0 0 0 0 0 0 0 0 0 0 0 0 1 0 0 0 0 0 0]
[331525590507293467579626838005170848184290662008229816707163426176039408815224635240985937284833 0 0 0 0 0 0 0 0 0 0 0 0 0 0 0 0 0 0 0 0 0 0 0 0 0 1 0 0 0 0 0]
[965755529813622392075311545492490011417868540659417048627460315470434779996319016594631124758138 0 0 0 0 0 0 0 0 0 0 0 0 0 0 0 0 0 0 0 0 0 0 0 0 0 0 1 0 0 0 0]
[657521424404221120092880885642195509671815063919868717876298612986970433887354025960997475712272 0 0 0 0 0 0 0 0 0 0 0 0 0 0 0 0 0 0 0 0 0 0 0 0 0 0 0 1 0 0 0]
[851716379497552771725336647111345710568907377251500661507213139590068457485884860705024027508849 0 0 0 0 0 0 0 0 0 0 0 0 0 0 0 0 0 0 0 0 0 0 0 0 0 0 0 0 1 0 0]
[1266074266377226476916995486086913950342655875384862435635093579716268666798089558683834866456157 0 0 0 0 0 0 0 0 0 0 0 0 0 0 0 0 0 0 0 0 0 0 0 0 0 0 0 0 0 1 0]
[1772620460539783759898217560006563707569296170009093522244736325387418984534094660245399679923130 0 0 0 0 0 0 0 0 0 0 0 0 0 0 0 0 0 0 0 0 0 0 0 0 0 0 0 0 0 0 1]
]
32 64 5
[1 0 0 0 0 0 0 0 0 0 0 0 0 0 0 0 0 0 0 0 0 0 0 0 0 0 0 0 0 0 0 0 1]
