[[1645959858977178613178535357356038345003347647640872323954344298141851569106830313618509320021889 0 0 0 0 0 0 0 0 0 0 0 0 0 0 0 0 0 0 0 0 0 0 0 0 0 0 0 0 0 0 0]
[53247557123089227062703394670522416110280806681114201401040429906775606968416599677656233478162 1 0 0 0 0 0 0 0 0 0 0 0 0 0 0 0 0 0 0 0 0 0 0 0 0 0 0 0 0 0 0]
[886098490647358042232390315759825259083678658070429010525136934682638442792436186943842284150882 0 1 0 0 0 0 0 0 0 0 0 0 0 0 0 0 0 0 0 0 0 0 0 0 0 0 0 0 0 0 0]
[1569956927687293780097782607964980413060625615659416856826423531183462146399731979156404743336850 0 0 1 0 0 0 0 0 0 0 0 0 0 0 0 0 0 0 0 0 0 0 0 0 0 0 0 0 0 0 0]
[194023307013399641838109294974125577806536439475215394839531317037134273745424377172095902589041 0 0 0 1 0 0 0 0 0 0 0 0 0 0 0 0 0 0 0 0 0 0 0 0 0 0 0 0 0 0 0]
[69627948404180668282167431651507513785203965560453953580361070579050512772118600573675678052183 0 0 0 0 1 0 0 0 0 0 0 0 0 0 0 0 0 0 0 0 0 0 0 0 0 0 0 0 0 0 0]
[1108998813391865722405174718686407847639269201023093497309819892408425745468006673271009793097523 0 0 0 0 0 1 0 0 0 0 0 0 0 0 0 0 0 0 0 0 0 0 0 0 0 0 0 0 0 0 0]
[1641490633190893499275619189988048666432268120997413415066798955903766379096120622313238683830422 0 0 0 0 0 0 1 0 0 0 0 0 0 0 0 0 0 0 0 0 0 0 0 0 0 0 0 0 0 0 0]
[1393257379847428236651309263366823026704786556518337923086871771363958731884383200633869168454068 0 0 0 0 0 0 0 1 0 0 0 0 0 0 0 0 0 0 0 0 0 0 0 0 0 0 0 0 0 0 0]
[945621957242199879061722284542311442548415694320468290946442951432482363223910711596961091858740 0 0 0 0 0 0 0 0 1 0 0 0 0 0 0 0 0 0 0 0 0 0 0 0 0 0 0 0 0 0 0]
[354250364620973715055532291352169496215680883854372613510835209697142470100475612309182213038712 0 0 0 0 0 0 0 0 0 1 0 0 0 0 0 0 0 0 0 0 0 0 0 0 0 0 0 0 0 0 0]
[1603508066475762995073573339667729699562827843809570384218083857183073478545751168675649893253323 0 0 0 0 0 0 0 0 0 0 1 0 0 0 0 0 0 0 0 0 0 0 0 0 0 0 0 0 0 0 0]
[93823654086502404489990663512464803052628998527563880413444034507533067514410171632599541024709 0 0 0 0 0 0 0 0 0 0 0 1 0 0 0 0 0 0 0 0 0 0 0 0 0 0 0 0 0 0 0]
[728099939212248860332719738353897317103018369727682126900894700407215198272115303759953046127971 0 0 0 0 0 0 0 0 0 0 0 0 1 0 0 0 0 0 0 0 0 0 0 0 0 0 0 0 0 0 0]
[855111323323542596331423265550081620750519369649131496132512706972445562164569192943796616031538 0 0 0 0 0 0 0 0 0 0 0 0 0 1 0 0 0 0 0 0 0 0 0 0 0 0 0 0 0 0 0]
[644504676233254768062159597909889799279056053744169115420922934098777222164099691731019770265031 0 0 0 0 0 0 0 0 0 0 0 0 0 0 1 0 0 0 0 0 0 0 0 0 0 0 0 0 0 0 0]
[14646291714399723770318643685988489082426407042530116539055553054275325962274881540118624985496 0 0 0 0 0 0 0 0 0 0 0 0 0 0 0 1 0 0 0 0 0 0 0 0 0 0 0 0 0 0 0]
[668690073551104647184091544623631475324565679108960933380291870677109171647814139688058808200403 0 0 0 0 0 0 0 0 0 0 0 0 0 0 0 0 1 0 0 0 0 0 0 0 0 0 0 0 0 0 0]
[69304810438297089842863839901245942469902512025476471523634175051171363499587562555840707018229 0 0 0 0 0 0 0 0 0 0 0 0 0 0 0 0 0 1 0 0 0 0 0 0 0 0 0 0 0 0 0]
[135838873037111033174960412300630845945396388956212931001052845820796596601136501057796679343007 0 0 0 0 0 0 0 0 0 0 0 0 0 0 0 0 0 0 1 0 0 0 0 0 0 0 0 0 0 0 0]
[1440570751354854448338783742216768311268056470367069001760487938838372584256448097272140648854985 0 0 0 0 0 0 0 0 0 0 0 0 0 0 0 0 0 0 0 1 0 0 0 0 0 0 0 0 0 0 0]
[1268960073358648570347683138435468230705241912110801045190354078430392776259415977652162185810272 0 0 0 0 0 0 0 0 0 0 0 0 0 0 0 0 0 0 0 0 1 0 0 0 0 0 0 0 0 0 0]
[1455806044178260837835079325656227082347639811280307210872732537831532492241084075645088922945066 0 0 0 0 0 0 0 0 0 0 0 0 0 0 0 0 0 0 0 0 0 1 0 0 0 0 0 0 0 0 0]
[694264044200906484356344230051519092952315625571068802689272637084757834166345102613308926447658 0 0 0 0 0 0 0 0 0 0 0 0 0 0 0 0 0 0 0 0 0 0 1 0 0 0 0 0 0 0 0]
[299916930702206442342603126241808566199377415301190484698701787803743927920466786544754672074269 0 0 0 0 0 0 0 0 0 0 0 0 0 0 0 0 0 0 0 0 0 0 0 1 0 0 0 0 0 0 0]
[1014624564932960153205680525697386236461587334236616288998303198977017629997204277228815335401378 0 0 0 0 0 0 0 0 0 0 0 0 0 0 0 0 0 0 0 0 0 0 0 0 1 0 0 0 0 0 0]
[1447741625603683211576616009739602416849134682767928125743601495922111466132244984876091658893743 0 0 0 0 0 0 0 0 0 0 0 0 0 0 0 0 0 0 0 0 0 0 0 0 0 1 0 0 0 0 0]
[679025708370041485376905703192959414720606878324788034085840608235379863008321717386495983832651 0 0 0 0 0 0 0 0 0 0 0 0 0 0 0 0 0 0 0 0 0 0 0 0 0 0 1 0 0 0 0]
[528220798642757065412593819139452522813043853878737982348540670539804305639477852690296468208766 0 0 0 0 0 0 0 0 0 0 0 0 0 0 0 0 0 0 0 0 0 0 0 0 0 0 0 1 0 0 0]
[1578336370760048496267650631994744398209407651968592442891466646144630788079819405315108362431606 0 0 0 0 0 0 0 0 0 0 0 0 0 0 0 0 0 0 0 0 0 0 0 0 0 0 0 0 1 0 0]
[904851508299072236052210933673835788606806600429353520877539959288564559455506218525690736954188 0 0 0 0 0 0 0 0 0 0 0 0 0 0 0 0 0 0 0 0 0 0 0 0 0 0 0 0 0 1 0]
[1621474026586835547719640049663564013656793385171039525877413687028654470638077249613598544652027 0 0 0 0 0 0 0 0 0 0 0 0 0 0 0 0 0 0 0 0 0 0 0 0 0 0 0 0 0 0 1]
]
32 64 8
[1 0 0 0 0 0 0 0 0 0 0 0 0 0 0 0 0 0 0 0 0 0 0 0 0 0 0 0 0 0 0 0 1]
