[[1707916713368799070608833736285612629511280782637632710667010165825303007522141970765198910563713 0 0 0 0 0 0 0 0 0 0 0 0 0 0 0 0 0 0 0 0 0 0 0 0 0 0 0 0 0 0 0]
[393761299014687936458130479438151224705777459091665095683843097024428848260037371468488083857605 1 0 0 0 0 0 0 0 0 0 0 0 0 0 0 0 0 0 0 0 0 0 0 0 0 0 0 0 0 0 0]
[1230571409926320470113624212698127307556049374998974662828452893784566335339786867843772863111500 0 1 0 0 0 0 0 0 0 0 0 0 0 0 0 0 0 0 0 0 0 0 0 0 0 0 0 0 0 0 0]
[127939606005019878365090390735541618182791878990665829389223234030913981742410082372518379772047 0 0 1 0 0 0 0 0 0 0 0 0 0 0 0 0 0 0 0 0 0 0 0 0 0 0 0 0 0 0 0]
[1270341239200380205445389885245000214292309483605980745809174227848243455500806474810247073374335 0 0 0 1 0 0 0 0 0 0 0 0 0 0 0 0 0 0 0 0 0 0 0 0 0 0 0 0 0 0 0]
[1094166598214865685497895939801475641936965752433236077568489617908990056403870755510319019916831 0 0 0 0 1 0 0 0 0 0 0 0 0 0 0 0 0 0 0 0 0 0 0 0 0 0 0 0 0 0 0]
[602848206035208848213031475526010633691705852096374478885438357463692520149772687239976374632192 0 0 0 0 0 1 0 0 0 0 0 0 0 0 0 0 0 0 0 0 0 0 0 0 0 0 0 0 0 0 0]
[1568112100812893745735623036540128589232663029612129666837401468588454685465147912950895927655575 0 0 0 0 0 0 1 0 0 0 0 0 0 0 0 0 0 0 0 0 0 0 0 0 0 0 0 0 0 0 0]
[1689316808888410593421934892008390177943624559766451598435341873292570162652015751401851559470997 0 0 0 0 0 0 0 1 0 0 0 0 0 0 0 0 0 0 0 0 0 0 0 0 0 0 0 0 0 0 0]
[1208828434347193723381367503935658678210577139752031701590720581465896465406247906153275373429417 0 0 0 0 0 0 0 0 1 0 0 0 0 0 0 0 0 0 0 0 0 0 0 0 0 0 0 0 0 0 0]
[609904845255212264463864660626895988297554228177910855508912551793267046548323098654135385664877 0 0 0 0 0 0 0 0 0 1 0 0 0 0 0 0 0 0 0 0 0 0 0 0 0 0 0 0 0 0 0]
[1673391422282435629043077364577163272923090920164843276053946452083262643994620157724503348522734 0 0 0 0 0 0 0 0 0 0 1 0 0 0 0 0 0 0 0 0 0 0 0 0 0 0 0 0 0 0 0]
[1275093237267364229459445227793072375782300721446529592495498002475649702964755568594759207768181 0 0 0 0 0 0 0 0 0 0 0 1 0 0 0 0 0 0 0 0 0 0 0 0 0 0 0 0 0 0 0]
[377180679010321158121375248346972827896937602462204615099901494119923893318022015890273846657391 0 0 0 0 0 0 0 0 0 0 0 0 1 0 0 0 0 0 0 0 0 0 0 0 0 0 0 0 0 0 0]
[1686694014358637382876615219737221395190203186917219764232831201730404085322878514983978494954662 0 0 0 0 0 0 0 0 0 0 0 0 0 1 0 0 0 0 0 0 0 0 0 0 0 0 0 0 0 0 0]
[1093347328709029823321206292703051161366312917601622523588178783477692392000581491067885897964582 0 0 0 0 0 0 0 0 0 0 0 0 0 0 1 0 0 0 0 0 0 0 0 0 0 0 0 0 0 0 0]
[473037351121060671456592878324614253369037343492330541812079790503653565205811202738107789917845 0 0 0 0 0 0 0 0 0 0 0 0 0 0 0 1 0 0 0 0 0 0 0 0 0 0 0 0 0 0 0]
[1341719312161897408020258617138572101356123223552604594795368027777524160730471763320201085083260 0 0 0 0 0 0 0 0 0 0 0 0 0 0 0 0 1 0 0 0 0 0 0 0 0 0 0 0 0 0 0]
[476777600649785017092274465456651709586940946090263758487127229022811019302250096149880190212415 0 0 0 0 0 0 0 0 0 0 0 0 0 0 0 0 0 1 0 0 0 0 0 0 0 0 0 0 0 0 0]
[1209005015737319481812591216970616041239242582269264187963256426483591356907703259797870566630088 0 0 0 0 0 0 0 0 0 0 0 0 0 0 0 0 0 0 1 0 0 0 0 0 0 0 0 0 0 0 0]
[1502167207263170123482472979328527305073307065270887770143633583640531573183538433295789391174195 0 0 0 0 0 0 0 0 0 0 0 0 0 0 0 0 0 0 0 1 0 0 0 0 0 0 0 0 0 0 0]
[71779573955340965218622687486683122638077589086817707104001055078660812617166155488251119286778 0 0 0 0 0 0 0 0 0 0 0 0 0 0 0 0 0 0 0 0 1 0 0 0 0 0 0 0 0 0 0]
[19938624610688612009388045754695632420110759258129935012227173057996684864205471484663107635295 0 0 0 0 0 0 0 0 0 0 0 0 0 0 0 0 0 0 0 0 0 1 0 0 0 0 0 0 0 0 0]
[841703593713395564990538506447387290888393685593875967912266456464277861826190441766997160586175 0 0 0 0 0 0 0 0 0 0 0 0 0 0 0 0 0 0 0 0 0 0 1 0 0 0 0 0 0 0 0]
[1694625176892204232243358773837228984765159139672984993861708427979961976169545362355417804581605 0 0 0 0 0 0 0 0 0 0 0 0 0 0 0 0 0 0 0 0 0 0 0 1 0 0 0 0 0 0 0]
[1542910777087026180150561890727897973540564715037326311280948565923123665994063279279082671047279 0 0 0 0 0 0 0 0 0 0 0 0 0 0 0 0 0 0 0 0 0 0 0 0 1 0 0 0 0 0 0]
[940759850595136021740905953165231415656590052391821516470811519605441715368824813898853651932230 0 0 0 0 0 0 0 0 0 0 0 0 0 0 0 0 0 0 0 0 0 0 0 0 0 1 0 0 0 0 0]
[791703019376418986123075302887800992146053006262155153421631915374159898284706457124943295850436 0 0 0 0 0 0 0 0 0 0 0 0 0 0 0 0 0 0 0 0 0 0 0 0 0 0 1 0 0 0 0]
[1669911112523984194872416808577707511819441636571506279192400934851135380897015037467833757434340 0 0 0 0 0 0 0 0 0 0 0 0 0 0 0 0 0 0 0 0 0 0 0 0 0 0 0 1 0 0 0]
[611409518536165559383544141177613576348981093335006319286991687452809172997631789475176199797915 0 0 0 0 0 0 0 0 0 0 0 0 0 0 0 0 0 0 0 0 0 0 0 0 0 0 0 0 1 0 0]
[973989289902036191579974901381312502666095266687811929413601804859350837988861634876171449703348 0 0 0 0 0 0 0 0 0 0 0 0 0 0 0 0 0 0 0 0 0 0 0 0 0 0 0 0 0 1 0]
[693741725914613550393954749004999537929157891052383161164333009573835158837987414935792740258354 0 0 0 0 0 0 0 0 0 0 0 0 0 0 0 0 0 0 0 0 0 0 0 0 0 0 0 0 0 0 1]
]
32 64 7
[1 0 0 0 0 0 0 0 0 0 0 0 0 0 0 0 0 0 0 0 0 0 0 0 0 0 0 0 0 0 0 0 1]
