[[2018637862750779316991948295256222925080284715148736648106475490868875667499378790680914670646209 0 0 0 0 0 0 0 0 0 0 0 0 0 0 0 0 0 0 0 0 0 0 0 0 0 0 0 0 0 0 0]
[979339033485948105061836247452741746247209090847963329285215536179746014345292204084986885645580 1 0 0 0 0 0 0 0 0 0 0 0 0 0 0 0 0 0 0 0 0 0 0 0 0 0 0 0 0 0 0]
[1363818911398169922743395501237743785435151459020852885703398912124185336792367416390555130590391 0 1 0 0 0 0 0 0 0 0 0 0 0 0 0 0 0 0 0 0 0 0 0 0 0 0 0 0 0 0 0]
[1695319008376596109746012174327596498855151847504055225181855114284709713533961118368788188288495 0 0 1 0 0 0 0 0 0 0 0 0 0 0 0 0 0 0 0 0 0 0 0 0 0 0 0 0 0 0 0]
[1012655973797175921828790427353425283470843155894362847114736354054266647716316132124744886959749 0 0 0 1 0 0 0 0 0 0 0 0 0 0 0 0 0 0 0 0 0 0 0 0 0 0 0 0 0 0 0]
[1843257825133254174196724288886126140312083287567920762423264204760978181831334825965922392936157 0 0 0 0 1 0 0 0 0 0 0 0 0 0 0 0 0 0 0 0 0 0 0 0 0 0 0 0 0 0 0]
[680952896288117804365466706560031672850651388473169190391241127572538055291383867977228601037201 0 0 0 0 0 1 0 0 0 0 0 0 0 0 0 0 0 0 0 0 0 0 0 0 0 0 0 0 0 0 0]
[525020869021802285853102538166232339939898649871763828016988022023590863929549173512699610033842 0 0 0 0 0 0 1 0 0 0 0 0 0 0 0 0 0 0 0 0 0 0 0 0 0 0 0 0 0 0 0]
[118837998254066751247229310001068893210702526035500186611830165494678176777967455191866555734170 0 0 0 0 0 0 0 1 0 0 0 0 0 0 0 0 0 0 0 0 0 0 0 0 0 0 0 0 0 0 0]
[1187728793912612682990909290300706259379826007255423732348430233504109121759598728398999734016688 0 0 0 0 0 0 0 0 1 0 0 0 0 0 0 0 0 0 0 0 0 0 0 0 0 0 0 0 0 0 0]
[299148019658423446459228635504415435639351257573074247166638807886397746824029583270542983106446 0 0 0 0 0 0 0 0 0 1 0 0 0 0 0 0 0 0 0 0 0 0 0 0 0 0 0 0 0 0 0]
[1814959629557111263507567866252499238972423889915562398075399495475817395474171025701543872620176 0 0 0 0 0 0 0 0 0 0 1 0 0 0 0 0 0 0 0 0 0 0 0 0 0 0 0 0 0 0 0]
[1972284025495037896734965555051614650701062520352132740038234389959749083522579752943562291415810 0 0 0 0 0 0 0 0 0 0 0 1 0 0 0 0 0 0 0 0 0 0 0 0 0 0 0 0 0 0 0]
[1835339619848401628059497622155816405292224281490102239280608354884432906706993261633269124298010 0 0 0 0 0 0 0 0 0 0 0 0 1 0 0 0 0 0 0 0 0 0 0 0 0 0 0 0 0 0 0]
[1827515769082296902789281998237029164668569945206502856265631621485589101356460509283068945021341 0 0 0 0 0 0 0 0 0 0 0 0 0 1 0 0 0 0 0 0 0 0 0 0 0 0 0 0 0 0 0]
[565044339779217865655064265429207821325068837772890818827638241057558386278782568571798922142506 0 0 0 0 0 0 0 0 0 0 0 0 0 0 1 0 0 0 0 0 0 0 0 0 0 0 0 0 0 0 0]
[271103572429728703986136519673978607630504072811520202085692171985513557867313631499384469970179 0 0 0 0 0 0 0 0 0 0 0 0 0 0 0 1 0 0 0 0 0 0 0 0 0 0 0 0 0 0 0]
[1035259857832524970815683973648117331872566989707598804988460390538405727657618664573954716607559 0 0 0 0 0 0 0 0 0 0 0 0 0 0 0 0 1 0 0 0 0 0 0 0 0 0 0 0 0 0 0]
[1802030621308466961846083508760813927405778013029685554843601228008070961464807508749487500831082 0 0 0 0 0 0 0 0 0 0 0 0 0 0 0 0 0 1 0 0 0 0 0 0 0 0 0 0 0 0 0]
[365825811206884802735480282018612492359097696476946238040811179782982081589972306531234624221033 0 0 0 0 0 0 0 0 0 0 0 0 0 0 0 0 0 0 1 0 0 0 0 0 0 0 0 0 0 0 0]
[511220251602064576530314817416594138550849992405554077595947701650606904312755663730940334256705 0 0 0 0 0 0 0 0 0 0 0 0 0 0 0 0 0 0 0 1 0 0 0 0 0 0 0 0 0 0 0]
[1854833156102397998971378990094913013717739499697131036288533600831439595604160716092829574564562 0 0 0 0 0 0 0 0 0 0 0 0 0 0 0 0 0 0 0 0 1 0 0 0 0 0 0 0 0 0 0]
[1787501768101491563869503949487446313884650564796983197433356791494664385104508762177069461132040 0 0 0 0 0 0 0 0 0 0 0 0 0 0 0 0 0 0 0 0 0 1 0 0 0 0 0 0 0 0 0]
[1135789317951288192034349374294474043763428785854723893365514843176133838559625276372072930803036 0 0 0 0 0 0 0 0 0 0 0 0 0 0 0 0 0 0 0 0 0 0 1 0 0 0 0 0 0 0 0]
[1406642893902486296870888808994870033901152753997820088468395271324464105454313677180916943175072 0 0 0 0 0 0 0 0 0 0 0 0 0 0 0 0 0 0 0 0 0 0 0 1 0 0 0 0 0 0 0]
[929734806418763183984269048292420629016164096040864576546919785699201292662785874715278044854249 0 0 0 0 0 0 0 0 0 0 0 0 0 0 0 0 0 0 0 0 0 0 0 0 1 0 0 0 0 0 0]
[209703454908547362889355455823523862395307101265560684475047212409866740901760610270627590231544 0 0 0 0 0 0 0 0 0 0 0 0 0 0 0 0 0 0 0 0 0 0 0 0 0 1 0 0 0 0 0]
[965490369389311473268071032851637086625185326672696812250825009702544065969589302981939569552243 0 0 0 0 0 0 0 0 0 0 0 0 0 0 0 0 0 0 0 0 0 0 0 0 0 0 1 0 0 0 0]
[1712354658128380634298576833509985407701457730256569476232010931114269726027338699033447364842060 0 0 0 0 0 0 0 0 0 0 0 0 0 0 0 0 0 0 0 0 0 0 0 0 0 0 0 1 0 0 0]
[1151699743378742178337722375875352118932187719871778559373859739973856173110638889495391435213280 0 0 0 0 0 0 0 0 0 0 0 0 0 0 0 0 0 0 0 0 0 0 0 0 0 0 0 0 1 0 0]
[346832599159546831569995429645284252111842871674247793873903447135029688934206489129662503539711 0 0 0 0 0 0 0 0 0 0 0 0 0 0 0 0 0 0 0 0 0 0 0 0 0 0 0 0 0 1 0]
[1698148522422099277427391546604940942984799326048040333775336448992960003651235721533516556094034 0 0 0 0 0 0 0 0 0 0 0 0 0 0 0 0 0 0 0 0 0 0 0 0 0 0 0 0 0 0 1]
]
32 64 0
[1 0 0 0 0 0 0 0 0 0 0 0 0 0 0 0 0 0 0 0 0 0 0 0 0 0 0 0 0 0 0 0 1]
