[[1695602013892395288872041231754877419429962137570430387893425043489276987883354181955939942124673 0 0 0 0 0 0 0 0 0 0 0 0 0 0 0 0 0 0 0 0 0 0 0 0 0 0 0 0 0 0 0]
[1591018364224246315072347266044934052371605802658837259298027169387145406666521348946286802074529 1 0 0 0 0 0 0 0 0 0 0 0 0 0 0 0 0 0 0 0 0 0 0 0 0 0 0 0 0 0 0]
[885771113105491723458861815878892345437831369985925386731760088075245772913388407113983601061206 0 1 0 0 0 0 0 0 0 0 0 0 0 0 0 0 0 0 0 0 0 0 0 0 0 0 0 0 0 0 0]
[1244138170418298476840352940902858789896543949513859398636062712612482062776677266246463224410307 0 0 1 0 0 0 0 0 0 0 0 0 0 0 0 0 0 0 0 0 0 0 0 0 0 0 0 0 0 0 0]
[1239844103794271355748972881298937328820783220212240632418234768690947403905844314224204432685840 0 0 0 1 0 0 0 0 0 0 0 0 0 0 0 0 0 0 0 0 0 0 0 0 0 0 0 0 0 0 0]
[749467192194333501781580527983885454454451993048976636842618827685949630101009515291575263160403 0 0 0 0 1 0 0 0 0 0 0 0 0 0 0 0 0 0 0 0 0 0 0 0 0 0 0 0 0 0 0]
[1683060684075448910095939007059381265050246878692397659377761153938679604476011042431803621714550 0 0 0 0 0 1 0 0 0 0 0 0 0 0 0 0 0 0 0 0 0 0 0 0 0 0 0 0 0 0 0]
[1532689586732774286010828230201348583383360354041463302087280013416370651934687974325643606642642 0 0 0 0 0 0 1 0 0 0 0 0 0 0 0 0 0 0 0 0 0 0 0 0 0 0 0 0 0 0 0]
[944021958327005575277708410708068307841782493620056083459699294106242830693398145140229191568796 0 0 0 0 0 0 0 1 0 0 0 0 0 0 0 0 0 0 0 0 0 0 0 0 0 0 0 0 0 0 0]
[289120466726819374775504728106804435145802952546010186057546791149313206880912046870575919255611 0 0 0 0 0 0 0 0 1 0 0 0 0 0 0 0 0 0 0 0 0 0 0 0 0 0 0 0 0 0 0]
[944012192719871277749855656201803587054052742797540428321383614626454394132840091433953491738785 0 0 0 0 0 0 0 0 0 1 0 0 0 0 0 0 0 0 0 0 0 0 0 0 0 0 0 0 0 0 0]
[415933342412250172797770208445914540828555373583139495896032108082296846525705882733228340140146 0 0 0 0 0 0 0 0 0 0 1 0 0 0 0 0 0 0 0 0 0 0 0 0 0 0 0 0 0 0 0]
[1599992313735284624141174533835591699559503583985137664026178329041273223639319578685935000152015 0 0 0 0 0 0 0 0 0 0 0 1 0 0 0 0 0 0 0 0 0 0 0 0 0 0 0 0 0 0 0]
[1683708201681859390732008632339614824505305602700988845295280894442319992467190336794134926384969 0 0 0 0 0 0 0 0 0 0 0 0 1 0 0 0 0 0 0 0 0 0 0 0 0 0 0 0 0 0 0]
[825708709993691492682990386257265998418499883791853634677247607607271194631661240108472041688935 0 0 0 0 0 0 0 0 0 0 0 0 0 1 0 0 0 0 0 0 0 0 0 0 0 0 0 0 0 0 0]
[445788866729543755222915837735646036738486206039086415016913249337164065531403346970960390286456 0 0 0 0 0 0 0 0 0 0 0 0 0 0 1 0 0 0 0 0 0 0 0 0 0 0 0 0 0 0 0]
[1683132675992571323869252095486550368119039933199339313592200420327570627228086786597084766003164 0 0 0 0 0 0 0 0 0 0 0 0 0 0 0 1 0 0 0 0 0 0 0 0 0 0 0 0 0 0 0]
[400346767379378367391904443196673846511826221496462485731815823378228231845387570830105478021247 0 0 0 0 0 0 0 0 0 0 0 0 0 0 0 0 1 0 0 0 0 0 0 0 0 0 0 0 0 0 0]
[1605286086457086698667751584820401910947322172470234283730499954430158652175042100386555740502580 0 0 0 0 0 0 0 0 0 0 0 0 0 0 0 0 0 1 0 0 0 0 0 0 0 0 0 0 0 0 0]
[532253801943794451793512078208162967420204696039730348113710320525459741817893521129288004425089 0 0 0 0 0 0 0 0 0 0 0 0 0 0 0 0 0 0 1 0 0 0 0 0 0 0 0 0 0 0 0]
[235234193681855008046987712665768010756488192738377201558515678507183156307456448102510794237188 0 0 0 0 0 0 0 0 0 0 0 0 0 0 0 0 0 0 0 1 0 0 0 0 0 0 0 0 0 0 0]
[1409525295055030563555489829417518275552770561575795776502033240927743398279309431122061397922618 0 0 0 0 0 0 0 0 0 0 0 0 0 0 0 0 0 0 0 0 1 0 0 0 0 0 0 0 0 0 0]
[693285653969980413067839825602147663081661864750359376029867906327390223024335402580486014259689 0 0 0 0 0 0 0 0 0 0 0 0 0 0 0 0 0 0 0 0 0 1 0 0 0 0 0 0 0 0 0]
[1523533365997265332035682509954512998611584434990367924557425296313124864827721407220647113465192 0 0 0 0 0 0 0 0 0 0 0 0 0 0 0 0 0 0 0 0 0 0 1 0 0 0 0 0 0 0 0]
[1434850406832794828771103243000613749259259123183990865981146775179503643079494888840319489433710 0 0 0 0 0 0 0 0 0 0 0 0 0 0 0 0 0 0 0 0 0 0 0 1 0 0 0 0 0 0 0]
[1480763438183287696320198568336719471193472307592846411549775830744827967238245758044216979721253 0 0 0 0 0 0 0 0 0 0 0 0 0 0 0 0 0 0 0 0 0 0 0 0 1 0 0 0 0 0 0]
[863985160725373386940062361858424809032610135503853215943536271693951010365095031968138949393661 0 0 0 0 0 0 0 0 0 0 0 0 0 0 0 0 0 0 0 0 0 0 0 0 0 1 0 0 0 0 0]
[490521444276754025960676830677155720801786319310092167466852618006944245924912543330437569741515 0 0 0 0 0 0 0 0 0 0 0 0 0 0 0 0 0 0 0 0 0 0 0 0 0 0 1 0 0 0 0]
[1257925675323756914418869469046997059821388055009047442314385535522301338574076187216676745330777 0 0 0 0 0 0 0 0 0 0 0 0 0 0 0 0 0 0 0 0 0 0 0 0 0 0 0 1 0 0 0]
[274366291233941565291007498369666968046818148530332094865362184879077356237530239042996267064754 0 0 0 0 0 0 0 0 0 0 0 0 0 0 0 0 0 0 0 0 0 0 0 0 0 0 0 0 1 0 0]
[755629752933748081504745564711961859000718141470855387339270980957917852501245376440255660757338 0 0 0 0 0 0 0 0 0 0 0 0 0 0 0 0 0 0 0 0 0 0 0 0 0 0 0 0 0 1 0]
[1493609609595605649058902956486914875303617896041785826650963018986077394302283166520325137376037 0 0 0 0 0 0 0 0 0 0 0 0 0 0 0 0 0 0 0 0 0 0 0 0 0 0 0 0 0 0 1]
]
32 64 9
[1 0 0 0 0 0 0 0 0 0 0 0 0 0 0 0 0 0 0 0 0 0 0 0 0 0 0 0 0 0 0 0 1]
