[[4065880746587663155490464722829986529998036570985502783291968931069168197996140246515918567403412915654630271600678300530543065406008332713802667991992575590087407495170979929192906064905700246564416956344405857 0 0 0 0 0 0 0 0 0 0 0 0 0 0 0 0 0 0 0 0 0 0 0 0 0 0 0 0 0 0 0 0 0 0 0 0 0 0 0 0 0 0 0 0 0 0 0 0 0 0 0 0 0 0 0 0 0 0 0 0 0 0 0 0 0 0 0 0 0]
[941351838218031513659436687074400551457107270279378614491733611534953320068691506433444270674639276716269963691151471761558921188342881628600507878214367469484724876996265399582414241769333324594753161128260235 1 0 0 0 0 0 0 0 0 0 0 0 0 0 0 0 0 0 0 0 0 0 0 0 0 0 0 0 0 0 0 0 0 0 0 0 0 0 0 0 0 0 0 0 0 0 0 0 0 0 0 0 0 0 0 0 0 0 0 0 0 0 0 0 0 0 0 0 0]
[1813960016372548199767705930821712212648803303825648927594920261909640151112578953014817094043670377347133791192209386105748446034621757828146507250412905618649924111946448357842225228408629401630642348215979545 0 1 0 0 0 0 0 0 0 0 0 0 0 0 0 0 0 0 0 0 0 0 0 0 0 0 0 0 0 0 0 0 0 0 0 0 0 0 0 0 0 0 0 0 0 0 0 0 0 0 0 0 0 0 0 0 0 0 0 0 0 0 0 0 0 0 0 0 0]
[1447111003592163475638906784560629368769002803115734773400146133278240863650200974032422845125274470341192897264225318107918492324692966796683623480611678682971853543935623885433746855032454371202286917660028637 0 0 1 0 0 0 0 0 0 0 0 0 0 0 0 0 0 0 0 0 0 0 0 0 0 0 0 0 0 0 0 0 0 0 0 0 0 0 0 0 0 0 0 0 0 0 0 0 0 0 0 0 0 0 0 0 0 0 0 0 0 0 0 0 0 0 0 0 0]
[2631651562473272705888375417070042458890484437010427920881710092722912331980979693661811397056505128173979793241533002080848435769429038573821927039842215794030897854787459618299780333125979003970235280109785107 0 0 0 1 0 0 0 0 0 0 0 0 0 0 0 0 0 0 0 0 0 0 0 0 0 0 0 0 0 0 0 0 0 0 0 0 0 0 0 0 0 0 0 0 0 0 0 0 0 0 0 0 0 0 0 0 0 0 0 0 0 0 0 0 0 0 0 0 0]
[664703809402905943897477694366087481588382797981066932736382280345709275073885734467588576662986657918701285899000913559021046946252414731087696783559085353795576432470585588945670233431162646036185748188224517 0 0 0 0 1 0 0 0 0 0 0 0 0 0 0 0 0 0 0 0 0 0 0 0 0 0 0 0 0 0 0 0 0 0 0 0 0 0 0 0 0 0 0 0 0 0 0 0 0 0 0 0 0 0 0 0 0 0 0 0 0 0 0 0 0 0 0 0 0]
[2054846171756917503083571159666859051025376177663826728172114153506193962667674393935880258086250912184418468811862055110459322356472546992100334120796264195854242378567962688493933194337964074141484428849166513 0 0 0 0 0 1 0 0 0 0 0 0 0 0 0 0 0 0 0 0 0 0 0 0 0 0 0 0 0 0 0 0 0 0 0 0 0 0 0 0 0 0 0 0 0 0 0 0 0 0 0 0 0 0 0 0 0 0 0 0 0 0 0 0 0 0 0 0 0]
[957929789702068645246231592621517525694561480465985081466538275098219436405164291742119637676973357649418450468046139453048761679735947492754872302256070676593473268068151492568337555392715801190839900736577615 0 0 0 0 0 0 1 0 0 0 0 0 0 0 0 0 0 0 0 0 0 0 0 0 0 0 0 0 0 0 0 0 0 0 0 0 0 0 0 0 0 0 0 0 0 0 0 0 0 0 0 0 0 0 0 0 0 0 0 0 0 0 0 0 0 0 0 0 0]
[282539118803572377091855523496508619390132717576604992054572902932970839721494266739424062433409821603707013282764290043818665360096902621132314639576794291901765318299979855374558841489010608736021105657484152 0 0 0 0 0 0 0 1 0 0 0 0 0 0 0 0 0 0 0 0 0 0 0 0 0 0 0 0 0 0 0 0 0 0 0 0 0 0 0 0 0 0 0 0 0 0 0 0 0 0 0 0 0 0 0 0 0 0 0 0 0 0 0 0 0 0 0 0 0]
[3784342996389718035425963422676581513010363378745568291073030700602666253769385584911228553274348947967424163097964879666701010903653042964960152523982405789035907280094811248542105703113735141763266583090228246 0 0 0 0 0 0 0 0 1 0 0 0 0 0 0 0 0 0 0 0 0 0 0 0 0 0 0 0 0 0 0 0 0 0 0 0 0 0 0 0 0 0 0 0 0 0 0 0 0 0 0 0 0 0 0 0 0 0 0 0 0 0 0 0 0 0 0 0 0]
[1499686814116374189785612644302555445147427393017537633867927592955163526625304532136668419183794770541316888933826680842768038421527605562315201651905543211329666724713895172896600413212845386917659173328513273 0 0 0 0 0 0 0 0 0 1 0 0 0 0 0 0 0 0 0 0 0 0 0 0 0 0 0 0 0 0 0 0 0 0 0 0 0 0 0 0 0 0 0 0 0 0 0 0 0 0 0 0 0 0 0 0 0 0 0 0 0 0 0 0 0 0 0 0 0]
[3955402723549522429987146058094096053439005166328574649887805888928128569939032422237142566060422987812566672673214359245545622350214851515461027810963646585328500729799738355650727215739861994307298923759522284 0 0 0 0 0 0 0 0 0 0 1 0 0 0 0 0 0 0 0 0 0 0 0 0 0 0 0 0 0 0 0 0 0 0 0 0 0 0 0 0 0 0 0 0 0 0 0 0 0 0 0 0 0 0 0 0 0 0 0 0 0 0 0 0 0 0 0 0 0]
[2531270149897840893004585874980620907499005042391846295080493908612161241354920844374021776521313488135553968856517960287388540991681156443425441471516575970602506790446019649718129924820890271162784177849298266 0 0 0 0 0 0 0 0 0 0 0 1 0 0 0 0 0 0 0 0 0 0 0 0 0 0 0 0 0 0 0 0 0 0 0 0 0 0 0 0 0 0 0 0 0 0 0 0 0 0 0 0 0 0 0 0 0 0 0 0 0 0 0 0 0 0 0 0 0]
[3055689636436413433784812255982572511446338883218886440850359820315875751795085410316938868543961631856629653721039414589965985549277236613348414796228319416539027549059132314889368784027274697306781319438272118 0 0 0 0 0 0 0 0 0 0 0 0 1 0 0 0 0 0 0 0 0 0 0 0 0 0 0 0 0 0 0 0 0 0 0 0 0 0 0 0 0 0 0 0 0 0 0 0 0 0 0 0 0 0 0 0 0 0 0 0 0 0 0 0 0 0 0 0 0]
[1871063483828578640711555080037159694935456687496210612366445229668439696443504947453719304240441436164419672411534791301079217354142709485988911257174549508513459971627986329295694990332158947305061905445404535 0 0 0 0 0 0 0 0 0 0 0 0 0 1 0 0 0 0 0 0 0 0 0 0 0 0 0 0 0 0 0 0 0 0 0 0 0 0 0 0 0 0 0 0 0 0 0 0 0 0 0 0 0 0 0 0 0 0 0 0 0 0 0 0 0 0 0 0 0]
[2818718089502110390641204860787250196877763626300709777233185647241023830535865896791569445211796189325108802138256671875654325951611000632219404564970891117656879820083012442237622514403249423635844580604516195 0 0 0 0 0 0 0 0 0 0 0 0 0 0 1 0 0 0 0 0 0 0 0 0 0 0 0 0 0 0 0 0 0 0 0 0 0 0 0 0 0 0 0 0 0 0 0 0 0 0 0 0 0 0 0 0 0 0 0 0 0 0 0 0 0 0 0 0 0]
[1361081823003210380790597738685395905667160070535259369477978369362178784535243384781598504922156071553366217850489293368266040557101907747649597776845934622178791041324238605693370415931325442175324554713423562 0 0 0 0 0 0 0 0 0 0 0 0 0 0 0 1 0 0 0 0 0 0 0 0 0 0 0 0 0 0 0 0 0 0 0 0 0 0 0 0 0 0 0 0 0 0 0 0 0 0 0 0 0 0 0 0 0 0 0 0 0 0 0 0 0 0 0 0 0]
[3310076501691003320620696810796813739128281989230731235985799072644830101819192112797438089794156239371636623479513982737956890813253915199057986105991912586185940980735380999962533513262490009481186138064109353 0 0 0 0 0 0 0 0 0 0 0 0 0 0 0 0 1 0 0 0 0 0 0 0 0 0 0 0 0 0 0 0 0 0 0 0 0 0 0 0 0 0 0 0 0 0 0 0 0 0 0 0 0 0 0 0 0 0 0 0 0 0 0 0 0 0 0 0 0]
[223446804647250314381332388439099505337013333228121450243088209754071670599646329456107001277347678062812555287683385290178199687483449133734631546949825018628048792992341106868892498695933314289864041181968610 0 0 0 0 0 0 0 0 0 0 0 0 0 0 0 0 0 1 0 0 0 0 0 0 0 0 0 0 0 0 0 0 0 0 0 0 0 0 0 0 0 0 0 0 0 0 0 0 0 0 0 0 0 0 0 0 0 0 0 0 0 0 0 0 0 0 0 0 0]
[109470853016448549009353901588191650950762504771152561281831419657674049195366680306312171685719444571501809875550775950889875922544493215200165436081220364816372244624883317333958171916389453621523309196894631 0 0 0 0 0 0 0 0 0 0 0 0 0 0 0 0 0 0 1 0 0 0 0 0 0 0 0 0 0 0 0 0 0 0 0 0 0 0 0 0 0 0 0 0 0 0 0 0 0 0 0 0 0 0 0 0 0 0 0 0 0 0 0 0 0 0 0 0 0]
[873354227139393346050466495237514911186598109302135162138308148170008585736969375760850623694955477579681669458672675904568467918980882949679082117412178691839460682765649654215085854551240545239168361769436443 0 0 0 0 0 0 0 0 0 0 0 0 0 0 0 0 0 0 0 1 0 0 0 0 0 0 0 0 0 0 0 0 0 0 0 0 0 0 0 0 0 0 0 0 0 0 0 0 0 0 0 0 0 0 0 0 0 0 0 0 0 0 0 0 0 0 0 0 0]
[3712112314467364828516697767868100982817203896040094756431806106800219553812404771143711523271787876917503846313439758204165455908997167098167469109577366403787282162384941883168936991913715842875046294088831908 0 0 0 0 0 0 0 0 0 0 0 0 0 0 0 0 0 0 0 0 1 0 0 0 0 0 0 0 0 0 0 0 0 0 0 0 0 0 0 0 0 0 0 0 0 0 0 0 0 0 0 0 0 0 0 0 0 0 0 0 0 0 0 0 0 0 0 0 0]
[799888150198551920717944328071910916303993282292303434320167581344704341784150238405171212215057209638508067263699269640905038781223777787342086591731475228151058100197385965307447876064678748793608566982545102 0 0 0 0 0 0 0 0 0 0 0 0 0 0 0 0 0 0 0 0 0 1 0 0 0 0 0 0 0 0 0 0 0 0 0 0 0 0 0 0 0 0 0 0 0 0 0 0 0 0 0 0 0 0 0 0 0 0 0 0 0 0 0 0 0 0 0 0 0]
[3018512129468424249054871657751367579639151454736847271483939807176135550392120014593110063733811538589382201165696316070726286398500390086930495844586522684400414692923698358582357238344653526655258801490096162 0 0 0 0 0 0 0 0 0 0 0 0 0 0 0 0 0 0 0 0 0 0 1 0 0 0 0 0 0 0 0 0 0 0 0 0 0 0 0 0 0 0 0 0 0 0 0 0 0 0 0 0 0 0 0 0 0 0 0 0 0 0 0 0 0 0 0 0 0]
[1594257214942200928618971538229513115653366584981576507402351321402026956692983662024671141229908515832293147417160465697007263585682173981486678611047505516398507487713984623726442170510117708692080859461320263 0 0 0 0 0 0 0 0 0 0 0 0 0 0 0 0 0 0 0 0 0 0 0 1 0 0 0 0 0 0 0 0 0 0 0 0 0 0 0 0 0 0 0 0 0 0 0 0 0 0 0 0 0 0 0 0 0 0 0 0 0 0 0 0 0 0 0 0 0]
[1518143360713549730624183991052239177399048407265435040350702128825238637095885559136930828903749072010218979121000510431140332998734110469738399358757930277117906460392689280257269193550957807273019958151162725 0 0 0 0 0 0 0 0 0 0 0 0 0 0 0 0 0 0 0 0 0 0 0 0 1 0 0 0 0 0 0 0 0 0 0 0 0 0 0 0 0 0 0 0 0 0 0 0 0 0 0 0 0 0 0 0 0 0 0 0 0 0 0 0 0 0 0 0 0]
[13752548406900136236642564973558568819062906138792925260487607473758217477679345898606269537125214363902482330420658545711640563490103507041645286839416989255372502589933928515228973741118995807911227077640830 0 0 0 0 0 0 0 0 0 0 0 0 0 0 0 0 0 0 0 0 0 0 0 0 0 1 0 0 0 0 0 0 0 0 0 0 0 0 0 0 0 0 0 0 0 0 0 0 0 0 0 0 0 0 0 0 0 0 0 0 0 0 0 0 0 0 0 0 0]
[1964848708353309625803910658943317936095865672972187318978390313980625354096475386106015769847555343260336432533694377509600831313705776147188134603535872823265893529399194446158210728983697606733934686123514012 0 0 0 0 0 0 0 0 0 0 0 0 0 0 0 0 0 0 0 0 0 0 0 0 0 0 1 0 0 0 0 0 0 0 0 0 0 0 0 0 0 0 0 0 0 0 0 0 0 0 0 0 0 0 0 0 0 0 0 0 0 0 0 0 0 0 0 0 0]
[345122849263265416676266025171555323276774185803963363458462627981349457943869110827579099186974187698901532605866232232493388697205042339568672533735062418185921873510521183025979706751311075763371671069303412 0 0 0 0 0 0 0 0 0 0 0 0 0 0 0 0 0 0 0 0 0 0 0 0 0 0 0 1 0 0 0 0 0 0 0 0 0 0 0 0 0 0 0 0 0 0 0 0 0 0 0 0 0 0 0 0 0 0 0 0 0 0 0 0 0 0 0 0 0]
[668427418423673254826153120213254050989634670112375812570154225210582799430846029546276798314207161481909763501350278838219306714184426367869703758298272841581913741462411203750097756558257801734549210611622756 0 0 0 0 0 0 0 0 0 0 0 0 0 0 0 0 0 0 0 0 0 0 0 0 0 0 0 0 1 0 0 0 0 0 0 0 0 0 0 0 0 0 0 0 0 0 0 0 0 0 0 0 0 0 0 0 0 0 0 0 0 0 0 0 0 0 0 0 0]
[2607458035246926308574053464821225910060644848027440339482922521338932587346839585985482291639973267829495026064434471345897088256297460664353492571217615163872728875022057763558744257914901859058313660589422611 0 0 0 0 0 0 0 0 0 0 0 0 0 0 0 0 0 0 0 0 0 0 0 0 0 0 0 0 0 1 0 0 0 0 0 0 0 0 0 0 0 0 0 0 0 0 0 0 0 0 0 0 0 0 0 0 0 0 0 0 0 0 0 0 0 0 0 0 0]
[3946822095298983419141979643826019965714584554175536056468593873878977781842027413599870853758888117274944081200563872414794420118882492876196505286849398820747458897695770736834068768184209611783720029948596061 0 0 0 0 0 0 0 0 0 0 0 0 0 0 0 0 0 0 0 0 0 0 0 0 0 0 0 0 0 0 1 0 0 0 0 0 0 0 0 0 0 0 0 0 0 0 0 0 0 0 0 0 0 0 0 0 0 0 0 0 0 0 0 0 0 0 0 0 0]
[3010225994973558497598098571005179240162358392045283534139162347858217028939920569207613087241965422232544044831668251264782478781466840583902770208564221717839118809120332575366846340647233473852416241871434540 0 0 0 0 0 0 0 0 0 0 0 0 0 0 0 0 0 0 0 0 0 0 0 0 0 0 0 0 0 0 0 1 0 0 0 0 0 0 0 0 0 0 0 0 0 0 0 0 0 0 0 0 0 0 0 0 0 0 0 0 0 0 0 0 0 0 0 0 0]
[2746670033303348091495377204708750396030037163716003181603590914409498360414296497780172341272037069137231474945130652555604989497889111626792071696591154412311634186356565138539667629063912278432904636086127123 0 0 0 0 0 0 0 0 0 0 0 0 0 0 0 0 0 0 0 0 0 0 0 0 0 0 0 0 0 0 0 0 1 0 0 0 0 0 0 0 0 0 0 0 0 0 0 0 0 0 0 0 0 0 0 0 0 0 0 0 0 0 0 0 0 0 0 0 0]
[1855978859242884107153510136631953055381947534008524465169075731706712150915076305669925635260661641546847996184408711620972352721512842750934202516147363463966336666833855283806688682819054631667579546072106758 0 0 0 0 0 0 0 0 0 0 0 0 0 0 0 0 0 0 0 0 0 0 0 0 0 0 0 0 0 0 0 0 0 1 0 0 0 0 0 0 0 0 0 0 0 0 0 0 0 0 0 0 0 0 0 0 0 0 0 0 0 0 0 0 0 0 0 0 0]
[3366903767462787577047885165475527953304137496387063770061953844393991670250380814721822684595144970830002834638196224953921125189438659643847129678860025927227874101835675037858313002983337094097768021624670638 0 0 0 0 0 0 0 0 0 0 0 0 0 0 0 0 0 0 0 0 0 0 0 0 0 0 0 0 0 0 0 0 0 0 1 0 0 0 0 0 0 0 0 0 0 0 0 0 0 0 0 0 0 0 0 0 0 0 0 0 0 0 0 0 0 0 0 0 0]
[2143340338885169865580087001672723013985764400483882410051666272027623879302334475882215995332628869031803263460125758757554875470007169140342400305020938539994804987435587920646989440841829132923189689741707649 0 0 0 0 0 0 0 0 0 0 0 0 0 0 0 0 0 0 0 0 0 0 0 0 0 0 0 0 0 0 0 0 0 0 0 1 0 0 0 0 0 0 0 0 0 0 0 0 0 0 0 0 0 0 0 0 0 0 0 0 0 0 0 0 0 0 0 0 0]
[3915757744256262528198199527987025944383763013478500333714801350792109963745150151594897018763313885497974863681200525942992975787404597988666568174468716715650999060362109674970766781953216325041535026350053227 0 0 0 0 0 0 0 0 0 0 0 0 0 0 0 0 0 0 0 0 0 0 0 0 0 0 0 0 0 0 0 0 0 0 0 0 1 0 0 0 0 0 0 0 0 0 0 0 0 0 0 0 0 0 0 0 0 0 0 0 0 0 0 0 0 0 0 0 0]
[893061174925823629539743103739432653428262336864908830184240111093417851820956252692597154624939856049932232458731402054081373433771916781679250101623578644518458605772508377150760049444850589685064374850968473 0 0 0 0 0 0 0 0 0 0 0 0 0 0 0 0 0 0 0 0 0 0 0 0 0 0 0 0 0 0 0 0 0 0 0 0 0 1 0 0 0 0 0 0 0 0 0 0 0 0 0 0 0 0 0 0 0 0 0 0 0 0 0 0 0 0 0 0 0]
[2208034278967659520518627213412535409011462576038444433543474163750490024995297035200906280480243616386138128456227322874664735884068631955267993207370169968955775166871706766854450286100275576201576625844702021 0 0 0 0 0 0 0 0 0 0 0 0 0 0 0 0 0 0 0 0 0 0 0 0 0 0 0 0 0 0 0 0 0 0 0 0 0 0 1 0 0 0 0 0 0 0 0 0 0 0 0 0 0 0 0 0 0 0 0 0 0 0 0 0 0 0 0 0 0]
[2683473577466440540946864306598505896556030250501156232187152408713865083169355668908842485994512540636085752705374935442711663770159890648733048412463195913881905316704815031136880858344986457064849288130800462 0 0 0 0 0 0 0 0 0 0 0 0 0 0 0 0 0 0 0 0 0 0 0 0 0 0 0 0 0 0 0 0 0 0 0 0 0 0 0 1 0 0 0 0 0 0 0 0 0 0 0 0 0 0 0 0 0 0 0 0 0 0 0 0 0 0 0 0 0]
[3091733226882010278774960703490962964700044042870706739721828381979496065478635106176279157845870913217401635128849085766299609236743630837310265180131104380486438433317264879906506390576396761935189098943799622 0 0 0 0 0 0 0 0 0 0 0 0 0 0 0 0 0 0 0 0 0 0 0 0 0 0 0 0 0 0 0 0 0 0 0 0 0 0 0 0 1 0 0 0 0 0 0 0 0 0 0 0 0 0 0 0 0 0 0 0 0 0 0 0 0 0 0 0 0]
[2740704061919050919316717772085757365885311662239160594743868755871391948631796369544027312109381070726887918796081345533426908349276981933662399900245633928783426865486857199559287178002913907284016350883633920 0 0 0 0 0 0 0 0 0 0 0 0 0 0 0 0 0 0 0 0 0 0 0 0 0 0 0 0 0 0 0 0 0 0 0 0 0 0 0 0 0 1 0 0 0 0 0 0 0 0 0 0 0 0 0 0 0 0 0 0 0 0 0 0 0 0 0 0 0]
[3169589202100508022859666252182882702826252354495999240827759119415307596197971208019381751950547929880999111586096383462579447405395887934622444629792167345674078336377788589118337837508608699287415992233868770 0 0 0 0 0 0 0 0 0 0 0 0 0 0 0 0 0 0 0 0 0 0 0 0 0 0 0 0 0 0 0 0 0 0 0 0 0 0 0 0 0 0 1 0 0 0 0 0 0 0 0 0 0 0 0 0 0 0 0 0 0 0 0 0 0 0 0 0 0]
[1264437908369201916670248146235360654544665847716709608633882540301136918661387145465267630198150907418191019516807899140861558806440454965240749766708215708978171148742651275643631740156256733857862479227206131 0 0 0 0 0 0 0 0 0 0 0 0 0 0 0 0 0 0 0 0 0 0 0 0 0 0 0 0 0 0 0 0 0 0 0 0 0 0 0 0 0 0 0 1 0 0 0 0 0 0 0 0 0 0 0 0 0 0 0 0 0 0 0 0 0 0 0 0 0]
[1990171107532136447434869113927105797036926584468390748038765588629516848915018093835743435453285143662635329777602280151001379429505112342971266779586956154896214595554469816249324384810845279050450400056892419 0 0 0 0 0 0 0 0 0 0 0 0 0 0 0 0 0 0 0 0 0 0 0 0 0 0 0 0 0 0 0 0 0 0 0 0 0 0 0 0 0 0 0 0 1 0 0 0 0 0 0 0 0 0 0 0 0 0 0 0 0 0 0 0 0 0 0 0 0]
[3518957323393084569534712797679538293481307784662555849372296990124306324795996983603589054177152252017417373186548242268532542255990569431339792850875432513574656706580626959482656515854515795064203851165170468 0 0 0 0 0 0 0 0 0 0 0 0 0 0 0 0 0 0 0 0 0 0 0 0 0 0 0 0 0 0 0 0 0 0 0 0 0 0 0 0 0 0 0 0 0 1 0 0 0 0 0 0 0 0 0 0 0 0 0 0 0 0 0 0 0 0 0 0 0]
[813870456700354515499728625074993185541692374159685950541559498063678341546709804661169319597121207955129311396339568987972493668030210359906987370210324929591814954489429515688133899694842617258799258782045978 0 0 0 0 0 0 0 0 0 0 0 0 0 0 0 0 0 0 0 0 0 0 0 0 0 0 0 0 0 0 0 0 0 0 0 0 0 0 0 0 0 0 0 0 0 0 1 0 0 0 0 0 0 0 0 0 0 0 0 0 0 0 0 0 0 0 0 0 0]
[31420654814199910171626301147513771246106630970228730024264918551002419489382412782285190535996107543070745069636310382184904202689737848714290250326725055050977216472457571105204250169771884898641452859639348 0 0 0 0 0 0 0 0 0 0 0 0 0 0 0 0 0 0 0 0 0 0 0 0 0 0 0 0 0 0 0 0 0 0 0 0 0 0 0 0 0 0 0 0 0 0 0 1 0 0 0 0 0 0 0 0 0 0 0 0 0 0 0 0 0 0 0 0 0]
[423733301637493933932763000093237311658323787157994228793556126926561719191680221277905114824068833647562437829374292292804132178571873756989161003604243435889459977817820343291468511479834203244789088943670689 0 0 0 0 0 0 0 0 0 0 0 0 0 0 0 0 0 0 0 0 0 0 0 0 0 0 0 0 0 0 0 0 0 0 0 0 0 0 0 0 0 0 0 0 0 0 0 0 1 0 0 0 0 0 0 0 0 0 0 0 0 0 0 0 0 0 0 0 0]
[3856771902625911486745455062487542643409492663086277622474276756898446330872560723827336232973612573140477537782122819649283632014364284795048370992940824875605866062298805673489396929522207742983270951140502588 0 0 0 0 0 0 0 0 0 0 0 0 0 0 0 0 0 0 0 0 0 0 0 0 0 0 0 0 0 0 0 0 0 0 0 0 0 0 0 0 0 0 0 0 0 0 0 0 0 1 0 0 0 0 0 0 0 0 0 0 0 0 0 0 0 0 0 0 0]
[1949416288850205307156376547331399756458111798197402675786702926535038413765954191107432248055982072106902152152913244320616739268370986986896567041317385675408960037034583499152780509168544392899987823468148547 0 0 0 0 0 0 0 0 0 0 0 0 0 0 0 0 0 0 0 0 0 0 0 0 0 0 0 0 0 0 0 0 0 0 0 0 0 0 0 0 0 0 0 0 0 0 0 0 0 0 1 0 0 0 0 0 0 0 0 0 0 0 0 0 0 0 0 0 0]
[1830209936563711878957045392744542493854625507650953758381757305513674729474047638215766899881387065120311757987107155750518394698875008737176156825137839698549181413297205371814674403857983208435333333942710809 0 0 0 0 0 0 0 0 0 0 0 0 0 0 0 0 0 0 0 0 0 0 0 0 0 0 0 0 0 0 0 0 0 0 0 0 0 0 0 0 0 0 0 0 0 0 0 0 0 0 0 1 0 0 0 0 0 0 0 0 0 0 0 0 0 0 0 0 0]
[1815854594012014352040570590613930285884314700324664716234456072173400553292631584368101826582744448512666498253272199878134818376012875112997876905914851157580217848819506367483967834991892646828406517466259944 0 0 0 0 0 0 0 0 0 0 0 0 0 0 0 0 0 0 0 0 0 0 0 0 0 0 0 0 0 0 0 0 0 0 0 0 0 0 0 0 0 0 0 0 0 0 0 0 0 0 0 0 1 0 0 0 0 0 0 0 0 0 0 0 0 0 0 0 0]
[3964003391234477728549313858792556592514450885479025070439700287336718943490024442596318027966909277104070863415184041535951190745625240072030726925479654441997904173573489053186869773658460699110859298649151816 0 0 0 0 0 0 0 0 0 0 0 0 0 0 0 0 0 0 0 0 0 0 0 0 0 0 0 0 0 0 0 0 0 0 0 0 0 0 0 0 0 0 0 0 0 0 0 0 0 0 0 0 0 1 0 0 0 0 0 0 0 0 0 0 0 0 0 0 0]
[1669258504014415964045330490288547064686327337126947989279734629071560130077136076652857235831722027995637705990142054473500465693833537558908426655123056572222165850793403193295815376820700171920199391267633222 0 0 0 0 0 0 0 0 0 0 0 0 0 0 0 0 0 0 0 0 0 0 0 0 0 0 0 0 0 0 0 0 0 0 0 0 0 0 0 0 0 0 0 0 0 0 0 0 0 0 0 0 0 0 1 0 0 0 0 0 0 0 0 0 0 0 0 0 0]
[2558641923360648648819346215398471043661385015460156047219084853536968570048261032243667265286677713406808669758277945467706545217696605601459557182250058571442624134470058484257727888293365880297518763110895822 0 0 0 0 0 0 0 0 0 0 0 0 0 0 0 0 0 0 0 0 0 0 0 0 0 0 0 0 0 0 0 0 0 0 0 0 0 0 0 0 0 0 0 0 0 0 0 0 0 0 0 0 0 0 0 1 0 0 0 0 0 0 0 0 0 0 0 0 0]
[3840443494172947759885829335787798550312703778523843647395109749954488203167323871252921924802543043041032860756123856839565515468160025843179997173236847367036015033639743894169052715099782063110331374029610705 0 0 0 0 0 0 0 0 0 0 0 0 0 0 0 0 0 0 0 0 0 0 0 0 0 0 0 0 0 0 0 0 0 0 0 0 0 0 0 0 0 0 0 0 0 0 0 0 0 0 0 0 0 0 0 0 1 0 0 0 0 0 0 0 0 0 0 0 0]
[1341706409710253307139433131677474394073195964052901665690167234214806092965352372191650640682937206956332221064547250402025032811269990875007763739133146159352867909056031452889986726744333951951790525092138699 0 0 0 0 0 0 0 0 0 0 0 0 0 0 0 0 0 0 0 0 0 0 0 0 0 0 0 0 0 0 0 0 0 0 0 0 0 0 0 0 0 0 0 0 0 0 0 0 0 0 0 0 0 0 0 0 0 1 0 0 0 0 0 0 0 0 0 0 0]
[1866523373348405937782174904334025097758162190066837716352358629755042390103207549883067976318244972161156873796005944917761613178931005642002996729392354672472778852513786748736469092782352889979193087540104467 0 0 0 0 0 0 0 0 0 0 0 0 0 0 0 0 0 0 0 0 0 0 0 0 0 0 0 0 0 0 0 0 0 0 0 0 0 0 0 0 0 0 0 0 0 0 0 0 0 0 0 0 0 0 0 0 0 0 1 0 0 0 0 0 0 0 0 0 0]
[3411285266162523015700505123253219689812841525329033070923588619768510967745392328894863061423355065774097684353399563874185302472627976610668090103522349867572487235089827663267732925920005681166650990175490713 0 0 0 0 0 0 0 0 0 0 0 0 0 0 0 0 0 0 0 0 0 0 0 0 0 0 0 0 0 0 0 0 0 0 0 0 0 0 0 0 0 0 0 0 0 0 0 0 0 0 0 0 0 0 0 0 0 0 0 1 0 0 0 0 0 0 0 0 0]
[2844425914078961909282871104729942639083152057098524940514725789474827329070165789488701068447900943147256548298463503804436813387159358430019251028404900118730827344201614448289635537864320140905287697981245597 0 0 0 0 0 0 0 0 0 0 0 0 0 0 0 0 0 0 0 0 0 0 0 0 0 0 0 0 0 0 0 0 0 0 0 0 0 0 0 0 0 0 0 0 0 0 0 0 0 0 0 0 0 0 0 0 0 0 0 0 1 0 0 0 0 0 0 0 0]
[510729166374079948189394348632845020150691866889543904575436198664365032344315341613151405647476653990079361597566952081805675003264390248839562877676066912683968339060956621399275216518433459992418124243038471 0 0 0 0 0 0 0 0 0 0 0 0 0 0 0 0 0 0 0 0 0 0 0 0 0 0 0 0 0 0 0 0 0 0 0 0 0 0 0 0 0 0 0 0 0 0 0 0 0 0 0 0 0 0 0 0 0 0 0 0 0 1 0 0 0 0 0 0 0]
[20470859536342428263994496239711769032037319282145191242878112692023502344466446190103643886741187836102307417878993725632612104963914646735303296504006726534985588199646068581414617663071587441611328345886709 0 0 0 0 0 0 0 0 0 0 0 0 0 0 0 0 0 0 0 0 0 0 0 0 0 0 0 0 0 0 0 0 0 0 0 0 0 0 0 0 0 0 0 0 0 0 0 0 0 0 0 0 0 0 0 0 0 0 0 0 0 0 1 0 0 0 0 0 0]
[4034389879092352633564175945142100720853163366538553568928877622717356967558893384342520479705026758662893373104759819807176798109460530815549574940028756917836024679266660946105963001366147376926143032118394685 0 0 0 0 0 0 0 0 0 0 0 0 0 0 0 0 0 0 0 0 0 0 0 0 0 0 0 0 0 0 0 0 0 0 0 0 0 0 0 0 0 0 0 0 0 0 0 0 0 0 0 0 0 0 0 0 0 0 0 0 0 0 0 1 0 0 0 0 0]
[2947515470050674316904303772001796266497676968342247622711054013648301094394738132206398307896454708115013832240942872802655111362423597484391365486805514958311058636226280607913640615093732328603901231151540340 0 0 0 0 0 0 0 0 0 0 0 0 0 0 0 0 0 0 0 0 0 0 0 0 0 0 0 0 0 0 0 0 0 0 0 0 0 0 0 0 0 0 0 0 0 0 0 0 0 0 0 0 0 0 0 0 0 0 0 0 0 0 0 0 1 0 0 0 0]
[226034345286276596729613099464587232894112241277545706486976805523980336817321567292948242669376732567056450148710321143454728421305640822781493202967184608315994373815130416439515176767353787570024898538380260 0 0 0 0 0 0 0 0 0 0 0 0 0 0 0 0 0 0 0 0 0 0 0 0 0 0 0 0 0 0 0 0 0 0 0 0 0 0 0 0 0 0 0 0 0 0 0 0 0 0 0 0 0 0 0 0 0 0 0 0 0 0 0 0 0 1 0 0 0]
[2840794772304093349428401081595903634919098951679576713471130121103564966663916441887070840046996952888083085149632555599069581482108865710361875265544434167348372894081512891666688680437335272178521803014329352 0 0 0 0 0 0 0 0 0 0 0 0 0 0 0 0 0 0 0 0 0 0 0 0 0 0 0 0 0 0 0 0 0 0 0 0 0 0 0 0 0 0 0 0 0 0 0 0 0 0 0 0 0 0 0 0 0 0 0 0 0 0 0 0 0 0 1 0 0]
[1856278806888063767334865637805541782175640876104500414286652777753749694670145758487494643939763481995562974867996447356726199699486163550425415954288499740082906122306085700673914822243330714784138013152862608 0 0 0 0 0 0 0 0 0 0 0 0 0 0 0 0 0 0 0 0 0 0 0 0 0 0 0 0 0 0 0 0 0 0 0 0 0 0 0 0 0 0 0 0 0 0 0 0 0 0 0 0 0 0 0 0 0 0 0 0 0 0 0 0 0 0 0 1 0]
[3568879539348508730046881483816905193757562914974856275991155187657191550559045953402380719906896433930903653732801718845277356484674026607600174560534465629284579862625809226339322046318700659177464277176503246 0 0 0 0 0 0 0 0 0 0 0 0 0 0 0 0 0 0 0 0 0 0 0 0 0 0 0 0 0 0 0 0 0 0 0 0 0 0 0 0 0 0 0 0 0 0 0 0 0 0 0 0 0 0 0 0 0 0 0 0 0 0 0 0 0 0 0 0 1]
]
70 71 7
[1 1 1 1 1 1 1 1 1 1 1 1 1 1 1 1 1 1 1 1 1 1 1 1 1 1 1 1 1 1 1 1 1 1 1 1 1 1 1 1 1 1 1 1 1 1 1 1 1 1 1 1 1 1 1 1 1 1 1 1 1 1 1 1 1 1 1 1 1 1 1]
