[[2762809321319370492736071885004593487769817512785794022050421826421429094034074454584203204076575638682039155841774694226360822993760182130343963967230953783969007044864747764441666070942297361524815670564216913 0 0 0 0 0 0 0 0 0 0 0 0 0 0 0 0 0 0 0 0 0 0 0 0 0 0 0 0 0 0 0 0 0 0 0 0 0 0 0 0 0 0 0 0 0 0 0 0 0 0 0 0 0 0 0 0 0 0 0 0 0 0 0 0 0 0 0 0 0]
[528091484154191064258680351125965291200727377595446292328342486702439932399871201793195489078989741658104335828865852170587672984983580242169620457288721820494133082618238685772049704558615797845493012774298414 1 0 0 0 0 0 0 0 0 0 0 0 0 0 0 0 0 0 0 0 0 0 0 0 0 0 0 0 0 0 0 0 0 0 0 0 0 0 0 0 0 0 0 0 0 0 0 0 0 0 0 0 0 0 0 0 0 0 0 0 0 0 0 0 0 0 0 0 0]
[2244718230424359449426006819105705137742874410117089785312653645128725295420483782106785568870354603258060525477748463340346091238824765637185289406979132178906118225925597497513899194658522888196614865809275548 0 1 0 0 0 0 0 0 0 0 0 0 0 0 0 0 0 0 0 0 0 0 0 0 0 0 0 0 0 0 0 0 0 0 0 0 0 0 0 0 0 0 0 0 0 0 0 0 0 0 0 0 0 0 0 0 0 0 0 0 0 0 0 0 0 0 0 0 0]
[1575777389885784864736270072176509762636060764632574581627695067383592822581402392458319509744248136989188034486534782459955973836600030917661978926930002136099627984108275431794883241137596014698663789732298869 0 0 1 0 0 0 0 0 0 0 0 0 0 0 0 0 0 0 0 0 0 0 0 0 0 0 0 0 0 0 0 0 0 0 0 0 0 0 0 0 0 0 0 0 0 0 0 0 0 0 0 0 0 0 0 0 0 0 0 0 0 0 0 0 0 0 0 0 0]
[1772656383090160291842400806668889467068018506173470327259336676072102295549848785561359916344552782344467047317719988092771870265075769652252587421552768751181106315628025778518118537707690120993844888433977672 0 0 0 1 0 0 0 0 0 0 0 0 0 0 0 0 0 0 0 0 0 0 0 0 0 0 0 0 0 0 0 0 0 0 0 0 0 0 0 0 0 0 0 0 0 0 0 0 0 0 0 0 0 0 0 0 0 0 0 0 0 0 0 0 0 0 0 0 0]
[112873938414916257795690331810124919564691083564283738508151697131549214548643139727193145401673630158357451932005046637765271045667405869850085625019010287621338648851709785113471221182119053594645799017394171 0 0 0 0 1 0 0 0 0 0 0 0 0 0 0 0 0 0 0 0 0 0 0 0 0 0 0 0 0 0 0 0 0 0 0 0 0 0 0 0 0 0 0 0 0 0 0 0 0 0 0 0 0 0 0 0 0 0 0 0 0 0 0 0 0 0 0 0 0]
[1594413923554682309788124773413558504837427586167992455537420565743272385753892083567546249839883953666089145549817743594413288319492736272343196693636830017555594981816634315441977538340040690792173157149875892 0 0 0 0 0 1 0 0 0 0 0 0 0 0 0 0 0 0 0 0 0 0 0 0 0 0 0 0 0 0 0 0 0 0 0 0 0 0 0 0 0 0 0 0 0 0 0 0 0 0 0 0 0 0 0 0 0 0 0 0 0 0 0 0 0 0 0 0 0]
[2433204126108212110812224694876766481313120005036941202874552282316993704198990561292119114324227199531226077164103384080815535076097361524472119462799383398622461794656824148274231354974462953072551607768182020 0 0 0 0 0 0 1 0 0 0 0 0 0 0 0 0 0 0 0 0 0 0 0 0 0 0 0 0 0 0 0 0 0 0 0 0 0 0 0 0 0 0 0 0 0 0 0 0 0 0 0 0 0 0 0 0 0 0 0 0 0 0 0 0 0 0 0 0 0]
[709926203732196536765454948493859710578557783372991291027220388845556437981096915128872248828958943195396952611683707011352799547755817245518564704964933618470393161576435820463421724094398369427386524201685571 0 0 0 0 0 0 0 1 0 0 0 0 0 0 0 0 0 0 0 0 0 0 0 0 0 0 0 0 0 0 0 0 0 0 0 0 0 0 0 0 0 0 0 0 0 0 0 0 0 0 0 0 0 0 0 0 0 0 0 0 0 0 0 0 0 0 0 0 0]
[2621135225775645927694487201722739406854852742984308229111608201421483156428646009643809378248523442909172904044532194953286221923266698318270703712745892207850908662272976752987256300243618722144419701372964444 0 0 0 0 0 0 0 0 1 0 0 0 0 0 0 0 0 0 0 0 0 0 0 0 0 0 0 0 0 0 0 0 0 0 0 0 0 0 0 0 0 0 0 0 0 0 0 0 0 0 0 0 0 0 0 0 0 0 0 0 0 0 0 0 0 0 0 0 0]
[2249439701040819151654000106881953921617648257303345444204162450274766835104921205944577467497628426421102024963852457717276602098938052442218231225192545763956553495908161991316457583012578462657975373529435635 0 0 0 0 0 0 0 0 0 1 0 0 0 0 0 0 0 0 0 0 0 0 0 0 0 0 0 0 0 0 0 0 0 0 0 0 0 0 0 0 0 0 0 0 0 0 0 0 0 0 0 0 0 0 0 0 0 0 0 0 0 0 0 0 0 0 0 0 0]
[691137475108897731451542709230904487715881732035188492335458628260803810121898264913667829718875905630686135271374822558971023895348047912234423171612394423186636398724609707986992403327510206818070645614148302 0 0 0 0 0 0 0 0 0 0 1 0 0 0 0 0 0 0 0 0 0 0 0 0 0 0 0 0 0 0 0 0 0 0 0 0 0 0 0 0 0 0 0 0 0 0 0 0 0 0 0 0 0 0 0 0 0 0 0 0 0 0 0 0 0 0 0 0 0]
[1951422415041140315188378185499144897687574985338192067158802808676021316777981955916836773795118250213971144707145054762748016228951099952900750782294456212025682738881274975583068165612906306939655063753623195 0 0 0 0 0 0 0 0 0 0 0 1 0 0 0 0 0 0 0 0 0 0 0 0 0 0 0 0 0 0 0 0 0 0 0 0 0 0 0 0 0 0 0 0 0 0 0 0 0 0 0 0 0 0 0 0 0 0 0 0 0 0 0 0 0 0 0 0 0]
[1412504658857220515014194978164263769333132460567832444176693862571581686604748297205931103099083622653533474635833954384703164857429713030598524012192804477500128089732471267343588716665132621955636323162209685 0 0 0 0 0 0 0 0 0 0 0 0 1 0 0 0 0 0 0 0 0 0 0 0 0 0 0 0 0 0 0 0 0 0 0 0 0 0 0 0 0 0 0 0 0 0 0 0 0 0 0 0 0 0 0 0 0 0 0 0 0 0 0 0 0 0 0 0 0]
[428172606969705814224721626027882695363665837499052759099348641345749391033754144457482960604324387618063861080265248108649697843342660052712520570236176391441551155346516636547474829557524577389238942910331557 0 0 0 0 0 0 0 0 0 0 0 0 0 1 0 0 0 0 0 0 0 0 0 0 0 0 0 0 0 0 0 0 0 0 0 0 0 0 0 0 0 0 0 0 0 0 0 0 0 0 0 0 0 0 0 0 0 0 0 0 0 0 0 0 0 0 0 0 0]
[851077286182710819692794749983756159656010305529437599021073547222438844951741526304691896728843313601235639220752622973319125388366806650376865349320564431036943741973415660756526822379828598614677890443507481 0 0 0 0 0 0 0 0 0 0 0 0 0 0 1 0 0 0 0 0 0 0 0 0 0 0 0 0 0 0 0 0 0 0 0 0 0 0 0 0 0 0 0 0 0 0 0 0 0 0 0 0 0 0 0 0 0 0 0 0 0 0 0 0 0 0 0 0 0]
[2322612749165405956025912243694897974771752199082019212942538020805746943400467765467395433510617958702368210724066493961701052509613452959049227231948822307670313416579433881175454961245292241942387480221253020 0 0 0 0 0 0 0 0 0 0 0 0 0 0 0 1 0 0 0 0 0 0 0 0 0 0 0 0 0 0 0 0 0 0 0 0 0 0 0 0 0 0 0 0 0 0 0 0 0 0 0 0 0 0 0 0 0 0 0 0 0 0 0 0 0 0 0 0 0]
[2278372118313591406414633281216595293019540060767210340633525127072018903059434876775455948185494035489313755705412715255937896066695792091221759407257982521692975097830299667275578272743675286507027175446964107 0 0 0 0 0 0 0 0 0 0 0 0 0 0 0 0 1 0 0 0 0 0 0 0 0 0 0 0 0 0 0 0 0 0 0 0 0 0 0 0 0 0 0 0 0 0 0 0 0 0 0 0 0 0 0 0 0 0 0 0 0 0 0 0 0 0 0 0 0]
[892014198791365761653877089513699485783561797132412076959651894193168477271416368162380882209873557835444752246460116989645963049412560661846117146174036912312238460702192975618943253237117547848751178837231386 0 0 0 0 0 0 0 0 0 0 0 0 0 0 0 0 0 1 0 0 0 0 0 0 0 0 0 0 0 0 0 0 0 0 0 0 0 0 0 0 0 0 0 0 0 0 0 0 0 0 0 0 0 0 0 0 0 0 0 0 0 0 0 0 0 0 0 0 0]
[1179062976958354068001435879652471962884678398326929413789181419203795871758166922442361631455614968642376379553339987845803199468620116916340595222641416759295464453279287746568790895189290208959040337051621423 0 0 0 0 0 0 0 0 0 0 0 0 0 0 0 0 0 0 1 0 0 0 0 0 0 0 0 0 0 0 0 0 0 0 0 0 0 0 0 0 0 0 0 0 0 0 0 0 0 0 0 0 0 0 0 0 0 0 0 0 0 0 0 0 0 0 0 0 0]
[774897647363449853387922483342967592594372799828061659991863246491191975362053867217123063285909213545430681856114071750172149515447612837810628756582102078986313394689315864510677324175107615164477456495032426 0 0 0 0 0 0 0 0 0 0 0 0 0 0 0 0 0 0 0 1 0 0 0 0 0 0 0 0 0 0 0 0 0 0 0 0 0 0 0 0 0 0 0 0 0 0 0 0 0 0 0 0 0 0 0 0 0 0 0 0 0 0 0 0 0 0 0 0 0]
[2100510885127263117321840403935612720326159368330820713895664149961589052171159430858219983650435280304950247925657739403938679022616912707854559281004451021155231224610916888358303711756768114285878334535563894 0 0 0 0 0 0 0 0 0 0 0 0 0 0 0 0 0 0 0 0 1 0 0 0 0 0 0 0 0 0 0 0 0 0 0 0 0 0 0 0 0 0 0 0 0 0 0 0 0 0 0 0 0 0 0 0 0 0 0 0 0 0 0 0 0 0 0 0 0]
[230068518512155906429623996116438583378654871815063042871766239303602848103862926601278913786048367162081187750940717480591900434721388537559661918808078181448692287643551067495509369298324138266516703603064308 0 0 0 0 0 0 0 0 0 0 0 0 0 0 0 0 0 0 0 0 0 1 0 0 0 0 0 0 0 0 0 0 0 0 0 0 0 0 0 0 0 0 0 0 0 0 0 0 0 0 0 0 0 0 0 0 0 0 0 0 0 0 0 0 0 0 0 0 0]
[1856473179131474066520117622116327810910790295458965567653863853768116505217377236879842793889513316304553685846551252268892882490054137069098565490257841702111236940994382429286912004788631626038874963219369965 0 0 0 0 0 0 0 0 0 0 0 0 0 0 0 0 0 0 0 0 0 0 1 0 0 0 0 0 0 0 0 0 0 0 0 0 0 0 0 0 0 0 0 0 0 0 0 0 0 0 0 0 0 0 0 0 0 0 0 0 0 0 0 0 0 0 0 0 0]
[353230789960977555979406070550849647048378042410727094956589813079342531121460892264318807418473502304475941175127890068214001060632945327989916676403777669984143523264500262598381875168989524559208384933780517 0 0 0 0 0 0 0 0 0 0 0 0 0 0 0 0 0 0 0 0 0 0 0 1 0 0 0 0 0 0 0 0 0 0 0 0 0 0 0 0 0 0 0 0 0 0 0 0 0 0 0 0 0 0 0 0 0 0 0 0 0 0 0 0 0 0 0 0 0]
[1459818635294855205510737987305466968630800836306244659275522452093363869303006446046131905770285257749196898339809869362536366827384615857590467706533161701975221318199965556567452099959610479889943916368981792 0 0 0 0 0 0 0 0 0 0 0 0 0 0 0 0 0 0 0 0 0 0 0 0 1 0 0 0 0 0 0 0 0 0 0 0 0 0 0 0 0 0 0 0 0 0 0 0 0 0 0 0 0 0 0 0 0 0 0 0 0 0 0 0 0 0 0 0 0]
[2715287821175490766088164264975705125949114178263333140166268820702309058132119990684707091202493789865991074068051516792571591187155880526452548359294200190566618546679720865460888838440700914128821431536637662 0 0 0 0 0 0 0 0 0 0 0 0 0 0 0 0 0 0 0 0 0 0 0 0 0 1 0 0 0 0 0 0 0 0 0 0 0 0 0 0 0 0 0 0 0 0 0 0 0 0 0 0 0 0 0 0 0 0 0 0 0 0 0 0 0 0 0 0 0]
[1305547540100150522409406694906826806304964878465368237861285391063594420498788507357259175652706842367594633123196326110182871806121131183479887446198905878751312661620522439999653750333691284013775404698970114 0 0 0 0 0 0 0 0 0 0 0 0 0 0 0 0 0 0 0 0 0 0 0 0 0 0 1 0 0 0 0 0 0 0 0 0 0 0 0 0 0 0 0 0 0 0 0 0 0 0 0 0 0 0 0 0 0 0 0 0 0 0 0 0 0 0 0 0 0]
[452503893619350913658576773147893412182353012737117660110897084032039026180012005475392847665207259343334199740384166881358994484877780950316995921734508637934949645168272496321419451472630501339530569578698018 0 0 0 0 0 0 0 0 0 0 0 0 0 0 0 0 0 0 0 0 0 0 0 0 0 0 0 1 0 0 0 0 0 0 0 0 0 0 0 0 0 0 0 0 0 0 0 0 0 0 0 0 0 0 0 0 0 0 0 0 0 0 0 0 0 0 0 0 0]
[1904739445727620980003070741846058714480421320068195639897163057608752314103969984631204913770107380415964246322588219717774697402159038920016708431875211634025090140192909198256231449158311883642873524158094828 0 0 0 0 0 0 0 0 0 0 0 0 0 0 0 0 0 0 0 0 0 0 0 0 0 0 0 0 1 0 0 0 0 0 0 0 0 0 0 0 0 0 0 0 0 0 0 0 0 0 0 0 0 0 0 0 0 0 0 0 0 0 0 0 0 0 0 0 0]
[899630641399034723646717414214740830348543775888828235943587722214094241398773936519903256807549610552344238019611525892939745362705667610251349393350056949208529260811087725749993200775605336807883230829735971 0 0 0 0 0 0 0 0 0 0 0 0 0 0 0 0 0 0 0 0 0 0 0 0 0 0 0 0 0 1 0 0 0 0 0 0 0 0 0 0 0 0 0 0 0 0 0 0 0 0 0 0 0 0 0 0 0 0 0 0 0 0 0 0 0 0 0 0 0]
[2187678803939168519745947896242340053937531481746448928076360022702353548324216633655896712488571571422437198463215384495189712361381710154977247742359076157184659482874799959427469534194312035589920757876456422 0 0 0 0 0 0 0 0 0 0 0 0 0 0 0 0 0 0 0 0 0 0 0 0 0 0 0 0 0 0 1 0 0 0 0 0 0 0 0 0 0 0 0 0 0 0 0 0 0 0 0 0 0 0 0 0 0 0 0 0 0 0 0 0 0 0 0 0 0]
[2254105866840529285204826772677426913314552401700286738343264756694491997459905845562744823199734081223501837977208221627499246536966447112013122019083425008632399033875225475577158403557451191357175936983486533 0 0 0 0 0 0 0 0 0 0 0 0 0 0 0 0 0 0 0 0 0 0 0 0 0 0 0 0 0 0 0 1 0 0 0 0 0 0 0 0 0 0 0 0 0 0 0 0 0 0 0 0 0 0 0 0 0 0 0 0 0 0 0 0 0 0 0 0 0]
[2636096336113328570430497653891107950018256038989448160013043090774231406401844360845392894360827915119079224594790218290366654123209167456201034212557480248479994625291137800600677894097941202029817374842441120 0 0 0 0 0 0 0 0 0 0 0 0 0 0 0 0 0 0 0 0 0 0 0 0 0 0 0 0 0 0 0 0 1 0 0 0 0 0 0 0 0 0 0 0 0 0 0 0 0 0 0 0 0 0 0 0 0 0 0 0 0 0 0 0 0 0 0 0 0]
[111948748933039324073346625167538411341108404467315786971182911698756511704644626899163713827010001048033646856531178794524072094974915943557511459079481593875489904029563964072310350359273958238415940752729852 0 0 0 0 0 0 0 0 0 0 0 0 0 0 0 0 0 0 0 0 0 0 0 0 0 0 0 0 0 0 0 0 0 1 0 0 0 0 0 0 0 0 0 0 0 0 0 0 0 0 0 0 0 0 0 0 0 0 0 0 0 0 0 0 0 0 0 0 0]
[1592563516815311217203586433711533459497506253237293054154357259169563264563369372569802738948465240616811908004401816089182283860623988504636120684609318745298955991390023017829798950865669786958347819663431370 0 0 0 0 0 0 0 0 0 0 0 0 0 0 0 0 0 0 0 0 0 0 0 0 0 0 0 0 0 0 0 0 0 0 1 0 0 0 0 0 0 0 0 0 0 0 0 0 0 0 0 0 0 0 0 0 0 0 0 0 0 0 0 0 0 0 0 0 0]
[1033091655243447698120599207415415366327282815567017425924092805531471955668934243001052709345313671642692842902825612152150814880599333562080950495111087669918995537603020016465170888369854521447072261499825969 0 0 0 0 0 0 0 0 0 0 0 0 0 0 0 0 0 0 0 0 0 0 0 0 0 0 0 0 0 0 0 0 0 0 0 1 0 0 0 0 0 0 0 0 0 0 0 0 0 0 0 0 0 0 0 0 0 0 0 0 0 0 0 0 0 0 0 0 0]
[329003880990301218433749790895475886212249541579306305127654169408078211354216017240104002266834937587392435865777185939393559930462704641896839525067753819198511407117156724674989377615412800910715879324849597 0 0 0 0 0 0 0 0 0 0 0 0 0 0 0 0 0 0 0 0 0 0 0 0 0 0 0 0 0 0 0 0 0 0 0 0 1 0 0 0 0 0 0 0 0 0 0 0 0 0 0 0 0 0 0 0 0 0 0 0 0 0 0 0 0 0 0 0 0]
[1447960453284752228398827441974287129252805839390333354372538023114162563675121633105577867694155248870236326350863143087608450767415350455485379601238220556083708745736843772536077284560688288163159626873401909 0 0 0 0 0 0 0 0 0 0 0 0 0 0 0 0 0 0 0 0 0 0 0 0 0 0 0 0 0 0 0 0 0 0 0 0 0 1 0 0 0 0 0 0 0 0 0 0 0 0 0 0 0 0 0 0 0 0 0 0 0 0 0 0 0 0 0 0 0]
[420814666678950924831897086789643378571483794520802230936411839378766248533320400860386384404907969329970390111324928823232209399301998960619475415293849220994379187916465104700895690392737356834069667886972184 0 0 0 0 0 0 0 0 0 0 0 0 0 0 0 0 0 0 0 0 0 0 0 0 0 0 0 0 0 0 0 0 0 0 0 0 0 0 1 0 0 0 0 0 0 0 0 0 0 0 0 0 0 0 0 0 0 0 0 0 0 0 0 0 0 0 0 0 0]
[332924706376726995719093038406157854834070082964047559850728090217140964630103458926429251468623702613335293539957947161016708812077268428690387919869383064717185592970748762834749297431838023242645334895272169 0 0 0 0 0 0 0 0 0 0 0 0 0 0 0 0 0 0 0 0 0 0 0 0 0 0 0 0 0 0 0 0 0 0 0 0 0 0 0 1 0 0 0 0 0 0 0 0 0 0 0 0 0 0 0 0 0 0 0 0 0 0 0 0 0 0 0 0 0]
[157338460042656044892823065419965971409898550049368942020894288889722841828757339862427273208070288362802032032212297409183431797348816552726515040745211429703420554556751328286955349618088352153869818221063901 0 0 0 0 0 0 0 0 0 0 0 0 0 0 0 0 0 0 0 0 0 0 0 0 0 0 0 0 0 0 0 0 0 0 0 0 0 0 0 0 1 0 0 0 0 0 0 0 0 0 0 0 0 0 0 0 0 0 0 0 0 0 0 0 0 0 0 0 0]
[960660803369963189913758202920529096886753686181450800524768792541291356021595507918413798137786764064548770006194665902926710164162982675526616919909697396260457953379735559045776559693832159126325706073194520 0 0 0 0 0 0 0 0 0 0 0 0 0 0 0 0 0 0 0 0 0 0 0 0 0 0 0 0 0 0 0 0 0 0 0 0 0 0 0 0 0 1 0 0 0 0 0 0 0 0 0 0 0 0 0 0 0 0 0 0 0 0 0 0 0 0 0 0 0]
[276829654933883225252612687934528974730787339526201016863443930376994871146409543062700621073675974786717799477731058460374649495267167285009667927619412417396635725090112093433041516950490182321109370357412554 0 0 0 0 0 0 0 0 0 0 0 0 0 0 0 0 0 0 0 0 0 0 0 0 0 0 0 0 0 0 0 0 0 0 0 0 0 0 0 0 0 0 1 0 0 0 0 0 0 0 0 0 0 0 0 0 0 0 0 0 0 0 0 0 0 0 0 0 0]
[1485430936987160119551173545894653840922023938852509321370749441596705204248011518680953870578858028655493745883734536609849074050943605124377185328359342968484628033230458091186705497516169622662392216621482604 0 0 0 0 0 0 0 0 0 0 0 0 0 0 0 0 0 0 0 0 0 0 0 0 0 0 0 0 0 0 0 0 0 0 0 0 0 0 0 0 0 0 0 1 0 0 0 0 0 0 0 0 0 0 0 0 0 0 0 0 0 0 0 0 0 0 0 0 0]
[1257383016665769807635013713373638730574767502006313609046398026903871164596911531544693396663091435873025142529386639656415273608714742450472878503320089154631359329244198742296045845785085852166639557862204224 0 0 0 0 0 0 0 0 0 0 0 0 0 0 0 0 0 0 0 0 0 0 0 0 0 0 0 0 0 0 0 0 0 0 0 0 0 0 0 0 0 0 0 0 1 0 0 0 0 0 0 0 0 0 0 0 0 0 0 0 0 0 0 0 0 0 0 0 0]
[2189681782118001238986256309540507157318292789583706402165099597649057965843954361143777555168366972323486143003430216862264799925213259974647269605169660869611748689103516784038082766105271425761701611455927051 0 0 0 0 0 0 0 0 0 0 0 0 0 0 0 0 0 0 0 0 0 0 0 0 0 0 0 0 0 0 0 0 0 0 0 0 0 0 0 0 0 0 0 0 0 1 0 0 0 0 0 0 0 0 0 0 0 0 0 0 0 0 0 0 0 0 0 0 0]
[288659857250927432305835160499751522072134178121801558941684368066123620322544004788496467472113715357476592876251226811755018817719831099750786902458318585550447788866590338574565065262288433756639407256459276 0 0 0 0 0 0 0 0 0 0 0 0 0 0 0 0 0 0 0 0 0 0 0 0 0 0 0 0 0 0 0 0 0 0 0 0 0 0 0 0 0 0 0 0 0 0 1 0 0 0 0 0 0 0 0 0 0 0 0 0 0 0 0 0 0 0 0 0 0]
[987759654786464944342821642737467761204433953414007527184850828250958154451710625252666852699366588975407481856863327594905023173048890998427348916567126302006130727665886666003616031194306179792830632702705113 0 0 0 0 0 0 0 0 0 0 0 0 0 0 0 0 0 0 0 0 0 0 0 0 0 0 0 0 0 0 0 0 0 0 0 0 0 0 0 0 0 0 0 0 0 0 0 1 0 0 0 0 0 0 0 0 0 0 0 0 0 0 0 0 0 0 0 0 0]
[2026993940705114606201463234561688342868451101795699614296186885830621558091862278637387596877073876310915084014059797078396201303377686860729311467523539893451235053279251244914694793198361820588836646875834220 0 0 0 0 0 0 0 0 0 0 0 0 0 0 0 0 0 0 0 0 0 0 0 0 0 0 0 0 0 0 0 0 0 0 0 0 0 0 0 0 0 0 0 0 0 0 0 0 1 0 0 0 0 0 0 0 0 0 0 0 0 0 0 0 0 0 0 0 0]
[1411710859097606421866368369088274078987809009616310294631644853095575189726771445354055365110945929916870402044569277569273516795421909845766149105739918370601625205586384113150606174827012623192834904070985733 0 0 0 0 0 0 0 0 0 0 0 0 0 0 0 0 0 0 0 0 0 0 0 0 0 0 0 0 0 0 0 0 0 0 0 0 0 0 0 0 0 0 0 0 0 0 0 0 0 1 0 0 0 0 0 0 0 0 0 0 0 0 0 0 0 0 0 0 0]
[888978302717565427833825240395586356116804391722255340280943011137505672178014264334717974687678820902764109993563806561866405270441543181328936819357754025460697206047535079134020954920808193384543201774815635 0 0 0 0 0 0 0 0 0 0 0 0 0 0 0 0 0 0 0 0 0 0 0 0 0 0 0 0 0 0 0 0 0 0 0 0 0 0 0 0 0 0 0 0 0 0 0 0 0 0 1 0 0 0 0 0 0 0 0 0 0 0 0 0 0 0 0 0 0]
[2182229821143415287733482621768402814249473203364244699688736306126946873843882649795683616600211335528859029170687062500499127148074315253383639485988691643140408409785998814204804527009277819327865931449448974 0 0 0 0 0 0 0 0 0 0 0 0 0 0 0 0 0 0 0 0 0 0 0 0 0 0 0 0 0 0 0 0 0 0 0 0 0 0 0 0 0 0 0 0 0 0 0 0 0 0 0 1 0 0 0 0 0 0 0 0 0 0 0 0 0 0 0 0 0]
[27819980560162367206344401242862466698176007427976300858843844612888610447277178673628309485490538355876064138705055054805040807226647376374191179105908679973714844273982408437177576116347860578800227952726895 0 0 0 0 0 0 0 0 0 0 0 0 0 0 0 0 0 0 0 0 0 0 0 0 0 0 0 0 0 0 0 0 0 0 0 0 0 0 0 0 0 0 0 0 0 0 0 0 0 0 0 0 1 0 0 0 0 0 0 0 0 0 0 0 0 0 0 0 0]
[1731399276781571726480502374166591863245210308634934761042518635617984787994868294622010435588288084141931367740961117310681710374414461356464822322463820478042740228051533579204298487482973276312191110127929495 0 0 0 0 0 0 0 0 0 0 0 0 0 0 0 0 0 0 0 0 0 0 0 0 0 0 0 0 0 0 0 0 0 0 0 0 0 0 0 0 0 0 0 0 0 0 0 0 0 0 0 0 0 1 0 0 0 0 0 0 0 0 0 0 0 0 0 0 0]
[515646929150952535707614059472440350133297947623511845231453753998356445434263232046854691958672221403024728920580618138784020789119744783359663681914604438276943862284254191749332235199659521859459688949064850 0 0 0 0 0 0 0 0 0 0 0 0 0 0 0 0 0 0 0 0 0 0 0 0 0 0 0 0 0 0 0 0 0 0 0 0 0 0 0 0 0 0 0 0 0 0 0 0 0 0 0 0 0 0 1 0 0 0 0 0 0 0 0 0 0 0 0 0 0]
[1188022680423406866054289848614738537924592086906113659204948367126743636109807729540570762012905702754438929910057067672321618474630594614014350704011485350687694649704814019726121879273372593662561981664192444 0 0 0 0 0 0 0 0 0 0 0 0 0 0 0 0 0 0 0 0 0 0 0 0 0 0 0 0 0 0 0 0 0 0 0 0 0 0 0 0 0 0 0 0 0 0 0 0 0 0 0 0 0 0 0 1 0 0 0 0 0 0 0 0 0 0 0 0 0]
[555739064906120579943472889028714470801251799285560240960725888718029108361829975554638907897092586621843453030130741370002595357094189006771241627683913964534503417904114728132920532406459872944483609727680285 0 0 0 0 0 0 0 0 0 0 0 0 0 0 0 0 0 0 0 0 0 0 0 0 0 0 0 0 0 0 0 0 0 0 0 0 0 0 0 0 0 0 0 0 0 0 0 0 0 0 0 0 0 0 0 0 1 0 0 0 0 0 0 0 0 0 0 0 0]
[1032327425386114958936681426183936601118828037152394943097082199642450336779169960816661987291935329778036849983779142699886665971236464492063731214056426540480865993162051500939111255830671880068756019302690057 0 0 0 0 0 0 0 0 0 0 0 0 0 0 0 0 0 0 0 0 0 0 0 0 0 0 0 0 0 0 0 0 0 0 0 0 0 0 0 0 0 0 0 0 0 0 0 0 0 0 0 0 0 0 0 0 0 1 0 0 0 0 0 0 0 0 0 0 0]
[1446827067280545968472395199590317294766475258377957208251048969329149201685001662551399799967145572039950928091442286032313477751010101198307930874216528621552105397676006386259007702657137784557919000672121352 0 0 0 0 0 0 0 0 0 0 0 0 0 0 0 0 0 0 0 0 0 0 0 0 0 0 0 0 0 0 0 0 0 0 0 0 0 0 0 0 0 0 0 0 0 0 0 0 0 0 0 0 0 0 0 0 0 0 1 0 0 0 0 0 0 0 0 0 0]
[2423449366477439135718658986147958441550030360753500484283355963192375120066548250109744126980485180187954999851349819353423858033503591325255225899481136167655922634115597654147547530923350574724314983969408943 0 0 0 0 0 0 0 0 0 0 0 0 0 0 0 0 0 0 0 0 0 0 0 0 0 0 0 0 0 0 0 0 0 0 0 0 0 0 0 0 0 0 0 0 0 0 0 0 0 0 0 0 0 0 0 0 0 0 0 1 0 0 0 0 0 0 0 0 0]
[1037397989412425429264132980562627589360709918320835400216827118271062479655345961336696839784465536950121058291882088650244929739709833511379847109691055569002654225861026432517038231882663997388783186851939808 0 0 0 0 0 0 0 0 0 0 0 0 0 0 0 0 0 0 0 0 0 0 0 0 0 0 0 0 0 0 0 0 0 0 0 0 0 0 0 0 0 0 0 0 0 0 0 0 0 0 0 0 0 0 0 0 0 0 0 0 1 0 0 0 0 0 0 0 0]
[2738596061780551608067092151661110325627544313960966159313145518660094220557439572652193867967332988235440732705784522043472485016099042734747655931287218412751373950283279341493461860811798969809243498834388098 0 0 0 0 0 0 0 0 0 0 0 0 0 0 0 0 0 0 0 0 0 0 0 0 0 0 0 0 0 0 0 0 0 0 0 0 0 0 0 0 0 0 0 0 0 0 0 0 0 0 0 0 0 0 0 0 0 0 0 0 0 1 0 0 0 0 0 0 0]
[1344167733367551327378517606222525690058616209667704447855045062976225529162984279901355712535673404548728273402032346442444685481392904050540889443355990302399772519005260229346504937440569255089658845227065069 0 0 0 0 0 0 0 0 0 0 0 0 0 0 0 0 0 0 0 0 0 0 0 0 0 0 0 0 0 0 0 0 0 0 0 0 0 0 0 0 0 0 0 0 0 0 0 0 0 0 0 0 0 0 0 0 0 0 0 0 0 0 1 0 0 0 0 0 0]
[1047004592751318785677223077153436045231635280407840598303094698214355197916168192270002606854857932426803774722041577790566196212611390183121139365548227323767214746166500469844004351886739482956484247180165140 0 0 0 0 0 0 0 0 0 0 0 0 0 0 0 0 0 0 0 0 0 0 0 0 0 0 0 0 0 0 0 0 0 0 0 0 0 0 0 0 0 0 0 0 0 0 0 0 0 0 0 0 0 0 0 0 0 0 0 0 0 0 0 1 0 0 0 0 0]
[1585936994531718605966628553876875448424128111830891843355497483431053261243276867125722390950674515856032793674382556596182991374298638260277144538176615065388985588074857325676957161149711504887144777988287949 0 0 0 0 0 0 0 0 0 0 0 0 0 0 0 0 0 0 0 0 0 0 0 0 0 0 0 0 0 0 0 0 0 0 0 0 0 0 0 0 0 0 0 0 0 0 0 0 0 0 0 0 0 0 0 0 0 0 0 0 0 0 0 0 1 0 0 0 0]
[1395934221743726515009589122511900361384698175862611153623645802498727989767854949976225318199829859524596087854641529126548025657556259170217650597159716549193992708478312702214496253369856497476564582309133175 0 0 0 0 0 0 0 0 0 0 0 0 0 0 0 0 0 0 0 0 0 0 0 0 0 0 0 0 0 0 0 0 0 0 0 0 0 0 0 0 0 0 0 0 0 0 0 0 0 0 0 0 0 0 0 0 0 0 0 0 0 0 0 0 0 1 0 0 0]
[2572062048918636238018217795055629970022362991384288428182268645935396028957919756997054512438193272167136277269047419527962811608828604180413958047135639449181636287335011694779423655014429305806592707823418712 0 0 0 0 0 0 0 0 0 0 0 0 0 0 0 0 0 0 0 0 0 0 0 0 0 0 0 0 0 0 0 0 0 0 0 0 0 0 0 0 0 0 0 0 0 0 0 0 0 0 0 0 0 0 0 0 0 0 0 0 0 0 0 0 0 0 1 0 0]
[1697098830168819992078771518264783888178756874365654938119576860822364122338484141365382071272772485020210788009746552378862630258800230873610920601772850029027149491984808347648618539081044010416860751275537763 0 0 0 0 0 0 0 0 0 0 0 0 0 0 0 0 0 0 0 0 0 0 0 0 0 0 0 0 0 0 0 0 0 0 0 0 0 0 0 0 0 0 0 0 0 0 0 0 0 0 0 0 0 0 0 0 0 0 0 0 0 0 0 0 0 0 0 1 0]
[2613812657440638846150762589120998927257736992843513694879501188965752483357905504832801388835151895336521623484751498325381908668218343737772284308054315152685785716596380798971896361285191953929654778697218166 0 0 0 0 0 0 0 0 0 0 0 0 0 0 0 0 0 0 0 0 0 0 0 0 0 0 0 0 0 0 0 0 0 0 0 0 0 0 0 0 0 0 0 0 0 0 0 0 0 0 0 0 0 0 0 0 0 0 0 0 0 0 0 0 0 0 0 0 1]
]
70 71 9
[1 1 1 1 1 1 1 1 1 1 1 1 1 1 1 1 1 1 1 1 1 1 1 1 1 1 1 1 1 1 1 1 1 1 1 1 1 1 1 1 1 1 1 1 1 1 1 1 1 1 1 1 1 1 1 1 1 1 1 1 1 1 1 1 1 1 1 1 1 1 1]
