[[3355056113122777070183607550332305023188027460604054570066181057133105348334936465221246703246004005692807406732639862933503159556563177760539615064833428937394271460406415527959556804951279053238143132612697751 0 0 0 0 0 0 0 0 0 0 0 0 0 0 0 0 0 0 0 0 0 0 0 0 0 0 0 0 0 0 0 0 0 0 0 0 0 0 0 0 0 0 0 0 0 0 0 0 0 0 0 0 0 0 0 0 0 0 0 0 0 0 0 0 0 0 0 0 0]
[1220832431960987791196919718880849418504307422859462039973719046636591545677047587268363259520237573911548888449158486012935985922711101909702194441582254266690954423798603319154569029107315314958424015558475127 1 0 0 0 0 0 0 0 0 0 0 0 0 0 0 0 0 0 0 0 0 0 0 0 0 0 0 0 0 0 0 0 0 0 0 0 0 0 0 0 0 0 0 0 0 0 0 0 0 0 0 0 0 0 0 0 0 0 0 0 0 0 0 0 0 0 0 0 0]
[3345425652473907783654348137827353715101680660409708284592668629210540144602275723302291361147710342221276255917481057856349601220965792288465691554801803066004658552734979100037095295291689841419874269725133355 0 1 0 0 0 0 0 0 0 0 0 0 0 0 0 0 0 0 0 0 0 0 0 0 0 0 0 0 0 0 0 0 0 0 0 0 0 0 0 0 0 0 0 0 0 0 0 0 0 0 0 0 0 0 0 0 0 0 0 0 0 0 0 0 0 0 0 0 0]
[3192663352403519046625327432376432064944612699743006432488085652074401616943019079075268751941176832642432342521269125535295653519483268153590511802816932422986195455582331011346264221045005931234351387101032808 0 0 1 0 0 0 0 0 0 0 0 0 0 0 0 0 0 0 0 0 0 0 0 0 0 0 0 0 0 0 0 0 0 0 0 0 0 0 0 0 0 0 0 0 0 0 0 0 0 0 0 0 0 0 0 0 0 0 0 0 0 0 0 0 0 0 0 0 0]
[2041258094334298795631904809981305458455711367784797025342003697996207180090103421123519427772329309354740154804150782409274498600314631579719358647803485763841247215996448660605388244775184110387345734679466628 0 0 0 1 0 0 0 0 0 0 0 0 0 0 0 0 0 0 0 0 0 0 0 0 0 0 0 0 0 0 0 0 0 0 0 0 0 0 0 0 0 0 0 0 0 0 0 0 0 0 0 0 0 0 0 0 0 0 0 0 0 0 0 0 0 0 0 0 0]
[2103257521262685347875682679561866783661621319197695697772744980857277148613551100424457766369475965774340422694564876172001559871619579929965898288893855353099446445698082842689104202617996727479671417017737753 0 0 0 0 1 0 0 0 0 0 0 0 0 0 0 0 0 0 0 0 0 0 0 0 0 0 0 0 0 0 0 0 0 0 0 0 0 0 0 0 0 0 0 0 0 0 0 0 0 0 0 0 0 0 0 0 0 0 0 0 0 0 0 0 0 0 0 0 0]
[465108629615839959896080316746471970764183614757703771124974994823588854682053669901377645735326391737084758007839959912958334602212525982969715702718499079067185371872439509588181045309251989029462349509497302 0 0 0 0 0 1 0 0 0 0 0 0 0 0 0 0 0 0 0 0 0 0 0 0 0 0 0 0 0 0 0 0 0 0 0 0 0 0 0 0 0 0 0 0 0 0 0 0 0 0 0 0 0 0 0 0 0 0 0 0 0 0 0 0 0 0 0 0 0]
[990083099749093721855555021607141297854891932722015857628605363685382813294377947141872504151580126436964987247300379180034509889858647845514285346498237322686106301619079820403131795715858044656527236999775681 0 0 0 0 0 0 1 0 0 0 0 0 0 0 0 0 0 0 0 0 0 0 0 0 0 0 0 0 0 0 0 0 0 0 0 0 0 0 0 0 0 0 0 0 0 0 0 0 0 0 0 0 0 0 0 0 0 0 0 0 0 0 0 0 0 0 0 0 0]
[451825973010240067507571384033517254761861515340441386849037263342939306524464952958413432635885166952695329405768405206315190495971754016286620884271977153885240109796904136661631895613131065354158601115473243 0 0 0 0 0 0 0 1 0 0 0 0 0 0 0 0 0 0 0 0 0 0 0 0 0 0 0 0 0 0 0 0 0 0 0 0 0 0 0 0 0 0 0 0 0 0 0 0 0 0 0 0 0 0 0 0 0 0 0 0 0 0 0 0 0 0 0 0 0]
[1515672652747479693573119230016967884657438145618942184083082464696741486274981027944618188747507000386240019305698186035910073048335597442794446073749173776299187913223594572297846947641686028611591151458305644 0 0 0 0 0 0 0 0 1 0 0 0 0 0 0 0 0 0 0 0 0 0 0 0 0 0 0 0 0 0 0 0 0 0 0 0 0 0 0 0 0 0 0 0 0 0 0 0 0 0 0 0 0 0 0 0 0 0 0 0 0 0 0 0 0 0 0 0 0]
[2374926999215200278680538262788896702828251616292107702970794937068476533509628109186728627770767182845518795574049809390498859330293357093057743911968756372359359636223672582505932535204861616070855377428331953 0 0 0 0 0 0 0 0 0 1 0 0 0 0 0 0 0 0 0 0 0 0 0 0 0 0 0 0 0 0 0 0 0 0 0 0 0 0 0 0 0 0 0 0 0 0 0 0 0 0 0 0 0 0 0 0 0 0 0 0 0 0 0 0 0 0 0 0 0]
[2853715856134776374595803500584140879009365153873299187269096090134889754548836592988702521009663155969138854611662604792570173816562135607995820249741275576197620765835721726304649060229589083656427434800519025 0 0 0 0 0 0 0 0 0 0 1 0 0 0 0 0 0 0 0 0 0 0 0 0 0 0 0 0 0 0 0 0 0 0 0 0 0 0 0 0 0 0 0 0 0 0 0 0 0 0 0 0 0 0 0 0 0 0 0 0 0 0 0 0 0 0 0 0 0]
[2462650472704419096184765335027378974462204442755889383958469785993501395370523736206879121590083568491746832629331953673925175157857911919330856006720155878940229027782659853969467554327362724509247456084446583 0 0 0 0 0 0 0 0 0 0 0 1 0 0 0 0 0 0 0 0 0 0 0 0 0 0 0 0 0 0 0 0 0 0 0 0 0 0 0 0 0 0 0 0 0 0 0 0 0 0 0 0 0 0 0 0 0 0 0 0 0 0 0 0 0 0 0 0 0]
[1845920824035884447003740031367523066166073420069351478057026715633396455281268843506959622474701459711551805633668813991854883089326795914418951200791567200098162345178046841687237197553388811406398995263125033 0 0 0 0 0 0 0 0 0 0 0 0 1 0 0 0 0 0 0 0 0 0 0 0 0 0 0 0 0 0 0 0 0 0 0 0 0 0 0 0 0 0 0 0 0 0 0 0 0 0 0 0 0 0 0 0 0 0 0 0 0 0 0 0 0 0 0 0 0]
[643326616721000333182651596045826768713593510624916084802197652776334552790022239980418244590191604191617752775148048806970492200893040352810733893879667235755393397383043116513151823711376415343791974693719428 0 0 0 0 0 0 0 0 0 0 0 0 0 1 0 0 0 0 0 0 0 0 0 0 0 0 0 0 0 0 0 0 0 0 0 0 0 0 0 0 0 0 0 0 0 0 0 0 0 0 0 0 0 0 0 0 0 0 0 0 0 0 0 0 0 0 0 0 0]
[878700010740007551073573503445315785475221681431202003541659031643612996793057970522372433807150115952480725815933078250121044404452213731604368876848001661672625386701721991536701789907326625537288211854496387 0 0 0 0 0 0 0 0 0 0 0 0 0 0 1 0 0 0 0 0 0 0 0 0 0 0 0 0 0 0 0 0 0 0 0 0 0 0 0 0 0 0 0 0 0 0 0 0 0 0 0 0 0 0 0 0 0 0 0 0 0 0 0 0 0 0 0 0 0]
[678430048890396255335298813665286131724003656865704879043781126546214097489256689163603954920018824846608699700765933859967056568534891110094058774963496922100053701595824714754473475009906207720747736336424858 0 0 0 0 0 0 0 0 0 0 0 0 0 0 0 1 0 0 0 0 0 0 0 0 0 0 0 0 0 0 0 0 0 0 0 0 0 0 0 0 0 0 0 0 0 0 0 0 0 0 0 0 0 0 0 0 0 0 0 0 0 0 0 0 0 0 0 0 0]
[44100036676212344942160358383233771103139721034341476485227617203066822442694557974249294320208037377506218972642010415103735637096980134240997153828744416644144333813626808297128750533084194540046723002391267 0 0 0 0 0 0 0 0 0 0 0 0 0 0 0 0 1 0 0 0 0 0 0 0 0 0 0 0 0 0 0 0 0 0 0 0 0 0 0 0 0 0 0 0 0 0 0 0 0 0 0 0 0 0 0 0 0 0 0 0 0 0 0 0 0 0 0 0 0]
[2802383596170061586687069523241219265252117078939958296124077131614628485846335211166621952132899002436936274712180156546991147644086567403958499498919603094114388151499581955833561178936397718930174733133569753 0 0 0 0 0 0 0 0 0 0 0 0 0 0 0 0 0 1 0 0 0 0 0 0 0 0 0 0 0 0 0 0 0 0 0 0 0 0 0 0 0 0 0 0 0 0 0 0 0 0 0 0 0 0 0 0 0 0 0 0 0 0 0 0 0 0 0 0 0]
[1921988969576199905779910638555987307819581528010307290732393214500820701810775545500704955773725411639518458309222888084930022168155853188774054274662649973120187334468341649398227745962656211735306410748302693 0 0 0 0 0 0 0 0 0 0 0 0 0 0 0 0 0 0 1 0 0 0 0 0 0 0 0 0 0 0 0 0 0 0 0 0 0 0 0 0 0 0 0 0 0 0 0 0 0 0 0 0 0 0 0 0 0 0 0 0 0 0 0 0 0 0 0 0 0]
[234598311880094132687935080781785975866047624662561056516267733860307206298863111918146277205015535568796548065914547286104931604925258522603914865107452477673976584799706645511285339188173383006473802996817997 0 0 0 0 0 0 0 0 0 0 0 0 0 0 0 0 0 0 0 1 0 0 0 0 0 0 0 0 0 0 0 0 0 0 0 0 0 0 0 0 0 0 0 0 0 0 0 0 0 0 0 0 0 0 0 0 0 0 0 0 0 0 0 0 0 0 0 0 0]
[2251637957830129916106934531882578316633098270063176132846478134565187761570151542286460156058761754566286212157194539890095264905693918544080952968003868942039733371496813581328516278018137188748052279362175502 0 0 0 0 0 0 0 0 0 0 0 0 0 0 0 0 0 0 0 0 1 0 0 0 0 0 0 0 0 0 0 0 0 0 0 0 0 0 0 0 0 0 0 0 0 0 0 0 0 0 0 0 0 0 0 0 0 0 0 0 0 0 0 0 0 0 0 0 0]
[2533541197068200449068710420824596477268882321916294543745203802229834773805136604474148935417783276833555305955877806255398433550465086035753644918472386926833985437101235507084575699405889989431926776969812646 0 0 0 0 0 0 0 0 0 0 0 0 0 0 0 0 0 0 0 0 0 1 0 0 0 0 0 0 0 0 0 0 0 0 0 0 0 0 0 0 0 0 0 0 0 0 0 0 0 0 0 0 0 0 0 0 0 0 0 0 0 0 0 0 0 0 0 0 0]
[2213718577350682684422010412121007951751477509565456057968509730814600880409749178489868287488561867499203135621383794371065513649135284563059946132891063983953287048668884904271365749272246549431080356831380455 0 0 0 0 0 0 0 0 0 0 0 0 0 0 0 0 0 0 0 0 0 0 1 0 0 0 0 0 0 0 0 0 0 0 0 0 0 0 0 0 0 0 0 0 0 0 0 0 0 0 0 0 0 0 0 0 0 0 0 0 0 0 0 0 0 0 0 0 0]
[165979774847377918449993794449391175214697132183178057185390221427998215067341029579703465440411445263097646935207638323470050007422882080040446177671361852499482613824046643428543605158017253778536554075207106 0 0 0 0 0 0 0 0 0 0 0 0 0 0 0 0 0 0 0 0 0 0 0 1 0 0 0 0 0 0 0 0 0 0 0 0 0 0 0 0 0 0 0 0 0 0 0 0 0 0 0 0 0 0 0 0 0 0 0 0 0 0 0 0 0 0 0 0 0]
[2627421203804707372958276411488589287498879297514824129472988772286099905638465646124394978230471651618359637499265537494062893711133326512884947021351104196963978075630202476485071033732539243987461205421192144 0 0 0 0 0 0 0 0 0 0 0 0 0 0 0 0 0 0 0 0 0 0 0 0 1 0 0 0 0 0 0 0 0 0 0 0 0 0 0 0 0 0 0 0 0 0 0 0 0 0 0 0 0 0 0 0 0 0 0 0 0 0 0 0 0 0 0 0 0]
[2184422912633867065726278937438305015806415607978071562165317854924608818478512045113251500427351840933934457373174950027116145387759904682394444006581420391327059856644125561005221581157784395226411992233509161 0 0 0 0 0 0 0 0 0 0 0 0 0 0 0 0 0 0 0 0 0 0 0 0 0 1 0 0 0 0 0 0 0 0 0 0 0 0 0 0 0 0 0 0 0 0 0 0 0 0 0 0 0 0 0 0 0 0 0 0 0 0 0 0 0 0 0 0 0]
[1688511992965161435360182009319670563529172769775566666824829607966018939755661081318357108856419826753956773215010523403657223779148942718612144756214306962704718614397360603665268919367309208500499360168445014 0 0 0 0 0 0 0 0 0 0 0 0 0 0 0 0 0 0 0 0 0 0 0 0 0 0 1 0 0 0 0 0 0 0 0 0 0 0 0 0 0 0 0 0 0 0 0 0 0 0 0 0 0 0 0 0 0 0 0 0 0 0 0 0 0 0 0 0 0]
[3022322242830487552612425343462482908782410109354114427672236431300948967677445158154202184831697280587384722302203309414689196643294852245049909801360857620575744264912447730160652410620335527034021166925853405 0 0 0 0 0 0 0 0 0 0 0 0 0 0 0 0 0 0 0 0 0 0 0 0 0 0 0 1 0 0 0 0 0 0 0 0 0 0 0 0 0 0 0 0 0 0 0 0 0 0 0 0 0 0 0 0 0 0 0 0 0 0 0 0 0 0 0 0 0]
[1389051331160610936036342753894816067247468717218026168072203247696774075912224280371349024328213724174565668251308030137120896808176184600065028835953649485484798110848084112237440561982553419198388384579555058 0 0 0 0 0 0 0 0 0 0 0 0 0 0 0 0 0 0 0 0 0 0 0 0 0 0 0 0 1 0 0 0 0 0 0 0 0 0 0 0 0 0 0 0 0 0 0 0 0 0 0 0 0 0 0 0 0 0 0 0 0 0 0 0 0 0 0 0 0]
[1390773535616560053367220620603242991058858837563604551484336785553364495540816405369836706990004447385155501257723391833728955306722405814579203219985808594140487270183204152802745985923683504577084903641889719 0 0 0 0 0 0 0 0 0 0 0 0 0 0 0 0 0 0 0 0 0 0 0 0 0 0 0 0 0 1 0 0 0 0 0 0 0 0 0 0 0 0 0 0 0 0 0 0 0 0 0 0 0 0 0 0 0 0 0 0 0 0 0 0 0 0 0 0 0]
[1751609304863513177290740959756685595393263465732375384143602711028056804279686921980689519665526311778918528836395125437984635436948788260047826183607032918765153757551818818457677009283733454468565117569555419 0 0 0 0 0 0 0 0 0 0 0 0 0 0 0 0 0 0 0 0 0 0 0 0 0 0 0 0 0 0 1 0 0 0 0 0 0 0 0 0 0 0 0 0 0 0 0 0 0 0 0 0 0 0 0 0 0 0 0 0 0 0 0 0 0 0 0 0 0]
[1357018364649122206372639955399009209515071421082583107463169867323255068281505453181670898636527627701876736633887234621690033396188187409507536048089648435482317166209342700278356650896894170902508128190970026 0 0 0 0 0 0 0 0 0 0 0 0 0 0 0 0 0 0 0 0 0 0 0 0 0 0 0 0 0 0 0 1 0 0 0 0 0 0 0 0 0 0 0 0 0 0 0 0 0 0 0 0 0 0 0 0 0 0 0 0 0 0 0 0 0 0 0 0 0]
[3140939707031609199759227982638680696586619838941935690282416927177807317418047331255451317509961559267630619973651587158409886472441810168120858716009265469229773962551200350409130940809803059834977315956400887 0 0 0 0 0 0 0 0 0 0 0 0 0 0 0 0 0 0 0 0 0 0 0 0 0 0 0 0 0 0 0 0 1 0 0 0 0 0 0 0 0 0 0 0 0 0 0 0 0 0 0 0 0 0 0 0 0 0 0 0 0 0 0 0 0 0 0 0 0]
[2793114498067157425536071746190658490675185058213870843334939943246274920875438619848955077446839254349797750358793551804476381489490819317208034731478157847628613564804676759304431015511374371522493674989459852 0 0 0 0 0 0 0 0 0 0 0 0 0 0 0 0 0 0 0 0 0 0 0 0 0 0 0 0 0 0 0 0 0 1 0 0 0 0 0 0 0 0 0 0 0 0 0 0 0 0 0 0 0 0 0 0 0 0 0 0 0 0 0 0 0 0 0 0 0]
[2099496081382429175191402760053092402943863581200621443551828148649937091080673341062457336659606900813072973224569289408614147378151897624164182559615067977122015535390168448812575116391622673664029969163280366 0 0 0 0 0 0 0 0 0 0 0 0 0 0 0 0 0 0 0 0 0 0 0 0 0 0 0 0 0 0 0 0 0 0 1 0 0 0 0 0 0 0 0 0 0 0 0 0 0 0 0 0 0 0 0 0 0 0 0 0 0 0 0 0 0 0 0 0 0]
[1925164645353095574592106480442272494837156639945625733005393578702986603377387600168140908415237381740960921595231751753324405670604312254286754786360587761823458427593116357445183331560374877484583746973029179 0 0 0 0 0 0 0 0 0 0 0 0 0 0 0 0 0 0 0 0 0 0 0 0 0 0 0 0 0 0 0 0 0 0 0 1 0 0 0 0 0 0 0 0 0 0 0 0 0 0 0 0 0 0 0 0 0 0 0 0 0 0 0 0 0 0 0 0 0]
[52574143939055612640503953807744080967251746251117701476938709718215779256877348158486248991393612778825844786106666617619342581716300902567074008774637676343039182234823933127543131023098017969441863987806325 0 0 0 0 0 0 0 0 0 0 0 0 0 0 0 0 0 0 0 0 0 0 0 0 0 0 0 0 0 0 0 0 0 0 0 0 1 0 0 0 0 0 0 0 0 0 0 0 0 0 0 0 0 0 0 0 0 0 0 0 0 0 0 0 0 0 0 0 0]
[372556256699883678453553315099110082888963176690770234128194380469144110638414547503003271401712177509104644705277670047101040099488720206073838156345289226166549425628771061594348534157617280132062202770921348 0 0 0 0 0 0 0 0 0 0 0 0 0 0 0 0 0 0 0 0 0 0 0 0 0 0 0 0 0 0 0 0 0 0 0 0 0 1 0 0 0 0 0 0 0 0 0 0 0 0 0 0 0 0 0 0 0 0 0 0 0 0 0 0 0 0 0 0 0]
[473434209609467543250230855468934859749994730289718418822354674137764162668068876856471328758773610352073471884016896065638962761231356594505497672786510236799308372179363489006608095223131210758846111482383550 0 0 0 0 0 0 0 0 0 0 0 0 0 0 0 0 0 0 0 0 0 0 0 0 0 0 0 0 0 0 0 0 0 0 0 0 0 0 1 0 0 0 0 0 0 0 0 0 0 0 0 0 0 0 0 0 0 0 0 0 0 0 0 0 0 0 0 0 0]
[1778992974666783842104309411379790781039238724250813388240534406604659927648619602928511364066058678579297916048888481766779501194360922363418198188335765505568726403223046305490249260833006757518457690631551072 0 0 0 0 0 0 0 0 0 0 0 0 0 0 0 0 0 0 0 0 0 0 0 0 0 0 0 0 0 0 0 0 0 0 0 0 0 0 0 1 0 0 0 0 0 0 0 0 0 0 0 0 0 0 0 0 0 0 0 0 0 0 0 0 0 0 0 0 0]
[1950044741887105277899821262299125899126345986618696305341395930078029167599828519442098344711506342108826415495812299448786630941455811191282138730879767979956024183267971370858217812012014517852818881231095995 0 0 0 0 0 0 0 0 0 0 0 0 0 0 0 0 0 0 0 0 0 0 0 0 0 0 0 0 0 0 0 0 0 0 0 0 0 0 0 0 1 0 0 0 0 0 0 0 0 0 0 0 0 0 0 0 0 0 0 0 0 0 0 0 0 0 0 0 0]
[202251947174744646334039350024630949118024275561032410875758046222363133136063501732727517602991391584649722453588887048512853848706964126416054823394794102648775034896731886864393798386695036855865304499500346 0 0 0 0 0 0 0 0 0 0 0 0 0 0 0 0 0 0 0 0 0 0 0 0 0 0 0 0 0 0 0 0 0 0 0 0 0 0 0 0 0 1 0 0 0 0 0 0 0 0 0 0 0 0 0 0 0 0 0 0 0 0 0 0 0 0 0 0 0]
[2294499021279790563402668934914666630954467082749154956646438084608555518587415039840796666602960639198865647425433682845879233076309611673386728443637895951517154125914905099268875207096180408737053492270910292 0 0 0 0 0 0 0 0 0 0 0 0 0 0 0 0 0 0 0 0 0 0 0 0 0 0 0 0 0 0 0 0 0 0 0 0 0 0 0 0 0 0 1 0 0 0 0 0 0 0 0 0 0 0 0 0 0 0 0 0 0 0 0 0 0 0 0 0 0]
[3350755898422205760979322160539775280372528964383989054178041835157797987871137704766870304225570228429333274951124843152122396138953410650300894395818185073376291233113386786828840104222016339712126752103196464 0 0 0 0 0 0 0 0 0 0 0 0 0 0 0 0 0 0 0 0 0 0 0 0 0 0 0 0 0 0 0 0 0 0 0 0 0 0 0 0 0 0 0 1 0 0 0 0 0 0 0 0 0 0 0 0 0 0 0 0 0 0 0 0 0 0 0 0 0]
[429505880482081844864449722973085398178931847822165567483757140060740679702110562746270571319913596165018159193304221174492918327227448891692789706305963462742331412696140544806996478369563174471297003267012394 0 0 0 0 0 0 0 0 0 0 0 0 0 0 0 0 0 0 0 0 0 0 0 0 0 0 0 0 0 0 0 0 0 0 0 0 0 0 0 0 0 0 0 0 1 0 0 0 0 0 0 0 0 0 0 0 0 0 0 0 0 0 0 0 0 0 0 0 0]
[755614005307400137942068389536648412650486102932196840703709451779898511376895896391832474945636886184330371280917983123905381333872525742017404977848371309737116878805937792848115145812727975046450787715193071 0 0 0 0 0 0 0 0 0 0 0 0 0 0 0 0 0 0 0 0 0 0 0 0 0 0 0 0 0 0 0 0 0 0 0 0 0 0 0 0 0 0 0 0 0 1 0 0 0 0 0 0 0 0 0 0 0 0 0 0 0 0 0 0 0 0 0 0 0]
[2533234673227330226270801679825773721815586412662063247108453911084835898949387948637271744553883216409202291744396865715960383232964016842513598463303183052573798647942399354738817126935430368093527867624831203 0 0 0 0 0 0 0 0 0 0 0 0 0 0 0 0 0 0 0 0 0 0 0 0 0 0 0 0 0 0 0 0 0 0 0 0 0 0 0 0 0 0 0 0 0 0 1 0 0 0 0 0 0 0 0 0 0 0 0 0 0 0 0 0 0 0 0 0 0]
[1445153073035619490507640500308275801008116594626274875460652083372171254026423356172526650977459987162818812921691594190343036549235837035883094715801333946224038525498356632156119342898719357281024211513478280 0 0 0 0 0 0 0 0 0 0 0 0 0 0 0 0 0 0 0 0 0 0 0 0 0 0 0 0 0 0 0 0 0 0 0 0 0 0 0 0 0 0 0 0 0 0 0 1 0 0 0 0 0 0 0 0 0 0 0 0 0 0 0 0 0 0 0 0 0]
[349911469376559325620396870872533582375328706661563327214357004365145996625932406939919152225373663607855222991317040980202482967779160028617590425600208599099092401421213815264597086976711018939871908594489454 0 0 0 0 0 0 0 0 0 0 0 0 0 0 0 0 0 0 0 0 0 0 0 0 0 0 0 0 0 0 0 0 0 0 0 0 0 0 0 0 0 0 0 0 0 0 0 0 1 0 0 0 0 0 0 0 0 0 0 0 0 0 0 0 0 0 0 0 0]
[218952859726757817324526238414175005640056634274712816987318873331022512983059040346153846365250333009849588476206904128205782859077394159291418146647861775744426953112074305666151698144480714277048206934616552 0 0 0 0 0 0 0 0 0 0 0 0 0 0 0 0 0 0 0 0 0 0 0 0 0 0 0 0 0 0 0 0 0 0 0 0 0 0 0 0 0 0 0 0 0 0 0 0 0 1 0 0 0 0 0 0 0 0 0 0 0 0 0 0 0 0 0 0 0]
[160179367022486526607489733037641360924079671548169967479556695276224383015392526736707075424836022629870012099769635759570900018830290968620677587445036667135027788503191802367387098386630718326048461483985946 0 0 0 0 0 0 0 0 0 0 0 0 0 0 0 0 0 0 0 0 0 0 0 0 0 0 0 0 0 0 0 0 0 0 0 0 0 0 0 0 0 0 0 0 0 0 0 0 0 0 1 0 0 0 0 0 0 0 0 0 0 0 0 0 0 0 0 0 0]
[1268454407462731023540378021418881452194524459706232343643492378730248141816901585635470935557266341467492507071319127286300121988720600753103344139473015127786875765666606815421352389687095977366625782704141750 0 0 0 0 0 0 0 0 0 0 0 0 0 0 0 0 0 0 0 0 0 0 0 0 0 0 0 0 0 0 0 0 0 0 0 0 0 0 0 0 0 0 0 0 0 0 0 0 0 0 0 1 0 0 0 0 0 0 0 0 0 0 0 0 0 0 0 0 0]
[1107135150379673540558650713285498244360044788341319789783541970033570834832233643920508710638039879290163180813908975550114965032929327127745969484609456541229201698060466292413679897462986895100716469547546227 0 0 0 0 0 0 0 0 0 0 0 0 0 0 0 0 0 0 0 0 0 0 0 0 0 0 0 0 0 0 0 0 0 0 0 0 0 0 0 0 0 0 0 0 0 0 0 0 0 0 0 0 1 0 0 0 0 0 0 0 0 0 0 0 0 0 0 0 0]
[2220299052604234470698437810049454087494455209568850491136694345607889497796620438676037720248955040205024996632194970794599410820990882549598524445509737308526748175544022823617385605336400625406278313040775591 0 0 0 0 0 0 0 0 0 0 0 0 0 0 0 0 0 0 0 0 0 0 0 0 0 0 0 0 0 0 0 0 0 0 0 0 0 0 0 0 0 0 0 0 0 0 0 0 0 0 0 0 0 1 0 0 0 0 0 0 0 0 0 0 0 0 0 0 0]
[1015808998190659613979470752248328176850640782879750530133373024480265568260836785057826814302430766895147645490166162226254478943040801832515776416500508026263206350515947927198055676761809714783087520690198776 0 0 0 0 0 0 0 0 0 0 0 0 0 0 0 0 0 0 0 0 0 0 0 0 0 0 0 0 0 0 0 0 0 0 0 0 0 0 0 0 0 0 0 0 0 0 0 0 0 0 0 0 0 0 1 0 0 0 0 0 0 0 0 0 0 0 0 0 0]
[2514264787773516785749860301197882832661431308882349978475426224280054828076553082564951186165558809388251358745248488047618314318805815090830159913106906984516282018086695055657342736055527017430277420382882254 0 0 0 0 0 0 0 0 0 0 0 0 0 0 0 0 0 0 0 0 0 0 0 0 0 0 0 0 0 0 0 0 0 0 0 0 0 0 0 0 0 0 0 0 0 0 0 0 0 0 0 0 0 0 0 1 0 0 0 0 0 0 0 0 0 0 0 0 0]
[341656135161995830677011642631074137347832363625978586201140450392381010079694260064138957394181851580941828069266167662180308355605483381633692991338437717375311140359877140240838135590460600140678271887410010 0 0 0 0 0 0 0 0 0 0 0 0 0 0 0 0 0 0 0 0 0 0 0 0 0 0 0 0 0 0 0 0 0 0 0 0 0 0 0 0 0 0 0 0 0 0 0 0 0 0 0 0 0 0 0 0 1 0 0 0 0 0 0 0 0 0 0 0 0]
[2095790442383824377305564665519212514755939573901150705498889580268174925594775859599267671551353765691209360346586328045393848267301673690640045797219847736751921841122568040430771628936545191580558700848184485 0 0 0 0 0 0 0 0 0 0 0 0 0 0 0 0 0 0 0 0 0 0 0 0 0 0 0 0 0 0 0 0 0 0 0 0 0 0 0 0 0 0 0 0 0 0 0 0 0 0 0 0 0 0 0 0 0 1 0 0 0 0 0 0 0 0 0 0 0]
[1302965896191423573123711021365555489572059770345771860305427643860819446501688403937481434189597407091280074104051794107698432074552573229740920149052625531055365057673317479653228761224553247171694531465858391 0 0 0 0 0 0 0 0 0 0 0 0 0 0 0 0 0 0 0 0 0 0 0 0 0 0 0 0 0 0 0 0 0 0 0 0 0 0 0 0 0 0 0 0 0 0 0 0 0 0 0 0 0 0 0 0 0 0 1 0 0 0 0 0 0 0 0 0 0]
[2112731163460092960412593149590527444439059789129285755154744393318341966574654874884226563621846276089427328603455969089424481994609699135753359542264395337232444392149496790828863024508445299462164861999893616 0 0 0 0 0 0 0 0 0 0 0 0 0 0 0 0 0 0 0 0 0 0 0 0 0 0 0 0 0 0 0 0 0 0 0 0 0 0 0 0 0 0 0 0 0 0 0 0 0 0 0 0 0 0 0 0 0 0 0 1 0 0 0 0 0 0 0 0 0]
[2577677198588167021447663274089267563049456954022185416692238753411051849583807258550036101700495297050333072272399021559110909429264209575513423349590055031743153310319362267690053779008949508141803879147842602 0 0 0 0 0 0 0 0 0 0 0 0 0 0 0 0 0 0 0 0 0 0 0 0 0 0 0 0 0 0 0 0 0 0 0 0 0 0 0 0 0 0 0 0 0 0 0 0 0 0 0 0 0 0 0 0 0 0 0 0 1 0 0 0 0 0 0 0 0]
[891736931507394971046125865453833443315649629107076081109334250553484913353350877658836077385562155974251940781728721403606741398707835752072423666498033777457266557741351941615197151044850869440603722076334803 0 0 0 0 0 0 0 0 0 0 0 0 0 0 0 0 0 0 0 0 0 0 0 0 0 0 0 0 0 0 0 0 0 0 0 0 0 0 0 0 0 0 0 0 0 0 0 0 0 0 0 0 0 0 0 0 0 0 0 0 0 1 0 0 0 0 0 0 0]
[177684601153558712610798426337931685523048413928875923553129728170802528401622041940998780381222030562552086804892007895948320695592213169973510214412725229102613899448428255765914711990946657148481322526255580 0 0 0 0 0 0 0 0 0 0 0 0 0 0 0 0 0 0 0 0 0 0 0 0 0 0 0 0 0 0 0 0 0 0 0 0 0 0 0 0 0 0 0 0 0 0 0 0 0 0 0 0 0 0 0 0 0 0 0 0 0 0 1 0 0 0 0 0 0]
[1805059289349504881650966488175396399547356784446967453577894351187285101426220529181456002904666351695130013793463388373697449360124953920019115012985714246204009616913696619341266426236089918575489440157688253 0 0 0 0 0 0 0 0 0 0 0 0 0 0 0 0 0 0 0 0 0 0 0 0 0 0 0 0 0 0 0 0 0 0 0 0 0 0 0 0 0 0 0 0 0 0 0 0 0 0 0 0 0 0 0 0 0 0 0 0 0 0 0 1 0 0 0 0 0]
[1337161734870390345588234976087048229255752277348119715242511475705223903105713252847023812467418156120144791817029166112992312936728871491346182450713908733811852219253199389641093832378123010357743290708607770 0 0 0 0 0 0 0 0 0 0 0 0 0 0 0 0 0 0 0 0 0 0 0 0 0 0 0 0 0 0 0 0 0 0 0 0 0 0 0 0 0 0 0 0 0 0 0 0 0 0 0 0 0 0 0 0 0 0 0 0 0 0 0 0 1 0 0 0 0]
[1321633852359683303641470667078462965217397047179756671801851433788976385886760470352061909363206381476269882783800624229051311494311912688366167299512826376243446484660300908760183825666834143714654924076340541 0 0 0 0 0 0 0 0 0 0 0 0 0 0 0 0 0 0 0 0 0 0 0 0 0 0 0 0 0 0 0 0 0 0 0 0 0 0 0 0 0 0 0 0 0 0 0 0 0 0 0 0 0 0 0 0 0 0 0 0 0 0 0 0 0 1 0 0 0]
[1275767866353196675652762315126348869167021774485630757045489396142627395254572034145044530635292331788298475115462484402013040353439274315924615258089908501778307222368273480003386259441173033486288459996635757 0 0 0 0 0 0 0 0 0 0 0 0 0 0 0 0 0 0 0 0 0 0 0 0 0 0 0 0 0 0 0 0 0 0 0 0 0 0 0 0 0 0 0 0 0 0 0 0 0 0 0 0 0 0 0 0 0 0 0 0 0 0 0 0 0 0 1 0 0]
[1098047791219154128396753324768111701674394450103868821250294486500330316554179913362782739054727495676101697123769013263845041938626248636672017832940859265808218641343775336983311729869181398858314854310009035 0 0 0 0 0 0 0 0 0 0 0 0 0 0 0 0 0 0 0 0 0 0 0 0 0 0 0 0 0 0 0 0 0 0 0 0 0 0 0 0 0 0 0 0 0 0 0 0 0 0 0 0 0 0 0 0 0 0 0 0 0 0 0 0 0 0 0 1 0]
[70182685286678008415465308854038511221423896572299588987728875713234662702569509281265218007371757994264796550637811036385691944254291472582373684798227915393826940163696178501294528039363877497664707556929735 0 0 0 0 0 0 0 0 0 0 0 0 0 0 0 0 0 0 0 0 0 0 0 0 0 0 0 0 0 0 0 0 0 0 0 0 0 0 0 0 0 0 0 0 0 0 0 0 0 0 0 0 0 0 0 0 0 0 0 0 0 0 0 0 0 0 0 0 1]
]
70 71 0
[1 1 1 1 1 1 1 1 1 1 1 1 1 1 1 1 1 1 1 1 1 1 1 1 1 1 1 1 1 1 1 1 1 1 1 1 1 1 1 1 1 1 1 1 1 1 1 1 1 1 1 1 1 1 1 1 1 1 1 1 1 1 1 1 1 1 1 1 1 1 1]
