[[5153066985885888288398080546373596879728209252788625860007337867467646291545555152807002510330727809529871031392447617973593301721637573182260668957005134230898185893278931544550985726469877879920453166764302767 0 0 0 0 0 0 0 0 0 0 0 0 0 0 0 0 0 0 0 0 0 0 0 0 0 0 0 0 0 0 0 0 0 0 0 0 0 0 0 0 0 0 0 0 0 0 0 0 0 0 0 0 0 0 0 0 0 0 0 0 0 0 0 0 0 0 0 0 0]
[3441451640316445332542860073366575350422073286870638348606802733588685933966113536815676837709324530687811856382704193022363928963103659733101777861467067591179821430652763998125122573046526839365114632197342604 1 0 0 0 0 0 0 0 0 0 0 0 0 0 0 0 0 0 0 0 0 0 0 0 0 0 0 0 0 0 0 0 0 0 0 0 0 0 0 0 0 0 0 0 0 0 0 0 0 0 0 0 0 0 0 0 0 0 0 0 0 0 0 0 0 0 0 0 0]
[582709172790562480950862611306742832916983185475812337975906432685255995712371798159646161085166849500239717002197968569478282892453792433761403624423077981328582175010674629113658070235898971136889421925069244 0 1 0 0 0 0 0 0 0 0 0 0 0 0 0 0 0 0 0 0 0 0 0 0 0 0 0 0 0 0 0 0 0 0 0 0 0 0 0 0 0 0 0 0 0 0 0 0 0 0 0 0 0 0 0 0 0 0 0 0 0 0 0 0 0 0 0 0 0]
[1636487233672457955310414465793777937472140545548009625294045856860197797464538035080413508670331307899625951240649716195958253495493541354776510938347091262994742014658330156230332527090181442148020650764574001 0 0 1 0 0 0 0 0 0 0 0 0 0 0 0 0 0 0 0 0 0 0 0 0 0 0 0 0 0 0 0 0 0 0 0 0 0 0 0 0 0 0 0 0 0 0 0 0 0 0 0 0 0 0 0 0 0 0 0 0 0 0 0 0 0 0 0 0 0]
[2326745294169568861112127976294292713533213545744106835028881882330468760558000138026923422734099387023105641203847491347382607679780287608611251623359467748924882970446179909325091106097894868821746248819772850 0 0 0 1 0 0 0 0 0 0 0 0 0 0 0 0 0 0 0 0 0 0 0 0 0 0 0 0 0 0 0 0 0 0 0 0 0 0 0 0 0 0 0 0 0 0 0 0 0 0 0 0 0 0 0 0 0 0 0 0 0 0 0 0 0 0 0 0 0]
[3755115222995512573745919088926274616226172897868002152361425635969987502118290043915544128007888544185155823861098785679438798406754937123685888921025477237488700477640584361475509653515182359310978728806750285 0 0 0 0 1 0 0 0 0 0 0 0 0 0 0 0 0 0 0 0 0 0 0 0 0 0 0 0 0 0 0 0 0 0 0 0 0 0 0 0 0 0 0 0 0 0 0 0 0 0 0 0 0 0 0 0 0 0 0 0 0 0 0 0 0 0 0 0 0]
[4235561045099071110564232095872586998181969729850801799088741007490331498059174381686165486559735090208672460654663231581009906363650011592412085676744363119729619277421585441475549727643339942203550290996539785 0 0 0 0 0 1 0 0 0 0 0 0 0 0 0 0 0 0 0 0 0 0 0 0 0 0 0 0 0 0 0 0 0 0 0 0 0 0 0 0 0 0 0 0 0 0 0 0 0 0 0 0 0 0 0 0 0 0 0 0 0 0 0 0 0 0 0 0 0]
[1095098625733015857402550485514230366035035252193797844783583164583458591427808112182382350365049920218422478673385814255823266616271095891689298713426947952121364252284747330600219505968227744627753569776569939 0 0 0 0 0 0 1 0 0 0 0 0 0 0 0 0 0 0 0 0 0 0 0 0 0 0 0 0 0 0 0 0 0 0 0 0 0 0 0 0 0 0 0 0 0 0 0 0 0 0 0 0 0 0 0 0 0 0 0 0 0 0 0 0 0 0 0 0 0]
[2941017846790028528201219741010152389794764447077000086394578745295905356124665406959383777363202886522159602999429021378581241016924763085879304180357366844947451161239686108741497304951433357973549996400948255 0 0 0 0 0 0 0 1 0 0 0 0 0 0 0 0 0 0 0 0 0 0 0 0 0 0 0 0 0 0 0 0 0 0 0 0 0 0 0 0 0 0 0 0 0 0 0 0 0 0 0 0 0 0 0 0 0 0 0 0 0 0 0 0 0 0 0 0 0]
[569078196386934551676238538365946467268108396535578193942764790593784224377110504861557238460482810753476750900435011149473739681593570547654351649083833355225973546620652903283535313702972260362655019508673515 0 0 0 0 0 0 0 0 1 0 0 0 0 0 0 0 0 0 0 0 0 0 0 0 0 0 0 0 0 0 0 0 0 0 0 0 0 0 0 0 0 0 0 0 0 0 0 0 0 0 0 0 0 0 0 0 0 0 0 0 0 0 0 0 0 0 0 0 0]
[3766547372400240568980767429966595105442681176035398492917203969478527079709459944249734424028640691850653288170594607288543652148434135843548366620803849775388327723246194723779183609417451319531622479839574284 0 0 0 0 0 0 0 0 0 1 0 0 0 0 0 0 0 0 0 0 0 0 0 0 0 0 0 0 0 0 0 0 0 0 0 0 0 0 0 0 0 0 0 0 0 0 0 0 0 0 0 0 0 0 0 0 0 0 0 0 0 0 0 0 0 0 0 0 0]
[5099683645237050875880194013250688960307133122734306585555761096264895640879105623737868196328196145331079305667107032006924285657549604405678708209127329455354723512915847424400851665027837002265013371105819337 0 0 0 0 0 0 0 0 0 0 1 0 0 0 0 0 0 0 0 0 0 0 0 0 0 0 0 0 0 0 0 0 0 0 0 0 0 0 0 0 0 0 0 0 0 0 0 0 0 0 0 0 0 0 0 0 0 0 0 0 0 0 0 0 0 0 0 0 0]
[1928020477927498140525499567463295628155562341412959620435648194104123926890178638395330068274579901376055631116029747645658938553829703752662156805557501075680035487539034242326284972782747170215359385620982805 0 0 0 0 0 0 0 0 0 0 0 1 0 0 0 0 0 0 0 0 0 0 0 0 0 0 0 0 0 0 0 0 0 0 0 0 0 0 0 0 0 0 0 0 0 0 0 0 0 0 0 0 0 0 0 0 0 0 0 0 0 0 0 0 0 0 0 0 0]
[3777489298975266157130768580578512191131755706739838981780179032901164666367940976728162540755932885887969983607560459101405804581483110447538983159078185235619418272288994684100476148736616749787494825971078977 0 0 0 0 0 0 0 0 0 0 0 0 1 0 0 0 0 0 0 0 0 0 0 0 0 0 0 0 0 0 0 0 0 0 0 0 0 0 0 0 0 0 0 0 0 0 0 0 0 0 0 0 0 0 0 0 0 0 0 0 0 0 0 0 0 0 0 0 0]
[4385732986616364449985841273476684255322868141320493976608073856026907281387040608765572992249429612333234716167422424818935361342839489992081823596834009960354014234209435558156481703361600820301780766674044895 0 0 0 0 0 0 0 0 0 0 0 0 0 1 0 0 0 0 0 0 0 0 0 0 0 0 0 0 0 0 0 0 0 0 0 0 0 0 0 0 0 0 0 0 0 0 0 0 0 0 0 0 0 0 0 0 0 0 0 0 0 0 0 0 0 0 0 0 0]
[676556724410194271121455737318915881257613682734230184651320058336787887778416883458494643972405383569258142692490429565750600119556474532079923612507099417085831249817707537948016144574370744303459821836055934 0 0 0 0 0 0 0 0 0 0 0 0 0 0 1 0 0 0 0 0 0 0 0 0 0 0 0 0 0 0 0 0 0 0 0 0 0 0 0 0 0 0 0 0 0 0 0 0 0 0 0 0 0 0 0 0 0 0 0 0 0 0 0 0 0 0 0 0 0]
[4284395154412836466802712009626775390225448407083371399260233230915786656682084528829037318694011536138564862578852986353261078587387839303963556232961345372240720877334307715347026425009061061037181278844374578 0 0 0 0 0 0 0 0 0 0 0 0 0 0 0 1 0 0 0 0 0 0 0 0 0 0 0 0 0 0 0 0 0 0 0 0 0 0 0 0 0 0 0 0 0 0 0 0 0 0 0 0 0 0 0 0 0 0 0 0 0 0 0 0 0 0 0 0 0]
[4970355170663236349070677114151271954354342517432485501464421917456254289779404399315681723390616818709804968268498183588964863896260132325563804610423849486378503261935269207676947958338845053149476232351357718 0 0 0 0 0 0 0 0 0 0 0 0 0 0 0 0 1 0 0 0 0 0 0 0 0 0 0 0 0 0 0 0 0 0 0 0 0 0 0 0 0 0 0 0 0 0 0 0 0 0 0 0 0 0 0 0 0 0 0 0 0 0 0 0 0 0 0 0 0]
[262712955514881648476604490904359337642526854527969014752272671205891342959532647922914935325255983972653575143831418130566410261152260000610369858962145419219780565591456371508003870111279383233642214313527758 0 0 0 0 0 0 0 0 0 0 0 0 0 0 0 0 0 1 0 0 0 0 0 0 0 0 0 0 0 0 0 0 0 0 0 0 0 0 0 0 0 0 0 0 0 0 0 0 0 0 0 0 0 0 0 0 0 0 0 0 0 0 0 0 0 0 0 0 0]
[1853307802180485243048695314107493499683248633959738120846454603562105957398421098409372730317555249134052363412572601588261695456166253915697861229375479453693265892033904314319888274015460840838230273589462444 0 0 0 0 0 0 0 0 0 0 0 0 0 0 0 0 0 0 1 0 0 0 0 0 0 0 0 0 0 0 0 0 0 0 0 0 0 0 0 0 0 0 0 0 0 0 0 0 0 0 0 0 0 0 0 0 0 0 0 0 0 0 0 0 0 0 0 0 0]
[4425835096146829576757404315145258138330225569676398323473287495210418894751480456548691965393572018603306803657367938875224899145292177068055683560494239249663196842652548937518011816827534909385800828270336286 0 0 0 0 0 0 0 0 0 0 0 0 0 0 0 0 0 0 0 1 0 0 0 0 0 0 0 0 0 0 0 0 0 0 0 0 0 0 0 0 0 0 0 0 0 0 0 0 0 0 0 0 0 0 0 0 0 0 0 0 0 0 0 0 0 0 0 0 0]
[4422332015990961520830305239137878395784545721872503510363904040830261552949033117673991769067783936972873166314288143881549358976286148529675446929308671914296230506807179683560271025844406506926658178860960355 0 0 0 0 0 0 0 0 0 0 0 0 0 0 0 0 0 0 0 0 1 0 0 0 0 0 0 0 0 0 0 0 0 0 0 0 0 0 0 0 0 0 0 0 0 0 0 0 0 0 0 0 0 0 0 0 0 0 0 0 0 0 0 0 0 0 0 0 0]
[3652779468394246855407949498936485926165716617695710786950726830450724469316600536869723467078809447423402065423658792037340176178434730028629550206488473332408982294279149707564987793149019893084174985437653906 0 0 0 0 0 0 0 0 0 0 0 0 0 0 0 0 0 0 0 0 0 1 0 0 0 0 0 0 0 0 0 0 0 0 0 0 0 0 0 0 0 0 0 0 0 0 0 0 0 0 0 0 0 0 0 0 0 0 0 0 0 0 0 0 0 0 0 0 0]
[2284656176082026919479659196350472017690845691113063924257609792861778312947345975130968466545171171941031538605884959364076454616169749719175060578808243977236690323701949557855491845266597987847549470080715447 0 0 0 0 0 0 0 0 0 0 0 0 0 0 0 0 0 0 0 0 0 0 1 0 0 0 0 0 0 0 0 0 0 0 0 0 0 0 0 0 0 0 0 0 0 0 0 0 0 0 0 0 0 0 0 0 0 0 0 0 0 0 0 0 0 0 0 0 0]
[1441106331232094692715991617803444153299821795201559703848433675152739133922142016068963990008756678510734305107626370973240963955607585375208659116905505552532046637247531443582317951523746916103674295997861040 0 0 0 0 0 0 0 0 0 0 0 0 0 0 0 0 0 0 0 0 0 0 0 1 0 0 0 0 0 0 0 0 0 0 0 0 0 0 0 0 0 0 0 0 0 0 0 0 0 0 0 0 0 0 0 0 0 0 0 0 0 0 0 0 0 0 0 0 0]
[4090041584155871964612673389797730005325778019038860246027282667648049387233191459023887450422155279617095336688837931734443136562520663989408868113012026447426955012361247767331863157541810149040535818462168231 0 0 0 0 0 0 0 0 0 0 0 0 0 0 0 0 0 0 0 0 0 0 0 0 1 0 0 0 0 0 0 0 0 0 0 0 0 0 0 0 0 0 0 0 0 0 0 0 0 0 0 0 0 0 0 0 0 0 0 0 0 0 0 0 0 0 0 0 0]
[1182953236352161809920337704178261900088736864501965932481963413336935057086873954123951599522165870160466787136921458577142429058800136973997341595341565536531756898046407335395911147762449108040264816410191363 0 0 0 0 0 0 0 0 0 0 0 0 0 0 0 0 0 0 0 0 0 0 0 0 0 1 0 0 0 0 0 0 0 0 0 0 0 0 0 0 0 0 0 0 0 0 0 0 0 0 0 0 0 0 0 0 0 0 0 0 0 0 0 0 0 0 0 0 0]
[1625023660230730407246875730405187573127053541088378707762731221643637343631501412745683449672398566623059862001118509770150245340944081591798656295625555720366522200081285981487738019367359749581103262311625308 0 0 0 0 0 0 0 0 0 0 0 0 0 0 0 0 0 0 0 0 0 0 0 0 0 0 1 0 0 0 0 0 0 0 0 0 0 0 0 0 0 0 0 0 0 0 0 0 0 0 0 0 0 0 0 0 0 0 0 0 0 0 0 0 0 0 0 0 0]
[4924838876523826346788574178098557196487191225823017730805023000402048559470306177175193263288815330191048871178860763652595806740409228959647065774759165146423710150343415928400503947049195222638901632005527293 0 0 0 0 0 0 0 0 0 0 0 0 0 0 0 0 0 0 0 0 0 0 0 0 0 0 0 1 0 0 0 0 0 0 0 0 0 0 0 0 0 0 0 0 0 0 0 0 0 0 0 0 0 0 0 0 0 0 0 0 0 0 0 0 0 0 0 0 0]
[3294457701289058628432294323071820807127413758538733938157972838874529201284267536241237121930326244361177916555598358113907192885844115768914422304429763821696344573665913495476617326571022537176180846887302552 0 0 0 0 0 0 0 0 0 0 0 0 0 0 0 0 0 0 0 0 0 0 0 0 0 0 0 0 1 0 0 0 0 0 0 0 0 0 0 0 0 0 0 0 0 0 0 0 0 0 0 0 0 0 0 0 0 0 0 0 0 0 0 0 0 0 0 0 0]
[4959867922844797153892605549756538372969310322353769615589486508814842140798027533130444111588511416848285851276200123517038856562687444826926342700487825710970003415055084738455888330825451438385494404600638792 0 0 0 0 0 0 0 0 0 0 0 0 0 0 0 0 0 0 0 0 0 0 0 0 0 0 0 0 0 1 0 0 0 0 0 0 0 0 0 0 0 0 0 0 0 0 0 0 0 0 0 0 0 0 0 0 0 0 0 0 0 0 0 0 0 0 0 0 0]
[3693008956225935977689142874013723130755101109603056727355493914472925028347746816268612995082918882610651157463526777536660159738470809487825220563136314355012053628731350491747846230388753143655893952831399088 0 0 0 0 0 0 0 0 0 0 0 0 0 0 0 0 0 0 0 0 0 0 0 0 0 0 0 0 0 0 1 0 0 0 0 0 0 0 0 0 0 0 0 0 0 0 0 0 0 0 0 0 0 0 0 0 0 0 0 0 0 0 0 0 0 0 0 0 0]
[2683991730594113922794272883346137064723299703716028371014128937754794256604436992541234232635567143576181198118898250874053684247558715473153683842237999727168565594793443170759766103624118890101645816949589523 0 0 0 0 0 0 0 0 0 0 0 0 0 0 0 0 0 0 0 0 0 0 0 0 0 0 0 0 0 0 0 1 0 0 0 0 0 0 0 0 0 0 0 0 0 0 0 0 0 0 0 0 0 0 0 0 0 0 0 0 0 0 0 0 0 0 0 0 0]
[3345973954720147192556529437918884248696430493299325877639498913958776012337239559229540651348996206036876544867624606501377385968492932436883106164768390539194808669212152034298451066038063304365111755287546262 0 0 0 0 0 0 0 0 0 0 0 0 0 0 0 0 0 0 0 0 0 0 0 0 0 0 0 0 0 0 0 0 1 0 0 0 0 0 0 0 0 0 0 0 0 0 0 0 0 0 0 0 0 0 0 0 0 0 0 0 0 0 0 0 0 0 0 0 0]
[4399070224731350690292821759511245060870736967104460844534322164607760752364918650692590344092644115040027967209057371576571017546962137088221187244358244166159298950506983617181173088996671388001969486030208843 0 0 0 0 0 0 0 0 0 0 0 0 0 0 0 0 0 0 0 0 0 0 0 0 0 0 0 0 0 0 0 0 0 1 0 0 0 0 0 0 0 0 0 0 0 0 0 0 0 0 0 0 0 0 0 0 0 0 0 0 0 0 0 0 0 0 0 0 0]
[3912292063524539748573257210724114180040714538569638213476069309592169063028931339971362351782695078926793034232878206612013303424229660828258249021984878240610344423157966848679003250731666102750861905602994559 0 0 0 0 0 0 0 0 0 0 0 0 0 0 0 0 0 0 0 0 0 0 0 0 0 0 0 0 0 0 0 0 0 0 1 0 0 0 0 0 0 0 0 0 0 0 0 0 0 0 0 0 0 0 0 0 0 0 0 0 0 0 0 0 0 0 0 0 0]
[3507807683178262060207011666847581226567926388110635368705041492334763639501962653281008270001449440932626053014011147699935649446387524527967898921366582001252708231990074507895953983598046248293133722016631417 0 0 0 0 0 0 0 0 0 0 0 0 0 0 0 0 0 0 0 0 0 0 0 0 0 0 0 0 0 0 0 0 0 0 0 1 0 0 0 0 0 0 0 0 0 0 0 0 0 0 0 0 0 0 0 0 0 0 0 0 0 0 0 0 0 0 0 0 0]
[3948271765192555267628598376640070168256915743977410113835872061146939637908909837689079121137753911937438922060274927333426305275297413166135718911651939442576650307882564607878462053608221258171493746172505757 0 0 0 0 0 0 0 0 0 0 0 0 0 0 0 0 0 0 0 0 0 0 0 0 0 0 0 0 0 0 0 0 0 0 0 0 1 0 0 0 0 0 0 0 0 0 0 0 0 0 0 0 0 0 0 0 0 0 0 0 0 0 0 0 0 0 0 0 0]
[4933492500610532974836971785705384649759375182457783001391954897315849103278791107565054427438183330738618968256724139443815646426500166590823762892163209308696984193107915206062929762279379935900535066641163230 0 0 0 0 0 0 0 0 0 0 0 0 0 0 0 0 0 0 0 0 0 0 0 0 0 0 0 0 0 0 0 0 0 0 0 0 0 1 0 0 0 0 0 0 0 0 0 0 0 0 0 0 0 0 0 0 0 0 0 0 0 0 0 0 0 0 0 0 0]
[424226916029155579711463865606899965207796095473646936419980613848332356845736644489704825237600515334330062400407783086926993638989082818768696479286532515651342991619276895975010234657188936126816301263993884 0 0 0 0 0 0 0 0 0 0 0 0 0 0 0 0 0 0 0 0 0 0 0 0 0 0 0 0 0 0 0 0 0 0 0 0 0 0 1 0 0 0 0 0 0 0 0 0 0 0 0 0 0 0 0 0 0 0 0 0 0 0 0 0 0 0 0 0 0]
[4867341892261230130600942529294698704723401768378354059044870350992915899367178053368192031451566163743021194291867949428200106879024571740883582878050251844857111999826139513767804368906513848478116047114018827 0 0 0 0 0 0 0 0 0 0 0 0 0 0 0 0 0 0 0 0 0 0 0 0 0 0 0 0 0 0 0 0 0 0 0 0 0 0 0 1 0 0 0 0 0 0 0 0 0 0 0 0 0 0 0 0 0 0 0 0 0 0 0 0 0 0 0 0 0]
[4131492730310992917097638054043455077531768845719212139228644051617600662731997799982376359043921529766638175428379271861909944810594724264105409154684894832987781771675241360589044463322330298151328522704852675 0 0 0 0 0 0 0 0 0 0 0 0 0 0 0 0 0 0 0 0 0 0 0 0 0 0 0 0 0 0 0 0 0 0 0 0 0 0 0 0 1 0 0 0 0 0 0 0 0 0 0 0 0 0 0 0 0 0 0 0 0 0 0 0 0 0 0 0 0]
[1187825985048288625196544075720991269094419310659335137828799680252354957163792257987291829812408878858777818718145629973452395471257446024178904950330704305760067119125527432877354136214469366175843195362281181 0 0 0 0 0 0 0 0 0 0 0 0 0 0 0 0 0 0 0 0 0 0 0 0 0 0 0 0 0 0 0 0 0 0 0 0 0 0 0 0 0 1 0 0 0 0 0 0 0 0 0 0 0 0 0 0 0 0 0 0 0 0 0 0 0 0 0 0 0]
[4325928538465139834339923101814786040361978571282371053150312377975718339453005820517188653797817252227289963369349374676826624118095162761944126375138708895722793232210820282729805715106344208530205470847844109 0 0 0 0 0 0 0 0 0 0 0 0 0 0 0 0 0 0 0 0 0 0 0 0 0 0 0 0 0 0 0 0 0 0 0 0 0 0 0 0 0 0 1 0 0 0 0 0 0 0 0 0 0 0 0 0 0 0 0 0 0 0 0 0 0 0 0 0 0]
[4680399374310255879054360789692256261794007749781905271596528821360091869899483479990394928039693965420132467549584847819759086827604491070015330886395230947534931472204825589039501735727537660544001828435285346 0 0 0 0 0 0 0 0 0 0 0 0 0 0 0 0 0 0 0 0 0 0 0 0 0 0 0 0 0 0 0 0 0 0 0 0 0 0 0 0 0 0 0 1 0 0 0 0 0 0 0 0 0 0 0 0 0 0 0 0 0 0 0 0 0 0 0 0 0]
[3442067887621659563756459801614047412930559429097086224710418192089651819704052857737176095167674652277943624671295026759215326201622793215109981739766209096428617456536862153405564413756709722707794603407410935 0 0 0 0 0 0 0 0 0 0 0 0 0 0 0 0 0 0 0 0 0 0 0 0 0 0 0 0 0 0 0 0 0 0 0 0 0 0 0 0 0 0 0 0 1 0 0 0 0 0 0 0 0 0 0 0 0 0 0 0 0 0 0 0 0 0 0 0 0]
[3842207429131799285493569043617420882347353567269811392679144947734434742496094605771148160175980776824638372449650409597922842880706609275747950170446657656311404509082615563573714763202332628074763228931892833 0 0 0 0 0 0 0 0 0 0 0 0 0 0 0 0 0 0 0 0 0 0 0 0 0 0 0 0 0 0 0 0 0 0 0 0 0 0 0 0 0 0 0 0 0 1 0 0 0 0 0 0 0 0 0 0 0 0 0 0 0 0 0 0 0 0 0 0 0]
[3426109435846177568746649750551734808754558709761317964187147046732989959302383253499279178515861486550804626381422820842314110418767956143486474094785307940063696950399209255801041135459121642987040807085118056 0 0 0 0 0 0 0 0 0 0 0 0 0 0 0 0 0 0 0 0 0 0 0 0 0 0 0 0 0 0 0 0 0 0 0 0 0 0 0 0 0 0 0 0 0 0 1 0 0 0 0 0 0 0 0 0 0 0 0 0 0 0 0 0 0 0 0 0 0]
[4558759628171970613334501536597961290275334952097763682352545002035545226425898189243174796446624994700644350460148187588716297248527810125156606191926497189637086854335584635162209070206145545349338116274274186 0 0 0 0 0 0 0 0 0 0 0 0 0 0 0 0 0 0 0 0 0 0 0 0 0 0 0 0 0 0 0 0 0 0 0 0 0 0 0 0 0 0 0 0 0 0 0 1 0 0 0 0 0 0 0 0 0 0 0 0 0 0 0 0 0 0 0 0 0]
[4957774695896007407964967369512313404514495641115195644828900554198574437226431545755874281656282078545274156317728707957228422848912314143944322078203628086673216412218142153750368168685810812647835736940311096 0 0 0 0 0 0 0 0 0 0 0 0 0 0 0 0 0 0 0 0 0 0 0 0 0 0 0 0 0 0 0 0 0 0 0 0 0 0 0 0 0 0 0 0 0 0 0 0 1 0 0 0 0 0 0 0 0 0 0 0 0 0 0 0 0 0 0 0 0]
[3802623665687737839884810829632056609012314791535451114168344944406964938870087901728469717870699396042302231136417174360917237474388270883665448068131186918028244172162031859356631337955253034806136761113733210 0 0 0 0 0 0 0 0 0 0 0 0 0 0 0 0 0 0 0 0 0 0 0 0 0 0 0 0 0 0 0 0 0 0 0 0 0 0 0 0 0 0 0 0 0 0 0 0 0 1 0 0 0 0 0 0 0 0 0 0 0 0 0 0 0 0 0 0 0]
[583459442083426849622060000262702275130130436824165975424799185606228404591544241937913041225413207945150659868926158566204067798220007989796840750549593638350747148473183319863332819875548600258762986691070850 0 0 0 0 0 0 0 0 0 0 0 0 0 0 0 0 0 0 0 0 0 0 0 0 0 0 0 0 0 0 0 0 0 0 0 0 0 0 0 0 0 0 0 0 0 0 0 0 0 0 1 0 0 0 0 0 0 0 0 0 0 0 0 0 0 0 0 0 0]
[1236205982768121137298465600370038479110114285161855383491858401803472991037808309931076151786152879210610657754262470233638646257018362439152818467166062224322848195228182068197516857457323903026229211794216854 0 0 0 0 0 0 0 0 0 0 0 0 0 0 0 0 0 0 0 0 0 0 0 0 0 0 0 0 0 0 0 0 0 0 0 0 0 0 0 0 0 0 0 0 0 0 0 0 0 0 0 1 0 0 0 0 0 0 0 0 0 0 0 0 0 0 0 0 0]
[653451577334804368707801376431999553246325028460055319562343191935523926194661612305265812474328302351875187508297509343846072597246225510005547471473737722883526331343385871852289571019502643608940118290106701 0 0 0 0 0 0 0 0 0 0 0 0 0 0 0 0 0 0 0 0 0 0 0 0 0 0 0 0 0 0 0 0 0 0 0 0 0 0 0 0 0 0 0 0 0 0 0 0 0 0 0 0 1 0 0 0 0 0 0 0 0 0 0 0 0 0 0 0 0]
[872317442824470667090391867928037485363879892371548787204242732938349750541688637576599571842773056424505003655906940417485191853178627965694175149882215233589376372147419990979961789185487163255862688377570757 0 0 0 0 0 0 0 0 0 0 0 0 0 0 0 0 0 0 0 0 0 0 0 0 0 0 0 0 0 0 0 0 0 0 0 0 0 0 0 0 0 0 0 0 0 0 0 0 0 0 0 0 0 1 0 0 0 0 0 0 0 0 0 0 0 0 0 0 0]
[3031264047972960863800289034558368788426036392966417026525428589810146644782135361675599255648609575794234609666764887434357319089847532491492766210648537560056193562514092735818061779385255955395591895650694236 0 0 0 0 0 0 0 0 0 0 0 0 0 0 0 0 0 0 0 0 0 0 0 0 0 0 0 0 0 0 0 0 0 0 0 0 0 0 0 0 0 0 0 0 0 0 0 0 0 0 0 0 0 0 1 0 0 0 0 0 0 0 0 0 0 0 0 0 0]
[2197304097102040902056478826197274473262372531112186348312894261990160478542180114743277939132445288900545380373878379027342286850096224251931340804942518545621313377929414554356909408729484308054138064556779698 0 0 0 0 0 0 0 0 0 0 0 0 0 0 0 0 0 0 0 0 0 0 0 0 0 0 0 0 0 0 0 0 0 0 0 0 0 0 0 0 0 0 0 0 0 0 0 0 0 0 0 0 0 0 0 1 0 0 0 0 0 0 0 0 0 0 0 0 0]
[486043544526641819920926949046942384382856365411250528436453584534217195775889420525320090758053797141515018551965467395279988017887419212469264881646206059310825780489034714601580817274713216113755940344240409 0 0 0 0 0 0 0 0 0 0 0 0 0 0 0 0 0 0 0 0 0 0 0 0 0 0 0 0 0 0 0 0 0 0 0 0 0 0 0 0 0 0 0 0 0 0 0 0 0 0 0 0 0 0 0 0 1 0 0 0 0 0 0 0 0 0 0 0 0]
[917571113010396648580026543648960861037085386144352946261076716804104428466103515860164566345079217675817983940021723563847479553341370162472992238188901957643664974253044305921512097596546389083825323730972700 0 0 0 0 0 0 0 0 0 0 0 0 0 0 0 0 0 0 0 0 0 0 0 0 0 0 0 0 0 0 0 0 0 0 0 0 0 0 0 0 0 0 0 0 0 0 0 0 0 0 0 0 0 0 0 0 0 1 0 0 0 0 0 0 0 0 0 0 0]
[1221258708963194245301041355820302930033321859035136377472905946901605135927382642240766283707846137839919199734866742215903091223147115027987068401777648170995752117407252605375363130460527441845731827275342240 0 0 0 0 0 0 0 0 0 0 0 0 0 0 0 0 0 0 0 0 0 0 0 0 0 0 0 0 0 0 0 0 0 0 0 0 0 0 0 0 0 0 0 0 0 0 0 0 0 0 0 0 0 0 0 0 0 0 1 0 0 0 0 0 0 0 0 0 0]
[2655708653870709468815891806424452286741948467774844694718640899128353471295968363140842714498302555114935608137004112042072041399803570091690505204437602180281560904054087780272933668028298012809124189885872172 0 0 0 0 0 0 0 0 0 0 0 0 0 0 0 0 0 0 0 0 0 0 0 0 0 0 0 0 0 0 0 0 0 0 0 0 0 0 0 0 0 0 0 0 0 0 0 0 0 0 0 0 0 0 0 0 0 0 0 1 0 0 0 0 0 0 0 0 0]
[541136745400226291478775313787250386663006483823823496618830792887303782983608369511360253455624405005352854253165973722581974921786019116022276668768553556319922110833738571402341273818208617812198907495589577 0 0 0 0 0 0 0 0 0 0 0 0 0 0 0 0 0 0 0 0 0 0 0 0 0 0 0 0 0 0 0 0 0 0 0 0 0 0 0 0 0 0 0 0 0 0 0 0 0 0 0 0 0 0 0 0 0 0 0 0 1 0 0 0 0 0 0 0 0]
[4744178597945808957998500478012542299662357876311705679034456318870678164264140190518411499609051997115331228430607075092952839431141563299426134271630727764370571702585952849962689456684909207264095361340405834 0 0 0 0 0 0 0 0 0 0 0 0 0 0 0 0 0 0 0 0 0 0 0 0 0 0 0 0 0 0 0 0 0 0 0 0 0 0 0 0 0 0 0 0 0 0 0 0 0 0 0 0 0 0 0 0 0 0 0 0 0 1 0 0 0 0 0 0 0]
[1315466339557991768876999281306448440075104607510270123150880384626020323924587384883816318948671992614160498893890191012675989556434972061155375320028667682318091039066881939621639232113460141201385119659901234 0 0 0 0 0 0 0 0 0 0 0 0 0 0 0 0 0 0 0 0 0 0 0 0 0 0 0 0 0 0 0 0 0 0 0 0 0 0 0 0 0 0 0 0 0 0 0 0 0 0 0 0 0 0 0 0 0 0 0 0 0 0 1 0 0 0 0 0 0]
[4409807446600500214445279877575544050726441471712984677894196534689497569171980326287742835193486468683557672587369000947336849757071849785243290813854177394956906080738014872343770285818887033664879415308414410 0 0 0 0 0 0 0 0 0 0 0 0 0 0 0 0 0 0 0 0 0 0 0 0 0 0 0 0 0 0 0 0 0 0 0 0 0 0 0 0 0 0 0 0 0 0 0 0 0 0 0 0 0 0 0 0 0 0 0 0 0 0 0 1 0 0 0 0 0]
[1718602826932322607174751658397997570914749190715857696698530266528758647311714814918312224482715437017968384376585252993095883833018187300702667044781166833129990106380792726706025471012423328996148249918885196 0 0 0 0 0 0 0 0 0 0 0 0 0 0 0 0 0 0 0 0 0 0 0 0 0 0 0 0 0 0 0 0 0 0 0 0 0 0 0 0 0 0 0 0 0 0 0 0 0 0 0 0 0 0 0 0 0 0 0 0 0 0 0 0 1 0 0 0 0]
[743136350417908618450074551555655641463556930039581978371284784278034051218045514501284272592627320088969025614160487697477727230890771183861273456769141767111420472333369990698134559655450157508184054621133650 0 0 0 0 0 0 0 0 0 0 0 0 0 0 0 0 0 0 0 0 0 0 0 0 0 0 0 0 0 0 0 0 0 0 0 0 0 0 0 0 0 0 0 0 0 0 0 0 0 0 0 0 0 0 0 0 0 0 0 0 0 0 0 0 0 1 0 0 0]
[428126671171563954457577824564692955048826840899417764369238222422752348379083313504575480624353306984267462646195353008580476029657416200134305214909139541353000814238890306393422790004219253929006895299805159 0 0 0 0 0 0 0 0 0 0 0 0 0 0 0 0 0 0 0 0 0 0 0 0 0 0 0 0 0 0 0 0 0 0 0 0 0 0 0 0 0 0 0 0 0 0 0 0 0 0 0 0 0 0 0 0 0 0 0 0 0 0 0 0 0 0 1 0 0]
[2598655895722665394274122901051203879641501148617381499837913841650578356702417475278279183837711580633348723393875463048010991204871636935631337362342617216421261056583155865146481587461549988739273733419132094 0 0 0 0 0 0 0 0 0 0 0 0 0 0 0 0 0 0 0 0 0 0 0 0 0 0 0 0 0 0 0 0 0 0 0 0 0 0 0 0 0 0 0 0 0 0 0 0 0 0 0 0 0 0 0 0 0 0 0 0 0 0 0 0 0 0 0 1 0]
[2422338363393714492576190647189516082356285530411028654946889179044038585926398738320809503710391610474815195053039989547284618970881507284488332286433692695922927656382368868598129744956604001799570172979460951 0 0 0 0 0 0 0 0 0 0 0 0 0 0 0 0 0 0 0 0 0 0 0 0 0 0 0 0 0 0 0 0 0 0 0 0 0 0 0 0 0 0 0 0 0 0 0 0 0 0 0 0 0 0 0 0 0 0 0 0 0 0 0 0 0 0 0 0 1]
]
70 71 2
[1 1 1 1 1 1 1 1 1 1 1 1 1 1 1 1 1 1 1 1 1 1 1 1 1 1 1 1 1 1 1 1 1 1 1 1 1 1 1 1 1 1 1 1 1 1 1 1 1 1 1 1 1 1 1 1 1 1 1 1 1 1 1 1 1 1 1 1 1 1 1]
