[[2921881467743628102028861421546535233872528644301482413769787437123985356737067679310863449427110218433715503389626555040492258058947397472337857556475022728644231287092587123532861696838010840511262805544886183 0 0 0 0 0 0 0 0 0 0 0 0 0 0 0 0 0 0 0 0 0 0 0 0 0 0 0 0 0 0 0 0 0 0 0 0 0 0 0 0 0 0 0 0 0 0 0 0 0 0 0 0 0 0 0 0 0 0 0 0 0 0 0 0 0 0 0 0 0]
[2575486697231975320308257368312418710837858663546954862188392392009580339542452874703607481540627379783612593759203159405698946153101120985609981871930493853359036947914630847527949707224232067609446352816540338 1 0 0 0 0 0 0 0 0 0 0 0 0 0 0 0 0 0 0 0 0 0 0 0 0 0 0 0 0 0 0 0 0 0 0 0 0 0 0 0 0 0 0 0 0 0 0 0 0 0 0 0 0 0 0 0 0 0 0 0 0 0 0 0 0 0 0 0 0]
[1894958328593535901750010190821395343854939063789202952659295327079754556396371780793123770918686554481914630562405090768472044995393677717083997079097687845783051618953105670581248882280794075330433578361048037 0 1 0 0 0 0 0 0 0 0 0 0 0 0 0 0 0 0 0 0 0 0 0 0 0 0 0 0 0 0 0 0 0 0 0 0 0 0 0 0 0 0 0 0 0 0 0 0 0 0 0 0 0 0 0 0 0 0 0 0 0 0 0 0 0 0 0 0 0]
[1326030338396525745052615269631907435432441642343687106168452602668786999946611967003114913352588939540790961857363463992242058897014858485320443611651131206284608180882102027832088270183766339763450329343438913 0 0 1 0 0 0 0 0 0 0 0 0 0 0 0 0 0 0 0 0 0 0 0 0 0 0 0 0 0 0 0 0 0 0 0 0 0 0 0 0 0 0 0 0 0 0 0 0 0 0 0 0 0 0 0 0 0 0 0 0 0 0 0 0 0 0 0 0 0]
[1593410995085088600452796311164853906892288400870436198444904890169298242953918552667710337184291974591411843942503242348771517857558086341614272856587750050614975117379963315776711835855033760385427565939545665 0 0 0 1 0 0 0 0 0 0 0 0 0 0 0 0 0 0 0 0 0 0 0 0 0 0 0 0 0 0 0 0 0 0 0 0 0 0 0 0 0 0 0 0 0 0 0 0 0 0 0 0 0 0 0 0 0 0 0 0 0 0 0 0 0 0 0 0 0]
[2555053848134265616631638456261001938422496096720050414068205421379182392014900356475235973989385394986390636132376329105461924645007004678047424037638579515654002505040184965897930966434684302917829126825484166 0 0 0 0 1 0 0 0 0 0 0 0 0 0 0 0 0 0 0 0 0 0 0 0 0 0 0 0 0 0 0 0 0 0 0 0 0 0 0 0 0 0 0 0 0 0 0 0 0 0 0 0 0 0 0 0 0 0 0 0 0 0 0 0 0 0 0 0 0]
[2582189804089575972758480186269000291774005613441583273047966385060330129721323731672025617585295074833683306825302764291608683034967699341420798050729093369364764267482683716418144715578057798418558434872022243 0 0 0 0 0 1 0 0 0 0 0 0 0 0 0 0 0 0 0 0 0 0 0 0 0 0 0 0 0 0 0 0 0 0 0 0 0 0 0 0 0 0 0 0 0 0 0 0 0 0 0 0 0 0 0 0 0 0 0 0 0 0 0 0 0 0 0 0 0]
[1377528155589099093273824033595019680651048275745924549707023508251792502336356898734810096577094495921105551445129865867318745078388648687777944679038924781782621695510774862930464132502765739197536633639716852 0 0 0 0 0 0 1 0 0 0 0 0 0 0 0 0 0 0 0 0 0 0 0 0 0 0 0 0 0 0 0 0 0 0 0 0 0 0 0 0 0 0 0 0 0 0 0 0 0 0 0 0 0 0 0 0 0 0 0 0 0 0 0 0 0 0 0 0 0]
[1721133453871638105019052916783732527249029198680478649522061009622030496395383893204028422831093471132213941226453932731175310510324756083575068809631246346300195979135128138207647825723890237535809208517668125 0 0 0 0 0 0 0 1 0 0 0 0 0 0 0 0 0 0 0 0 0 0 0 0 0 0 0 0 0 0 0 0 0 0 0 0 0 0 0 0 0 0 0 0 0 0 0 0 0 0 0 0 0 0 0 0 0 0 0 0 0 0 0 0 0 0 0 0 0]
[1848754318620009163285061916369175830716475848925766322686438808064162578464294066437471655236348683040477440216056131150580865914467334123268005889177024998654925851865040594472261889528595553104982004783753053 0 0 0 0 0 0 0 0 1 0 0 0 0 0 0 0 0 0 0 0 0 0 0 0 0 0 0 0 0 0 0 0 0 0 0 0 0 0 0 0 0 0 0 0 0 0 0 0 0 0 0 0 0 0 0 0 0 0 0 0 0 0 0 0 0 0 0 0 0]
[1854312901236194619529681583189636171023550226254772338071937992040821705613291827670274395555088217255384112539673797688746938993220178479477643528662584063784411248030604629239159477080405091786273154327756740 0 0 0 0 0 0 0 0 0 1 0 0 0 0 0 0 0 0 0 0 0 0 0 0 0 0 0 0 0 0 0 0 0 0 0 0 0 0 0 0 0 0 0 0 0 0 0 0 0 0 0 0 0 0 0 0 0 0 0 0 0 0 0 0 0 0 0 0 0]
[2869740410021657806382627417574918377789611322437513751063649633253279408374084496310586095364957755425837544114365669008968522461756443698739377532858709249440524689190972856202098514445384337724562199538386565 0 0 0 0 0 0 0 0 0 0 1 0 0 0 0 0 0 0 0 0 0 0 0 0 0 0 0 0 0 0 0 0 0 0 0 0 0 0 0 0 0 0 0 0 0 0 0 0 0 0 0 0 0 0 0 0 0 0 0 0 0 0 0 0 0 0 0 0 0]
[2604678056153024420854307029811490855045197228615573594447084489836592498214099092147703761488903626851963367211933120106505969736416896564905865202346389054801502507152270762252928850213609457992850046503426601 0 0 0 0 0 0 0 0 0 0 0 1 0 0 0 0 0 0 0 0 0 0 0 0 0 0 0 0 0 0 0 0 0 0 0 0 0 0 0 0 0 0 0 0 0 0 0 0 0 0 0 0 0 0 0 0 0 0 0 0 0 0 0 0 0 0 0 0 0]
[340881382005753906569908722541592475038374498123993951946342758464452477227755001071289046300018338368071391436067963350019451381497648556485041238108516330047864356664361925451079501514997469653620929456746612 0 0 0 0 0 0 0 0 0 0 0 0 1 0 0 0 0 0 0 0 0 0 0 0 0 0 0 0 0 0 0 0 0 0 0 0 0 0 0 0 0 0 0 0 0 0 0 0 0 0 0 0 0 0 0 0 0 0 0 0 0 0 0 0 0 0 0 0 0]
[253882405631126968849845430778553362235914129017830539157249620189565788104824245156627793733962438837409431493260477946791297179461525197986944602661679650523715274182714183794969714128211863353313328226230369 0 0 0 0 0 0 0 0 0 0 0 0 0 1 0 0 0 0 0 0 0 0 0 0 0 0 0 0 0 0 0 0 0 0 0 0 0 0 0 0 0 0 0 0 0 0 0 0 0 0 0 0 0 0 0 0 0 0 0 0 0 0 0 0 0 0 0 0 0]
[1489663962538697729246088663375042314289568271373636146667942868875809590935194762846042069803318516613939308762564475523019722894240958117254728096184026136343924160000868372884313185102551539518727262736374323 0 0 0 0 0 0 0 0 0 0 0 0 0 0 1 0 0 0 0 0 0 0 0 0 0 0 0 0 0 0 0 0 0 0 0 0 0 0 0 0 0 0 0 0 0 0 0 0 0 0 0 0 0 0 0 0 0 0 0 0 0 0 0 0 0 0 0 0 0]
[578504926206847927771811376716901528019929740650122979667572073213717582590127160462663205696495272323584482038752007355458858258982778288894861628551356620716641349001318225363520129057646628374378737556289541 0 0 0 0 0 0 0 0 0 0 0 0 0 0 0 1 0 0 0 0 0 0 0 0 0 0 0 0 0 0 0 0 0 0 0 0 0 0 0 0 0 0 0 0 0 0 0 0 0 0 0 0 0 0 0 0 0 0 0 0 0 0 0 0 0 0 0 0 0]
[416385668902485972257062666193869514543122320131133371850541741667963921571640579346181643526629026183632646386753438158984233314632070381102975339863877113694881310577379416878186533552274481181657256039342853 0 0 0 0 0 0 0 0 0 0 0 0 0 0 0 0 1 0 0 0 0 0 0 0 0 0 0 0 0 0 0 0 0 0 0 0 0 0 0 0 0 0 0 0 0 0 0 0 0 0 0 0 0 0 0 0 0 0 0 0 0 0 0 0 0 0 0 0 0]
[491755752015174015988444995858522653362588659138736043841397570055052530991550735052100111541724464788326552216052456258581480483277866341908714869260277150300460438038525107799527024772980860531030044815530404 0 0 0 0 0 0 0 0 0 0 0 0 0 0 0 0 0 1 0 0 0 0 0 0 0 0 0 0 0 0 0 0 0 0 0 0 0 0 0 0 0 0 0 0 0 0 0 0 0 0 0 0 0 0 0 0 0 0 0 0 0 0 0 0 0 0 0 0 0]
[2850857383242054915783467749830840850889983705925877682557560470335021989687376263989718984218306051477332409969081335243759084653528657874716523620681180997984173428652227249763102898231088435643126526118616919 0 0 0 0 0 0 0 0 0 0 0 0 0 0 0 0 0 0 1 0 0 0 0 0 0 0 0 0 0 0 0 0 0 0 0 0 0 0 0 0 0 0 0 0 0 0 0 0 0 0 0 0 0 0 0 0 0 0 0 0 0 0 0 0 0 0 0 0 0]
[502844238707244215732661629762688751202012583112214464383869848245265443002706869493393831631437615020640007676141260846443191380572260798005543174060966794234025509929357485669751566753608975685967405705464724 0 0 0 0 0 0 0 0 0 0 0 0 0 0 0 0 0 0 0 1 0 0 0 0 0 0 0 0 0 0 0 0 0 0 0 0 0 0 0 0 0 0 0 0 0 0 0 0 0 0 0 0 0 0 0 0 0 0 0 0 0 0 0 0 0 0 0 0 0]
[2368729551434324152876380151146573315848055839624586920802945259273305914038696425205657788142935065950402238445628870686192328938815377302496330039106984337308828468856911053453416802106700670683000643894946679 0 0 0 0 0 0 0 0 0 0 0 0 0 0 0 0 0 0 0 0 1 0 0 0 0 0 0 0 0 0 0 0 0 0 0 0 0 0 0 0 0 0 0 0 0 0 0 0 0 0 0 0 0 0 0 0 0 0 0 0 0 0 0 0 0 0 0 0 0]
[1221552214129500911039218730627360755705105023023597296397400989982688456073101160090347561028313116658089298549062747997102361793396763578432493712248875746214195281006345472685561343090232063133981272442427509 0 0 0 0 0 0 0 0 0 0 0 0 0 0 0 0 0 0 0 0 0 1 0 0 0 0 0 0 0 0 0 0 0 0 0 0 0 0 0 0 0 0 0 0 0 0 0 0 0 0 0 0 0 0 0 0 0 0 0 0 0 0 0 0 0 0 0 0 0]
[2613677931121906267640804277397552914123406863319404915740846790154532258438872046320838127669009899559140666485290933540297575811762582117651626449938626402198265359359670087376171884158611763414540739995435706 0 0 0 0 0 0 0 0 0 0 0 0 0 0 0 0 0 0 0 0 0 0 1 0 0 0 0 0 0 0 0 0 0 0 0 0 0 0 0 0 0 0 0 0 0 0 0 0 0 0 0 0 0 0 0 0 0 0 0 0 0 0 0 0 0 0 0 0 0]
[179975727077913366797642643077910676679433042027498963591790115210002845510612140765035615822443375312442022722829077523951518034592718604929814316405727242476586197699833780036256548340142210695030976885337931 0 0 0 0 0 0 0 0 0 0 0 0 0 0 0 0 0 0 0 0 0 0 0 1 0 0 0 0 0 0 0 0 0 0 0 0 0 0 0 0 0 0 0 0 0 0 0 0 0 0 0 0 0 0 0 0 0 0 0 0 0 0 0 0 0 0 0 0 0]
[2221932607345448749325148006607068554810062350392100240965459860401507421533240021630503641174258773625158947865596708065903971585657985767998116978943390809093970937158895741177955055877297457814559475866877417 0 0 0 0 0 0 0 0 0 0 0 0 0 0 0 0 0 0 0 0 0 0 0 0 1 0 0 0 0 0 0 0 0 0 0 0 0 0 0 0 0 0 0 0 0 0 0 0 0 0 0 0 0 0 0 0 0 0 0 0 0 0 0 0 0 0 0 0 0]
[2874510023643174566887675608347374842234393776619042481863182912068226435360413632449674043274603206326129238552053974279225402656805789927239707745893736413894475486288035181638069141870978059226581655519681349 0 0 0 0 0 0 0 0 0 0 0 0 0 0 0 0 0 0 0 0 0 0 0 0 0 1 0 0 0 0 0 0 0 0 0 0 0 0 0 0 0 0 0 0 0 0 0 0 0 0 0 0 0 0 0 0 0 0 0 0 0 0 0 0 0 0 0 0 0]
[904091491214529003500056951228638381763177684594487597064714285973813920924090552040704679213566235704435582934956322665978111185673359989063717421830029845450468755022814838436171921256921484800799728295275477 0 0 0 0 0 0 0 0 0 0 0 0 0 0 0 0 0 0 0 0 0 0 0 0 0 0 1 0 0 0 0 0 0 0 0 0 0 0 0 0 0 0 0 0 0 0 0 0 0 0 0 0 0 0 0 0 0 0 0 0 0 0 0 0 0 0 0 0 0]
[2757219543260876555830658832539955342292680001166308359866273689884330753943858185445314158232114445478202068675371474571883466467099041573498742056026076256206634860923308045277713132278590949157631770141131189 0 0 0 0 0 0 0 0 0 0 0 0 0 0 0 0 0 0 0 0 0 0 0 0 0 0 0 1 0 0 0 0 0 0 0 0 0 0 0 0 0 0 0 0 0 0 0 0 0 0 0 0 0 0 0 0 0 0 0 0 0 0 0 0 0 0 0 0 0]
[620185518880037280290170534528738990665888352505534857737290806522894662741814071684941640547673250964866575065552631811587917647988624169108666613234118321837520153804911649449604623158889458568620290167902078 0 0 0 0 0 0 0 0 0 0 0 0 0 0 0 0 0 0 0 0 0 0 0 0 0 0 0 0 1 0 0 0 0 0 0 0 0 0 0 0 0 0 0 0 0 0 0 0 0 0 0 0 0 0 0 0 0 0 0 0 0 0 0 0 0 0 0 0 0]
[2890085772837435060685825862195141104674798044374272059468318834342755176681500958819703983555598549699623708850058132965597275318297880424318103410657471769917964735645157853361876345872244497005340597303594398 0 0 0 0 0 0 0 0 0 0 0 0 0 0 0 0 0 0 0 0 0 0 0 0 0 0 0 0 0 1 0 0 0 0 0 0 0 0 0 0 0 0 0 0 0 0 0 0 0 0 0 0 0 0 0 0 0 0 0 0 0 0 0 0 0 0 0 0 0]
[2501546544839041185672300984466337991888344916531247302310016203097061488529670689543566843921433176384395519807718187762575333797998441424812325099444434262621248382811500213386069709788730823347838174938471031 0 0 0 0 0 0 0 0 0 0 0 0 0 0 0 0 0 0 0 0 0 0 0 0 0 0 0 0 0 0 1 0 0 0 0 0 0 0 0 0 0 0 0 0 0 0 0 0 0 0 0 0 0 0 0 0 0 0 0 0 0 0 0 0 0 0 0 0 0]
[2778807643113881059773530339640171370482895171342778562579927031112642811521551295483075731052813682715547124051179180789019301918743843886859997378264946557180115195485081039178898089524369659246366828342030113 0 0 0 0 0 0 0 0 0 0 0 0 0 0 0 0 0 0 0 0 0 0 0 0 0 0 0 0 0 0 0 1 0 0 0 0 0 0 0 0 0 0 0 0 0 0 0 0 0 0 0 0 0 0 0 0 0 0 0 0 0 0 0 0 0 0 0 0 0]
[2884392572203825890606983513291212506863402936145603251755632623959765777858193185183393931163582861225328352766857935519313510059016027700654826244152307256021023202093253360059748189981187619548210404222793468 0 0 0 0 0 0 0 0 0 0 0 0 0 0 0 0 0 0 0 0 0 0 0 0 0 0 0 0 0 0 0 0 1 0 0 0 0 0 0 0 0 0 0 0 0 0 0 0 0 0 0 0 0 0 0 0 0 0 0 0 0 0 0 0 0 0 0 0 0]
[2571782524082889788873885648461275265361194476473124583624264941965763046922087554623874668279538807380069887564202565962142618115851272973941940611814381132301230129229616042723642700963411308079177688704018176 0 0 0 0 0 0 0 0 0 0 0 0 0 0 0 0 0 0 0 0 0 0 0 0 0 0 0 0 0 0 0 0 0 1 0 0 0 0 0 0 0 0 0 0 0 0 0 0 0 0 0 0 0 0 0 0 0 0 0 0 0 0 0 0 0 0 0 0 0]
[1452295341388694990913461676407511546185948555536229019255958266632598947615354820525531850322982235000976880530220711182846506993408105146642608884081038492215550030414900248811794708996306245128091894923683178 0 0 0 0 0 0 0 0 0 0 0 0 0 0 0 0 0 0 0 0 0 0 0 0 0 0 0 0 0 0 0 0 0 0 1 0 0 0 0 0 0 0 0 0 0 0 0 0 0 0 0 0 0 0 0 0 0 0 0 0 0 0 0 0 0 0 0 0 0]
[904400931556508356212959626914852493624777402836612236811383701825752720261400954513797055975188675697117889993545002674068090050735910472367812184941110621064839745608059106952638254635588346791201471748085064 0 0 0 0 0 0 0 0 0 0 0 0 0 0 0 0 0 0 0 0 0 0 0 0 0 0 0 0 0 0 0 0 0 0 0 1 0 0 0 0 0 0 0 0 0 0 0 0 0 0 0 0 0 0 0 0 0 0 0 0 0 0 0 0 0 0 0 0 0]
[367218386444695620185477291197765672788036824970770647530475470424071382970107538895473336036218978848119602519755957491295049430194307700687860426266211240664166407659762199646725547512845767543685761922861566 0 0 0 0 0 0 0 0 0 0 0 0 0 0 0 0 0 0 0 0 0 0 0 0 0 0 0 0 0 0 0 0 0 0 0 0 1 0 0 0 0 0 0 0 0 0 0 0 0 0 0 0 0 0 0 0 0 0 0 0 0 0 0 0 0 0 0 0 0]
[1354261820489283083917464668708729574136750015288996656062983478530261956815199136554567342334016527593739177345007947578777853919091577278224407171693556787847364123228194492030919875395809445935622338730790893 0 0 0 0 0 0 0 0 0 0 0 0 0 0 0 0 0 0 0 0 0 0 0 0 0 0 0 0 0 0 0 0 0 0 0 0 0 1 0 0 0 0 0 0 0 0 0 0 0 0 0 0 0 0 0 0 0 0 0 0 0 0 0 0 0 0 0 0 0]
[977433346878578397666757085571571439558471456511039949365094878450996591418531088663592799400198620808620373465287873461960663989670186757639933590002878443738827634045236044537946577744514297566665480706350227 0 0 0 0 0 0 0 0 0 0 0 0 0 0 0 0 0 0 0 0 0 0 0 0 0 0 0 0 0 0 0 0 0 0 0 0 0 0 1 0 0 0 0 0 0 0 0 0 0 0 0 0 0 0 0 0 0 0 0 0 0 0 0 0 0 0 0 0 0]
[374656855545270776792316840974457166976561849121032977278483532391978447607687575449557706281677799715725164336858719971972242065928757452614141101618653117481786142541196428582429945814494405305320155684811229 0 0 0 0 0 0 0 0 0 0 0 0 0 0 0 0 0 0 0 0 0 0 0 0 0 0 0 0 0 0 0 0 0 0 0 0 0 0 0 1 0 0 0 0 0 0 0 0 0 0 0 0 0 0 0 0 0 0 0 0 0 0 0 0 0 0 0 0 0]
[114101045106544255008100646303677808409687436250423375514064140653062258008678899402222659004238930241592638995048408797195960707376674583530837069421836701769503119688031212232176986090106539767975838396912304 0 0 0 0 0 0 0 0 0 0 0 0 0 0 0 0 0 0 0 0 0 0 0 0 0 0 0 0 0 0 0 0 0 0 0 0 0 0 0 0 1 0 0 0 0 0 0 0 0 0 0 0 0 0 0 0 0 0 0 0 0 0 0 0 0 0 0 0 0]
[369414106067857673684962221343651110569151429605347422491749036891584978285643481919275490445857960927253006712717837170877565099503762836483371902786254961976557978460136820233956136237829229533678483125643185 0 0 0 0 0 0 0 0 0 0 0 0 0 0 0 0 0 0 0 0 0 0 0 0 0 0 0 0 0 0 0 0 0 0 0 0 0 0 0 0 0 1 0 0 0 0 0 0 0 0 0 0 0 0 0 0 0 0 0 0 0 0 0 0 0 0 0 0 0]
[1697546437130987889135906632455528776653474586854396054268354944974726608177287123862094417539015914552118553534993773207679098130155403159544814866773377400326294000147350292440124583028291055736946495605874718 0 0 0 0 0 0 0 0 0 0 0 0 0 0 0 0 0 0 0 0 0 0 0 0 0 0 0 0 0 0 0 0 0 0 0 0 0 0 0 0 0 0 1 0 0 0 0 0 0 0 0 0 0 0 0 0 0 0 0 0 0 0 0 0 0 0 0 0 0]
[52384746354605340896157463026675393349828714037370043581375467778527887714691523451587041877784310344895786580493869185279092640600957840565931366610192728952607124698942115045662803282315153300851924853087773 0 0 0 0 0 0 0 0 0 0 0 0 0 0 0 0 0 0 0 0 0 0 0 0 0 0 0 0 0 0 0 0 0 0 0 0 0 0 0 0 0 0 0 1 0 0 0 0 0 0 0 0 0 0 0 0 0 0 0 0 0 0 0 0 0 0 0 0 0]
[2791249865034488078329652491582377514466639729678619363697189738929837499194327457185312617916613355833850693361792563582149462245914009583214371713518003322769946136600429438437379926749104434929638062409819004 0 0 0 0 0 0 0 0 0 0 0 0 0 0 0 0 0 0 0 0 0 0 0 0 0 0 0 0 0 0 0 0 0 0 0 0 0 0 0 0 0 0 0 0 1 0 0 0 0 0 0 0 0 0 0 0 0 0 0 0 0 0 0 0 0 0 0 0 0]
[2541263919779473054072712622217016943444587567365739965027601161942859129214697531172957958956320320833854628863105824146958578137598344821458696606782173753392582015510933985952434939172316997573482547078966696 0 0 0 0 0 0 0 0 0 0 0 0 0 0 0 0 0 0 0 0 0 0 0 0 0 0 0 0 0 0 0 0 0 0 0 0 0 0 0 0 0 0 0 0 0 1 0 0 0 0 0 0 0 0 0 0 0 0 0 0 0 0 0 0 0 0 0 0 0]
[2090257984381261755622270461957212170476698032867276594550666292209297656670856201075361402798191903165849063018994322480386441757603541842580335101459068672835233280613996385693706254262174212241855826334460809 0 0 0 0 0 0 0 0 0 0 0 0 0 0 0 0 0 0 0 0 0 0 0 0 0 0 0 0 0 0 0 0 0 0 0 0 0 0 0 0 0 0 0 0 0 0 1 0 0 0 0 0 0 0 0 0 0 0 0 0 0 0 0 0 0 0 0 0 0]
[202499302314750619726199765884234970016538562072091853995528733735935500510314067642702314997164926385612403212255166044273033518035599644937842738026472998344819406706625240185774892650788418989484805440397210 0 0 0 0 0 0 0 0 0 0 0 0 0 0 0 0 0 0 0 0 0 0 0 0 0 0 0 0 0 0 0 0 0 0 0 0 0 0 0 0 0 0 0 0 0 0 0 1 0 0 0 0 0 0 0 0 0 0 0 0 0 0 0 0 0 0 0 0 0]
[2869341967596047098078681842714731982221016372123310090701551123423380831898655796633285491238067018391847497421436581929549954896059191386355463456877801109830757856383803920560170654281287766304660904145165183 0 0 0 0 0 0 0 0 0 0 0 0 0 0 0 0 0 0 0 0 0 0 0 0 0 0 0 0 0 0 0 0 0 0 0 0 0 0 0 0 0 0 0 0 0 0 0 0 1 0 0 0 0 0 0 0 0 0 0 0 0 0 0 0 0 0 0 0 0]
[1158707330678874787894751745917006470866270886047187287798801922301821446641856305970403660180847719077030863579514709885365083035340315991686491596460548319518766733103449601306927121821269744030051646620179651 0 0 0 0 0 0 0 0 0 0 0 0 0 0 0 0 0 0 0 0 0 0 0 0 0 0 0 0 0 0 0 0 0 0 0 0 0 0 0 0 0 0 0 0 0 0 0 0 0 1 0 0 0 0 0 0 0 0 0 0 0 0 0 0 0 0 0 0 0]
[2721860385805148301722039893242590370482775594851370201666654353413383983777380288823597706757017572678098853524335210213937813524009915890031870415958382689527074379607161737614318800671081967834155827041280370 0 0 0 0 0 0 0 0 0 0 0 0 0 0 0 0 0 0 0 0 0 0 0 0 0 0 0 0 0 0 0 0 0 0 0 0 0 0 0 0 0 0 0 0 0 0 0 0 0 0 1 0 0 0 0 0 0 0 0 0 0 0 0 0 0 0 0 0 0]
[2260675776209330917618832706283699988977846349866387667420159260324493003172225639082704542037899433801750775095744105762566803766292930701877841961280722443683806953133042684127725315111375264780325533217264726 0 0 0 0 0 0 0 0 0 0 0 0 0 0 0 0 0 0 0 0 0 0 0 0 0 0 0 0 0 0 0 0 0 0 0 0 0 0 0 0 0 0 0 0 0 0 0 0 0 0 0 1 0 0 0 0 0 0 0 0 0 0 0 0 0 0 0 0 0]
[571199940614797880296535714035987965231782123077680852754828810312656779713018779130411273638180107565339292107764326186181429220891035844955040681503180416500555422674425840237915924574323647227929360278973163 0 0 0 0 0 0 0 0 0 0 0 0 0 0 0 0 0 0 0 0 0 0 0 0 0 0 0 0 0 0 0 0 0 0 0 0 0 0 0 0 0 0 0 0 0 0 0 0 0 0 0 0 1 0 0 0 0 0 0 0 0 0 0 0 0 0 0 0 0]
[2496436661827039913818342136120461514258995715161612078217200423452057730769140171604878099556215895970970271912590377949272516709402121396640991197487245036017397872108122804659304027975329311897499542357370720 0 0 0 0 0 0 0 0 0 0 0 0 0 0 0 0 0 0 0 0 0 0 0 0 0 0 0 0 0 0 0 0 0 0 0 0 0 0 0 0 0 0 0 0 0 0 0 0 0 0 0 0 0 1 0 0 0 0 0 0 0 0 0 0 0 0 0 0 0]
[324113453525250805732613672327374737151950707642557662771998383329750579550999288457692186092083814822375557643864036031238443986664796187725872527360105175517902264802210167407581598097754032422756065160533336 0 0 0 0 0 0 0 0 0 0 0 0 0 0 0 0 0 0 0 0 0 0 0 0 0 0 0 0 0 0 0 0 0 0 0 0 0 0 0 0 0 0 0 0 0 0 0 0 0 0 0 0 0 0 1 0 0 0 0 0 0 0 0 0 0 0 0 0 0]
[493532467552337912053735946346590852161681666240467957747814293188684910190708181549891319098525444961306861166398879257998373478470130736054779516093180968442047997406037351761364544746572087245179467819254064 0 0 0 0 0 0 0 0 0 0 0 0 0 0 0 0 0 0 0 0 0 0 0 0 0 0 0 0 0 0 0 0 0 0 0 0 0 0 0 0 0 0 0 0 0 0 0 0 0 0 0 0 0 0 0 1 0 0 0 0 0 0 0 0 0 0 0 0 0]
[2161015487748359698060204562861091781215007511569940165904420912712049395313975440244393809293440830681985346101195172613886343068886034616754554694507857454494817563080191297882212440339209273595155554821386176 0 0 0 0 0 0 0 0 0 0 0 0 0 0 0 0 0 0 0 0 0 0 0 0 0 0 0 0 0 0 0 0 0 0 0 0 0 0 0 0 0 0 0 0 0 0 0 0 0 0 0 0 0 0 0 0 1 0 0 0 0 0 0 0 0 0 0 0 0]
[1804525146442662339276525820706167813148538626886949380179118026304918736513126179286099916037816656711502353440369845532849472382398573959079312210563147070114685906630374520782617368534882368459031677631892306 0 0 0 0 0 0 0 0 0 0 0 0 0 0 0 0 0 0 0 0 0 0 0 0 0 0 0 0 0 0 0 0 0 0 0 0 0 0 0 0 0 0 0 0 0 0 0 0 0 0 0 0 0 0 0 0 0 1 0 0 0 0 0 0 0 0 0 0 0]
[1629819359791212428602538228186716767750041370196318280115800320479213795575533205975471941066453726750027783938428860273244298073901322484435195036140273905540981858702749227396884520943565747258951631406353057 0 0 0 0 0 0 0 0 0 0 0 0 0 0 0 0 0 0 0 0 0 0 0 0 0 0 0 0 0 0 0 0 0 0 0 0 0 0 0 0 0 0 0 0 0 0 0 0 0 0 0 0 0 0 0 0 0 0 1 0 0 0 0 0 0 0 0 0 0]
[1532535351960349549613854647093619327204472002747978993326125833426275509334587823486722233623987212668304493236990409092594323816891711974507800686603651474408692998844861299082222589257842704068533217832679523 0 0 0 0 0 0 0 0 0 0 0 0 0 0 0 0 0 0 0 0 0 0 0 0 0 0 0 0 0 0 0 0 0 0 0 0 0 0 0 0 0 0 0 0 0 0 0 0 0 0 0 0 0 0 0 0 0 0 0 1 0 0 0 0 0 0 0 0 0]
[846928118171655678863421870371266869510222851985316504571563010563502990085767011284772558494480490314568516226654409249389844224698795007632616671119197123310509269430507935678169678254437240925438362007905244 0 0 0 0 0 0 0 0 0 0 0 0 0 0 0 0 0 0 0 0 0 0 0 0 0 0 0 0 0 0 0 0 0 0 0 0 0 0 0 0 0 0 0 0 0 0 0 0 0 0 0 0 0 0 0 0 0 0 0 0 1 0 0 0 0 0 0 0 0]
[2872333282181169747831999357848046525886536291025053470645153542811852623509074731193703803634241153611989880977782028691488217726744038408140932096191508151850028552698515681561796144126623016986316754157966370 0 0 0 0 0 0 0 0 0 0 0 0 0 0 0 0 0 0 0 0 0 0 0 0 0 0 0 0 0 0 0 0 0 0 0 0 0 0 0 0 0 0 0 0 0 0 0 0 0 0 0 0 0 0 0 0 0 0 0 0 0 1 0 0 0 0 0 0 0]
[2911258818738579781311322136516175932866568268723462646268660805700738527452229995511065995641692653926499907910754557259674335449859488540050321257747645743733387989989322563397102037597152085124833766353657224 0 0 0 0 0 0 0 0 0 0 0 0 0 0 0 0 0 0 0 0 0 0 0 0 0 0 0 0 0 0 0 0 0 0 0 0 0 0 0 0 0 0 0 0 0 0 0 0 0 0 0 0 0 0 0 0 0 0 0 0 0 0 1 0 0 0 0 0 0]
[717979295948509964676065358076254041911168867490008772650126983746900014999184738470027496614128938784353852763356068684575708353811689659983618435521914580554530417233635188895458969883041980771247920221272594 0 0 0 0 0 0 0 0 0 0 0 0 0 0 0 0 0 0 0 0 0 0 0 0 0 0 0 0 0 0 0 0 0 0 0 0 0 0 0 0 0 0 0 0 0 0 0 0 0 0 0 0 0 0 0 0 0 0 0 0 0 0 0 1 0 0 0 0 0]
[1015147589999444578475260388625431156033282041299430228065585161418731205824653421467950787499802764089635460442062173390520548400052265031429161569036771156064626171304150490368086196199234500252793361741031956 0 0 0 0 0 0 0 0 0 0 0 0 0 0 0 0 0 0 0 0 0 0 0 0 0 0 0 0 0 0 0 0 0 0 0 0 0 0 0 0 0 0 0 0 0 0 0 0 0 0 0 0 0 0 0 0 0 0 0 0 0 0 0 0 1 0 0 0 0]
[1786531035451679642649855790938850475242293272107526721992882188922721692519417692248367247955590403453887360717844731882234312299838666774813039194615495564475339485045658713699421771422319132811088337527002720 0 0 0 0 0 0 0 0 0 0 0 0 0 0 0 0 0 0 0 0 0 0 0 0 0 0 0 0 0 0 0 0 0 0 0 0 0 0 0 0 0 0 0 0 0 0 0 0 0 0 0 0 0 0 0 0 0 0 0 0 0 0 0 0 0 1 0 0 0]
[1319186699696157127176538518174043519320809954893415121928578665229768748815342359396567793700688006061157532538490395902740452292707718040838211499446228605671619294653812529087967376347478763405601171930423490 0 0 0 0 0 0 0 0 0 0 0 0 0 0 0 0 0 0 0 0 0 0 0 0 0 0 0 0 0 0 0 0 0 0 0 0 0 0 0 0 0 0 0 0 0 0 0 0 0 0 0 0 0 0 0 0 0 0 0 0 0 0 0 0 0 0 1 0 0]
[2152791437458286293165018410227769478212643419130376473659700600483211492473715266578498050780311962864603873617811657105901719328139787920716251778747851315012855111415249327172945416806714494393778594332383959 0 0 0 0 0 0 0 0 0 0 0 0 0 0 0 0 0 0 0 0 0 0 0 0 0 0 0 0 0 0 0 0 0 0 0 0 0 0 0 0 0 0 0 0 0 0 0 0 0 0 0 0 0 0 0 0 0 0 0 0 0 0 0 0 0 0 0 1 0]
[853164162431795018528112413066062689181304891102253316310954593777530974491459492932986046421122786022682872327333885073071765443933804547034978695812816705782460346538065993433465160254345433842618373589137710 0 0 0 0 0 0 0 0 0 0 0 0 0 0 0 0 0 0 0 0 0 0 0 0 0 0 0 0 0 0 0 0 0 0 0 0 0 0 0 0 0 0 0 0 0 0 0 0 0 0 0 0 0 0 0 0 0 0 0 0 0 0 0 0 0 0 0 0 1]
]
70 71 4
[1 1 1 1 1 1 1 1 1 1 1 1 1 1 1 1 1 1 1 1 1 1 1 1 1 1 1 1 1 1 1 1 1 1 1 1 1 1 1 1 1 1 1 1 1 1 1 1 1 1 1 1 1 1 1 1 1 1 1 1 1 1 1 1 1 1 1 1 1 1 1]
