[[3886037183884641847108218567849584375283153789113003356554571139700060354948742154823360374623771912294667081277318149629753474174824606962390907379930763808512994699654065367230732590616315248772842564945393361 0 0 0 0 0 0 0 0 0 0 0 0 0 0 0 0 0 0 0 0 0 0 0 0 0 0 0 0 0 0 0 0 0 0 0 0 0 0 0 0 0 0 0 0 0 0 0 0 0 0 0 0 0 0 0 0 0 0 0 0 0 0 0 0 0 0 0 0 0]
[3307592182488798014088961036442916489241979652756649530983171270140002002065322026506597942450023685576108558529683856095718076324924282706968072413270274725209403326486297364552019840515435902502699677220059010 1 0 0 0 0 0 0 0 0 0 0 0 0 0 0 0 0 0 0 0 0 0 0 0 0 0 0 0 0 0 0 0 0 0 0 0 0 0 0 0 0 0 0 0 0 0 0 0 0 0 0 0 0 0 0 0 0 0 0 0 0 0 0 0 0 0 0 0 0]
[451615330178163809016495159854392422684599549481892671592273849632092427722716166179267420129940171817992984535456002961179566093508817619278689398875941216694731440248201181045067380164925719016701766835650390 0 1 0 0 0 0 0 0 0 0 0 0 0 0 0 0 0 0 0 0 0 0 0 0 0 0 0 0 0 0 0 0 0 0 0 0 0 0 0 0 0 0 0 0 0 0 0 0 0 0 0 0 0 0 0 0 0 0 0 0 0 0 0 0 0 0 0 0 0]
[158146230461062523345202191976747100964904352699486431154769893074256903586845414106552571775958813278310344048508392773627077962750257763337724766435987159514440518912763547516679728306352117806520857896339366 0 0 1 0 0 0 0 0 0 0 0 0 0 0 0 0 0 0 0 0 0 0 0 0 0 0 0 0 0 0 0 0 0 0 0 0 0 0 0 0 0 0 0 0 0 0 0 0 0 0 0 0 0 0 0 0 0 0 0 0 0 0 0 0 0 0 0 0 0]
[628068443329846668725070562344818761292799004235179164848036571625837633859470359218426994586029548352045244940126132039374550703066359754478489559452461544806166547819585297277244421096946865729646392305529457 0 0 0 1 0 0 0 0 0 0 0 0 0 0 0 0 0 0 0 0 0 0 0 0 0 0 0 0 0 0 0 0 0 0 0 0 0 0 0 0 0 0 0 0 0 0 0 0 0 0 0 0 0 0 0 0 0 0 0 0 0 0 0 0 0 0 0 0 0]
[1461772434060525488066668573660319670329703252445966670712571065284243104534628792192758287797653668944083761198951426518506826140610233031683823238418456369294748963356701555127461913373667340342956519608981981 0 0 0 0 1 0 0 0 0 0 0 0 0 0 0 0 0 0 0 0 0 0 0 0 0 0 0 0 0 0 0 0 0 0 0 0 0 0 0 0 0 0 0 0 0 0 0 0 0 0 0 0 0 0 0 0 0 0 0 0 0 0 0 0 0 0 0 0 0]
[2072508347871640585205949765042839843082813453391026076960972792479154244330413774131983994322582068211857850060703550415297533517877371544359431928860670921729691943801087187100040928574912304203313298225615796 0 0 0 0 0 1 0 0 0 0 0 0 0 0 0 0 0 0 0 0 0 0 0 0 0 0 0 0 0 0 0 0 0 0 0 0 0 0 0 0 0 0 0 0 0 0 0 0 0 0 0 0 0 0 0 0 0 0 0 0 0 0 0 0 0 0 0 0 0]
[2693292576206365242681071698902833412943846274138002784394883502714489272252348173565591728097599361396095315776604098525536036908829521647052789736383571106167680589734446897146835241737840999238568866806908210 0 0 0 0 0 0 1 0 0 0 0 0 0 0 0 0 0 0 0 0 0 0 0 0 0 0 0 0 0 0 0 0 0 0 0 0 0 0 0 0 0 0 0 0 0 0 0 0 0 0 0 0 0 0 0 0 0 0 0 0 0 0 0 0 0 0 0 0 0]
[2432174373371112625343270764523322786343567310768461596178531744179406266414396441324322378041205427794292844733239457677911527955163320225913102288170595965650986306645759295970570989906975843894548606665592833 0 0 0 0 0 0 0 1 0 0 0 0 0 0 0 0 0 0 0 0 0 0 0 0 0 0 0 0 0 0 0 0 0 0 0 0 0 0 0 0 0 0 0 0 0 0 0 0 0 0 0 0 0 0 0 0 0 0 0 0 0 0 0 0 0 0 0 0 0]
[2455428385717461377951382348847755342417844589282972514622348412432962686200071877879387278183932447248053084936417768774744556483939577474698758221568508710020072339918093220435120100184188530829467029609702955 0 0 0 0 0 0 0 0 1 0 0 0 0 0 0 0 0 0 0 0 0 0 0 0 0 0 0 0 0 0 0 0 0 0 0 0 0 0 0 0 0 0 0 0 0 0 0 0 0 0 0 0 0 0 0 0 0 0 0 0 0 0 0 0 0 0 0 0 0]
[825810296754458109543827038154167237922236722543945569161590631034476873200837009899150805519992284085083098263116383831145537634416993688106260933965877966670005710879696562262677431449800217301466347166027921 0 0 0 0 0 0 0 0 0 1 0 0 0 0 0 0 0 0 0 0 0 0 0 0 0 0 0 0 0 0 0 0 0 0 0 0 0 0 0 0 0 0 0 0 0 0 0 0 0 0 0 0 0 0 0 0 0 0 0 0 0 0 0 0 0 0 0 0 0]
[544430225514465573947068412972446976179453632222049310973057785178755872414126453604176725409648774565461172509276971741260706056159385256273712332993383194373983973942673910724793430350126370864003035757914781 0 0 0 0 0 0 0 0 0 0 1 0 0 0 0 0 0 0 0 0 0 0 0 0 0 0 0 0 0 0 0 0 0 0 0 0 0 0 0 0 0 0 0 0 0 0 0 0 0 0 0 0 0 0 0 0 0 0 0 0 0 0 0 0 0 0 0 0 0]
[3704345230513665024445781264521566694064012789815213500102812577991366033483307906858627417422898149946077794718787526414384047705059270127680735656485418327651107074551434413493869826008484533842412698348095862 0 0 0 0 0 0 0 0 0 0 0 1 0 0 0 0 0 0 0 0 0 0 0 0 0 0 0 0 0 0 0 0 0 0 0 0 0 0 0 0 0 0 0 0 0 0 0 0 0 0 0 0 0 0 0 0 0 0 0 0 0 0 0 0 0 0 0 0 0]
[1002131297760005602707831746994828302416929750675567127331273142269254872068291192088705633956953310824703671422426997720168456570875411198189296598074004296028724778298307058599110881395285711608779329104285545 0 0 0 0 0 0 0 0 0 0 0 0 1 0 0 0 0 0 0 0 0 0 0 0 0 0 0 0 0 0 0 0 0 0 0 0 0 0 0 0 0 0 0 0 0 0 0 0 0 0 0 0 0 0 0 0 0 0 0 0 0 0 0 0 0 0 0 0 0]
[773332076626064562887021731442871796601298877700358040370800080822944900433761675042945901803118079580202097261059892544305863257734971735749879556514325170618005892225369015607402564825490468474768131465980565 0 0 0 0 0 0 0 0 0 0 0 0 0 1 0 0 0 0 0 0 0 0 0 0 0 0 0 0 0 0 0 0 0 0 0 0 0 0 0 0 0 0 0 0 0 0 0 0 0 0 0 0 0 0 0 0 0 0 0 0 0 0 0 0 0 0 0 0 0]
[2972862328384133833669497394920428174106205947334513586014385419975821009416593977661547020748338967611617379259374440500550002773235821984505268325378511175004468595083318605638793646602884857331944628274964518 0 0 0 0 0 0 0 0 0 0 0 0 0 0 1 0 0 0 0 0 0 0 0 0 0 0 0 0 0 0 0 0 0 0 0 0 0 0 0 0 0 0 0 0 0 0 0 0 0 0 0 0 0 0 0 0 0 0 0 0 0 0 0 0 0 0 0 0 0]
[2390363627465719300733645469574730785893846043121177340274992054042074750724553138501721679501646977291163466701460779210370453520390488453159850377856815416789090864865650019228151909880049025633410321802954050 0 0 0 0 0 0 0 0 0 0 0 0 0 0 0 1 0 0 0 0 0 0 0 0 0 0 0 0 0 0 0 0 0 0 0 0 0 0 0 0 0 0 0 0 0 0 0 0 0 0 0 0 0 0 0 0 0 0 0 0 0 0 0 0 0 0 0 0 0]
[1400971213036155288559662255475584798398798921260380367861858183353474413784776309657568876161343361971707521509192510321560695341146346636805031972398068624826225440345902468989760095611619683742453238862117191 0 0 0 0 0 0 0 0 0 0 0 0 0 0 0 0 1 0 0 0 0 0 0 0 0 0 0 0 0 0 0 0 0 0 0 0 0 0 0 0 0 0 0 0 0 0 0 0 0 0 0 0 0 0 0 0 0 0 0 0 0 0 0 0 0 0 0 0 0]
[1745496908642403748774808270995677299146243318752685026969045854529045971162270662223435785120839022372018269017722635656992494828569790679606655457601512021874809859910700191496622422606275477764387042828986860 0 0 0 0 0 0 0 0 0 0 0 0 0 0 0 0 0 1 0 0 0 0 0 0 0 0 0 0 0 0 0 0 0 0 0 0 0 0 0 0 0 0 0 0 0 0 0 0 0 0 0 0 0 0 0 0 0 0 0 0 0 0 0 0 0 0 0 0 0]
[1258127748077644034007990937703740021716454186871825801794998196140184197222294584286467384682163289809863667310979025824034559772046207191144216060750320022682758841351892370884900568673288054816292028006574685 0 0 0 0 0 0 0 0 0 0 0 0 0 0 0 0 0 0 1 0 0 0 0 0 0 0 0 0 0 0 0 0 0 0 0 0 0 0 0 0 0 0 0 0 0 0 0 0 0 0 0 0 0 0 0 0 0 0 0 0 0 0 0 0 0 0 0 0 0]
[847963644097290036481859282993041469898524621187022985149035830068203625223476800497882221651361779185231807540459154816332766645494890474960279994074006652350978306661378143560778653539272351787890766504904633 0 0 0 0 0 0 0 0 0 0 0 0 0 0 0 0 0 0 0 1 0 0 0 0 0 0 0 0 0 0 0 0 0 0 0 0 0 0 0 0 0 0 0 0 0 0 0 0 0 0 0 0 0 0 0 0 0 0 0 0 0 0 0 0 0 0 0 0 0]
[3254298072684445407507831177464277659619541352594357748133835842855653253434810722032344997687447254516108867525424405418399380246278368910148895904081245756818124415960231243709337523307565914697463155645259404 0 0 0 0 0 0 0 0 0 0 0 0 0 0 0 0 0 0 0 0 1 0 0 0 0 0 0 0 0 0 0 0 0 0 0 0 0 0 0 0 0 0 0 0 0 0 0 0 0 0 0 0 0 0 0 0 0 0 0 0 0 0 0 0 0 0 0 0 0]
[1796572797256497393593201938076423144243183731367517917955121620363455325273906223479773171557553277812807455309255803381142163929014287018550672065672398044054333926163078799807407826659389042709455566377375003 0 0 0 0 0 0 0 0 0 0 0 0 0 0 0 0 0 0 0 0 0 1 0 0 0 0 0 0 0 0 0 0 0 0 0 0 0 0 0 0 0 0 0 0 0 0 0 0 0 0 0 0 0 0 0 0 0 0 0 0 0 0 0 0 0 0 0 0 0]
[2854887599017903628748920429367262079144137880457632362085095423495474399319161626498227048047712188920848392867926793940320314393802469450475242825657342427492510119562906767190614480782001793879346031528470369 0 0 0 0 0 0 0 0 0 0 0 0 0 0 0 0 0 0 0 0 0 0 1 0 0 0 0 0 0 0 0 0 0 0 0 0 0 0 0 0 0 0 0 0 0 0 0 0 0 0 0 0 0 0 0 0 0 0 0 0 0 0 0 0 0 0 0 0 0]
[709667713079008192740375703473831102600939382662000078579583917177548555127746270550669704371790117698705471301019806314550176111530989213794217138698622669827426226851977544556063674313480020509644044646734086 0 0 0 0 0 0 0 0 0 0 0 0 0 0 0 0 0 0 0 0 0 0 0 1 0 0 0 0 0 0 0 0 0 0 0 0 0 0 0 0 0 0 0 0 0 0 0 0 0 0 0 0 0 0 0 0 0 0 0 0 0 0 0 0 0 0 0 0 0]
[2557027641683778902636434062553946941481425082632611468709445159293252131929315767259424363808421930823256109592357541678170213770230432061291305571140609516745164753675155451876227158061901558793765400867825251 0 0 0 0 0 0 0 0 0 0 0 0 0 0 0 0 0 0 0 0 0 0 0 0 1 0 0 0 0 0 0 0 0 0 0 0 0 0 0 0 0 0 0 0 0 0 0 0 0 0 0 0 0 0 0 0 0 0 0 0 0 0 0 0 0 0 0 0 0]
[3152538899259161822171853037932087954625521834578233820865716239196505683185235477249793396651326228400801758500514418790190411631878455068064164504359724563676203049315269256564794041273315479621961148026291341 0 0 0 0 0 0 0 0 0 0 0 0 0 0 0 0 0 0 0 0 0 0 0 0 0 1 0 0 0 0 0 0 0 0 0 0 0 0 0 0 0 0 0 0 0 0 0 0 0 0 0 0 0 0 0 0 0 0 0 0 0 0 0 0 0 0 0 0 0]
[1962135010739432937919524433407734522588111040080266198434120292727444208864917557875268260026275420081219404926324532283445207128302810228956532597863504690744191387073756936870125262638914213584042603661987965 0 0 0 0 0 0 0 0 0 0 0 0 0 0 0 0 0 0 0 0 0 0 0 0 0 0 1 0 0 0 0 0 0 0 0 0 0 0 0 0 0 0 0 0 0 0 0 0 0 0 0 0 0 0 0 0 0 0 0 0 0 0 0 0 0 0 0 0 0]
[570291320610344889141710757550210197670976859960151665527031423146271393805047983990275353818053954648803667120837006065195904095874292762601187611123108789302552763217797938181498071619838322476843467091428131 0 0 0 0 0 0 0 0 0 0 0 0 0 0 0 0 0 0 0 0 0 0 0 0 0 0 0 1 0 0 0 0 0 0 0 0 0 0 0 0 0 0 0 0 0 0 0 0 0 0 0 0 0 0 0 0 0 0 0 0 0 0 0 0 0 0 0 0 0]
[1299867851686412102676201042238427462756536871122863193253836989987775394481635269904325429661715022277095403199131495494371762829996220861720487170735215258635868199010990749965060374484414608376008657319973028 0 0 0 0 0 0 0 0 0 0 0 0 0 0 0 0 0 0 0 0 0 0 0 0 0 0 0 0 1 0 0 0 0 0 0 0 0 0 0 0 0 0 0 0 0 0 0 0 0 0 0 0 0 0 0 0 0 0 0 0 0 0 0 0 0 0 0 0 0]
[3842071305418470909231300150821337463715101458540593574125858647812770830570855400946757112823890335883575400161346551510987674212465347519468315477648781817324455358233890607741554876644385223949324862457257600 0 0 0 0 0 0 0 0 0 0 0 0 0 0 0 0 0 0 0 0 0 0 0 0 0 0 0 0 0 1 0 0 0 0 0 0 0 0 0 0 0 0 0 0 0 0 0 0 0 0 0 0 0 0 0 0 0 0 0 0 0 0 0 0 0 0 0 0 0]
[1616875526311479984015502215993467254641703946886979187036482034277880041654542607011295810004902001134044626613205999195523393339149883300080524872883969369429785136695404542084210149606682454954704488917728243 0 0 0 0 0 0 0 0 0 0 0 0 0 0 0 0 0 0 0 0 0 0 0 0 0 0 0 0 0 0 1 0 0 0 0 0 0 0 0 0 0 0 0 0 0 0 0 0 0 0 0 0 0 0 0 0 0 0 0 0 0 0 0 0 0 0 0 0 0]
[3458705221179509156927876082721317185437538685380893660668935598046455404774795728305150523998687944636846061066407684590800824567618399118312144074475564503005226801738374229994156717059543582585560545777568304 0 0 0 0 0 0 0 0 0 0 0 0 0 0 0 0 0 0 0 0 0 0 0 0 0 0 0 0 0 0 0 1 0 0 0 0 0 0 0 0 0 0 0 0 0 0 0 0 0 0 0 0 0 0 0 0 0 0 0 0 0 0 0 0 0 0 0 0 0]
[501259891101707165533762888087666784549691905106463311376655661906707795326148682868901362305079879745374581397568526926365082556140562063790392590151782682148048495609756167430083489968486177322499917942829565 0 0 0 0 0 0 0 0 0 0 0 0 0 0 0 0 0 0 0 0 0 0 0 0 0 0 0 0 0 0 0 0 1 0 0 0 0 0 0 0 0 0 0 0 0 0 0 0 0 0 0 0 0 0 0 0 0 0 0 0 0 0 0 0 0 0 0 0 0]
[2419525174587555375414274508210683994005088978359149522309472066819734215555673961207774937207564474868806768710371859030629483029505698633332448631214355461583859763288762139688339991867499348296576472685479544 0 0 0 0 0 0 0 0 0 0 0 0 0 0 0 0 0 0 0 0 0 0 0 0 0 0 0 0 0 0 0 0 0 1 0 0 0 0 0 0 0 0 0 0 0 0 0 0 0 0 0 0 0 0 0 0 0 0 0 0 0 0 0 0 0 0 0 0 0]
[1371086995679115483203621467353987977652664253881073833453490958374709651361988751841890094878965531102366972159024349034667026540490442565698972627389209951634827988026340806843348265036508927333035244468510459 0 0 0 0 0 0 0 0 0 0 0 0 0 0 0 0 0 0 0 0 0 0 0 0 0 0 0 0 0 0 0 0 0 0 1 0 0 0 0 0 0 0 0 0 0 0 0 0 0 0 0 0 0 0 0 0 0 0 0 0 0 0 0 0 0 0 0 0 0]
[1262636999469275166659179560268254584185780458938089249373128616061982008591427414984774915718799535962601493585204207290412295428293737823186066914503564629495400242971995925490073629559746552250939597951527570 0 0 0 0 0 0 0 0 0 0 0 0 0 0 0 0 0 0 0 0 0 0 0 0 0 0 0 0 0 0 0 0 0 0 0 1 0 0 0 0 0 0 0 0 0 0 0 0 0 0 0 0 0 0 0 0 0 0 0 0 0 0 0 0 0 0 0 0 0]
[2812187006235993939326997769659550470839549401746684248682323304843013882493482949879061017764679153599854446413763681773079822434638312914191934756346259418105755309693266003673640840401932436548143116234244461 0 0 0 0 0 0 0 0 0 0 0 0 0 0 0 0 0 0 0 0 0 0 0 0 0 0 0 0 0 0 0 0 0 0 0 0 1 0 0 0 0 0 0 0 0 0 0 0 0 0 0 0 0 0 0 0 0 0 0 0 0 0 0 0 0 0 0 0 0]
[1731560481645116768780121164168812613030118396291105045694967679170631658839520755564736096829737486559411376259695432130070561635861917359777178660919648529641048964608228530533242925842155189563634463126623600 0 0 0 0 0 0 0 0 0 0 0 0 0 0 0 0 0 0 0 0 0 0 0 0 0 0 0 0 0 0 0 0 0 0 0 0 0 1 0 0 0 0 0 0 0 0 0 0 0 0 0 0 0 0 0 0 0 0 0 0 0 0 0 0 0 0 0 0 0]
[868392659322347249871314510313415955030983583055590141270789345445785428646652624703993611246376134438354398670347846173349738444551808098605363871089710371491601021464892538066945474869735693348649583392971576 0 0 0 0 0 0 0 0 0 0 0 0 0 0 0 0 0 0 0 0 0 0 0 0 0 0 0 0 0 0 0 0 0 0 0 0 0 0 1 0 0 0 0 0 0 0 0 0 0 0 0 0 0 0 0 0 0 0 0 0 0 0 0 0 0 0 0 0 0]
[1615380654712989361294768313546392369316931255569294163780762712302051981244370887750323079458822876822112935772080160171714128325937143055359825069707636142839474859329886356332773291213837772332966044925439974 0 0 0 0 0 0 0 0 0 0 0 0 0 0 0 0 0 0 0 0 0 0 0 0 0 0 0 0 0 0 0 0 0 0 0 0 0 0 0 1 0 0 0 0 0 0 0 0 0 0 0 0 0 0 0 0 0 0 0 0 0 0 0 0 0 0 0 0 0]
[1597811759180191076043909850348790113901670941573114904156805920367898102553015584491397834121904114583842971051925235922064381711480217044727134414068151627324321562898281772778087499973250004157691963144644542 0 0 0 0 0 0 0 0 0 0 0 0 0 0 0 0 0 0 0 0 0 0 0 0 0 0 0 0 0 0 0 0 0 0 0 0 0 0 0 0 1 0 0 0 0 0 0 0 0 0 0 0 0 0 0 0 0 0 0 0 0 0 0 0 0 0 0 0 0]
[1841146107936309481746701996492372369015284717030803673457465316905718959588027109525630938694862364597674229441867370146700341063023315398392206466973171654352267909323221367299730774892837998071454730250416971 0 0 0 0 0 0 0 0 0 0 0 0 0 0 0 0 0 0 0 0 0 0 0 0 0 0 0 0 0 0 0 0 0 0 0 0 0 0 0 0 0 1 0 0 0 0 0 0 0 0 0 0 0 0 0 0 0 0 0 0 0 0 0 0 0 0 0 0 0]
[2048367377019195849092870521180337729576182954060440107579964040288986579589224961746891334788700796328282643437370325279763888422911474669662865940948450220500324162621173895315991345572127318212253431812734516 0 0 0 0 0 0 0 0 0 0 0 0 0 0 0 0 0 0 0 0 0 0 0 0 0 0 0 0 0 0 0 0 0 0 0 0 0 0 0 0 0 0 1 0 0 0 0 0 0 0 0 0 0 0 0 0 0 0 0 0 0 0 0 0 0 0 0 0 0]
[3780096805013698462206220035598580570324236677684194284963185598163384699471812364116224714293787114272070028232181424393866805288431395261713738572205044095345899236638945772468503118038027962579446066039652501 0 0 0 0 0 0 0 0 0 0 0 0 0 0 0 0 0 0 0 0 0 0 0 0 0 0 0 0 0 0 0 0 0 0 0 0 0 0 0 0 0 0 0 1 0 0 0 0 0 0 0 0 0 0 0 0 0 0 0 0 0 0 0 0 0 0 0 0 0]
[1264096766449431825610366729114703851629947316709479724980161355537854174040068398208296474501474666936675175241025483719025174162982907324126759597180393059615679873101335597443610564223265536202241133941276540 0 0 0 0 0 0 0 0 0 0 0 0 0 0 0 0 0 0 0 0 0 0 0 0 0 0 0 0 0 0 0 0 0 0 0 0 0 0 0 0 0 0 0 0 1 0 0 0 0 0 0 0 0 0 0 0 0 0 0 0 0 0 0 0 0 0 0 0 0]
[368772560344314440884852729125065062317426566862061911790497384352814365093788171497886451416024142356007883959881684653595514129545972722980465049966393639240676807922127780178361861125872764882935451635750662 0 0 0 0 0 0 0 0 0 0 0 0 0 0 0 0 0 0 0 0 0 0 0 0 0 0 0 0 0 0 0 0 0 0 0 0 0 0 0 0 0 0 0 0 0 1 0 0 0 0 0 0 0 0 0 0 0 0 0 0 0 0 0 0 0 0 0 0 0]
[2774206507160642361030558365548566798654918264161161705979617178792850549945878087931623379316668181694734752838150056220556510650825946016056264978545954510709181331882616301131741516213652102136667903649244240 0 0 0 0 0 0 0 0 0 0 0 0 0 0 0 0 0 0 0 0 0 0 0 0 0 0 0 0 0 0 0 0 0 0 0 0 0 0 0 0 0 0 0 0 0 0 1 0 0 0 0 0 0 0 0 0 0 0 0 0 0 0 0 0 0 0 0 0 0]
[820006731903344420479565348734236395461931740627683896261230988105988432042964907665506677147441862007424853222643375968904115822307778482305396955841096296421750666909834171629611954444628102045521885278127703 0 0 0 0 0 0 0 0 0 0 0 0 0 0 0 0 0 0 0 0 0 0 0 0 0 0 0 0 0 0 0 0 0 0 0 0 0 0 0 0 0 0 0 0 0 0 0 1 0 0 0 0 0 0 0 0 0 0 0 0 0 0 0 0 0 0 0 0 0]
[1852362106209332547196225304373669784508957812873341447468872872905606249685302350410817140591753803315597232421808348745170966776310856948192205231266354079954643645459756720907941327124259888025771399081224181 0 0 0 0 0 0 0 0 0 0 0 0 0 0 0 0 0 0 0 0 0 0 0 0 0 0 0 0 0 0 0 0 0 0 0 0 0 0 0 0 0 0 0 0 0 0 0 0 1 0 0 0 0 0 0 0 0 0 0 0 0 0 0 0 0 0 0 0 0]
[622436340312637785822024493041748839853777009881873193384447921134293964043049115897085996929773240832816410612731805060685471463687743276690416543930497602972441888878305637289385836333231306178845953239987244 0 0 0 0 0 0 0 0 0 0 0 0 0 0 0 0 0 0 0 0 0 0 0 0 0 0 0 0 0 0 0 0 0 0 0 0 0 0 0 0 0 0 0 0 0 0 0 0 0 1 0 0 0 0 0 0 0 0 0 0 0 0 0 0 0 0 0 0 0]
[328147741561482788481689712128421794374009807297326741018703332479188733885306383193315903165468245335875678290784223324619243529775008689302713823625362668499743802178987962604437751204651157700162438035820911 0 0 0 0 0 0 0 0 0 0 0 0 0 0 0 0 0 0 0 0 0 0 0 0 0 0 0 0 0 0 0 0 0 0 0 0 0 0 0 0 0 0 0 0 0 0 0 0 0 0 1 0 0 0 0 0 0 0 0 0 0 0 0 0 0 0 0 0 0]
[239257295833172364102378065807678619507322344972951622529639977399455556691829815944283625338147428303391724606050538605181340414063037190364525520287277517576642384292840354303691926263798259156182237926008634 0 0 0 0 0 0 0 0 0 0 0 0 0 0 0 0 0 0 0 0 0 0 0 0 0 0 0 0 0 0 0 0 0 0 0 0 0 0 0 0 0 0 0 0 0 0 0 0 0 0 0 1 0 0 0 0 0 0 0 0 0 0 0 0 0 0 0 0 0]
[3409917230728111772852937498858074142895125922646196968509043179819088453930447765744840139459900220159354213371600568463418419650515902306986012914535881431159308967914116276732292071378477025345106012441770181 0 0 0 0 0 0 0 0 0 0 0 0 0 0 0 0 0 0 0 0 0 0 0 0 0 0 0 0 0 0 0 0 0 0 0 0 0 0 0 0 0 0 0 0 0 0 0 0 0 0 0 0 1 0 0 0 0 0 0 0 0 0 0 0 0 0 0 0 0]
[3260063991179332392082630559132299295659146245837239136402801791779415984803327538517995035771259797775688617968852327434729623379948159795648825254819319194315444265519648863005080433037406960541963552080628714 0 0 0 0 0 0 0 0 0 0 0 0 0 0 0 0 0 0 0 0 0 0 0 0 0 0 0 0 0 0 0 0 0 0 0 0 0 0 0 0 0 0 0 0 0 0 0 0 0 0 0 0 0 1 0 0 0 0 0 0 0 0 0 0 0 0 0 0 0]
[870747935854718178487637040391847124986796036645694515983219422191761746440165598977015842871260070341362860457429217708445297495049536203157929880165574698556288119251607662671610490580710586344120156609293457 0 0 0 0 0 0 0 0 0 0 0 0 0 0 0 0 0 0 0 0 0 0 0 0 0 0 0 0 0 0 0 0 0 0 0 0 0 0 0 0 0 0 0 0 0 0 0 0 0 0 0 0 0 0 1 0 0 0 0 0 0 0 0 0 0 0 0 0 0]
[188334910698285436591869701618935467139377984727415048498993991593811442825780922144610465873139565482568218435545307884584922483480136477486900757205162190920495560742467538147892135413568393973637541950906250 0 0 0 0 0 0 0 0 0 0 0 0 0 0 0 0 0 0 0 0 0 0 0 0 0 0 0 0 0 0 0 0 0 0 0 0 0 0 0 0 0 0 0 0 0 0 0 0 0 0 0 0 0 0 0 1 0 0 0 0 0 0 0 0 0 0 0 0 0]
[1913011499778668116386931820186062958996893562182920273056519790674053807038885424197345865147371629479622892491306775429782988721464607600417039221359501295364202593532898947999370995013892039945494706381662660 0 0 0 0 0 0 0 0 0 0 0 0 0 0 0 0 0 0 0 0 0 0 0 0 0 0 0 0 0 0 0 0 0 0 0 0 0 0 0 0 0 0 0 0 0 0 0 0 0 0 0 0 0 0 0 0 1 0 0 0 0 0 0 0 0 0 0 0 0]
[447877213695133186879205800880222146728905427827193708587492566591783349489489301323232396661722794178663119019215289209312106455654584557959701124935388491921327774058701893993660023636867475966210379256140315 0 0 0 0 0 0 0 0 0 0 0 0 0 0 0 0 0 0 0 0 0 0 0 0 0 0 0 0 0 0 0 0 0 0 0 0 0 0 0 0 0 0 0 0 0 0 0 0 0 0 0 0 0 0 0 0 0 1 0 0 0 0 0 0 0 0 0 0 0]
[3523854616296422801283112037425656124754298463546350535830796088970262191205699193438317692198882412849818579558820928831197656182025881234730243764095028751224911648874481903322866670911929879827852678941614748 0 0 0 0 0 0 0 0 0 0 0 0 0 0 0 0 0 0 0 0 0 0 0 0 0 0 0 0 0 0 0 0 0 0 0 0 0 0 0 0 0 0 0 0 0 0 0 0 0 0 0 0 0 0 0 0 0 0 1 0 0 0 0 0 0 0 0 0 0]
[1271364005653179006422730791324189380643896192175484802934606491673212715738581156364554355385891521535863148742003986550681084496103601856722804899256974349001064797930708972914292437217332577088187637044752537 0 0 0 0 0 0 0 0 0 0 0 0 0 0 0 0 0 0 0 0 0 0 0 0 0 0 0 0 0 0 0 0 0 0 0 0 0 0 0 0 0 0 0 0 0 0 0 0 0 0 0 0 0 0 0 0 0 0 0 1 0 0 0 0 0 0 0 0 0]
[3264679028925282158429410669744312630739354311354146666548973119298350905040306593404560167676219553622105326576988748621613515273801169903821592358188892757227561099701360378864332503316535483608792623800756959 0 0 0 0 0 0 0 0 0 0 0 0 0 0 0 0 0 0 0 0 0 0 0 0 0 0 0 0 0 0 0 0 0 0 0 0 0 0 0 0 0 0 0 0 0 0 0 0 0 0 0 0 0 0 0 0 0 0 0 0 1 0 0 0 0 0 0 0 0]
[2561336871668797432404900474361356877460656938379355617530266333028469520257585602576840399008251837891326838908958645954610374996440667357530361726186753687279380330076050969226782630690444355704123821373009259 0 0 0 0 0 0 0 0 0 0 0 0 0 0 0 0 0 0 0 0 0 0 0 0 0 0 0 0 0 0 0 0 0 0 0 0 0 0 0 0 0 0 0 0 0 0 0 0 0 0 0 0 0 0 0 0 0 0 0 0 0 1 0 0 0 0 0 0 0]
[981119227269588797488571846410059037674676238778120220181021815120975308610131123323210303053744921930359662534819786667148966278732523608583942593186933707642433085735687710241294591968281797380544969900496788 0 0 0 0 0 0 0 0 0 0 0 0 0 0 0 0 0 0 0 0 0 0 0 0 0 0 0 0 0 0 0 0 0 0 0 0 0 0 0 0 0 0 0 0 0 0 0 0 0 0 0 0 0 0 0 0 0 0 0 0 0 0 1 0 0 0 0 0 0]
[802344380141554199595551234367362929977823697483790933288877437669862571411659115906973335345066110352172972312585134712058518292126543225027687666608170000869981591212528433266871690866210604280490872995394010 0 0 0 0 0 0 0 0 0 0 0 0 0 0 0 0 0 0 0 0 0 0 0 0 0 0 0 0 0 0 0 0 0 0 0 0 0 0 0 0 0 0 0 0 0 0 0 0 0 0 0 0 0 0 0 0 0 0 0 0 0 0 0 1 0 0 0 0 0]
[2428995703410596339433017144383439228724576074814990938428201987461681193913946876295083706396689746199413360158927938936740196055875559788118309542719927936199507643698834479871590821847955872831495208193467950 0 0 0 0 0 0 0 0 0 0 0 0 0 0 0 0 0 0 0 0 0 0 0 0 0 0 0 0 0 0 0 0 0 0 0 0 0 0 0 0 0 0 0 0 0 0 0 0 0 0 0 0 0 0 0 0 0 0 0 0 0 0 0 0 1 0 0 0 0]
[3635896480862389210456872988081621026587779334130491091564238049666865644259358309947204424288757925379738599023522600905656431613901498006494368420839513863130565561298382845540544510064190646399865625982389920 0 0 0 0 0 0 0 0 0 0 0 0 0 0 0 0 0 0 0 0 0 0 0 0 0 0 0 0 0 0 0 0 0 0 0 0 0 0 0 0 0 0 0 0 0 0 0 0 0 0 0 0 0 0 0 0 0 0 0 0 0 0 0 0 0 1 0 0 0]
[2611198252157691531185457036491868671015310560386788623631366596227075293625435462540810194445837444159205998417260437781138854317097468124763807425782684356959688821724895473534015745445375123514361913360673821 0 0 0 0 0 0 0 0 0 0 0 0 0 0 0 0 0 0 0 0 0 0 0 0 0 0 0 0 0 0 0 0 0 0 0 0 0 0 0 0 0 0 0 0 0 0 0 0 0 0 0 0 0 0 0 0 0 0 0 0 0 0 0 0 0 0 1 0 0]
[110979901660231810463407224336802750579233703599026235681360207917941620794232057808674973991958252018187961454153588059733920693493220245432955090726764348621657575025716807925595188951408365074902686261579940 0 0 0 0 0 0 0 0 0 0 0 0 0 0 0 0 0 0 0 0 0 0 0 0 0 0 0 0 0 0 0 0 0 0 0 0 0 0 0 0 0 0 0 0 0 0 0 0 0 0 0 0 0 0 0 0 0 0 0 0 0 0 0 0 0 0 0 1 0]
[2097464270285411539992915584778860772625222880645568514982086882299775980071164288925041527673320451924134269323710804061337711476481213769154728971956253391448032016944781952197090871554477526694209337096159322 0 0 0 0 0 0 0 0 0 0 0 0 0 0 0 0 0 0 0 0 0 0 0 0 0 0 0 0 0 0 0 0 0 0 0 0 0 0 0 0 0 0 0 0 0 0 0 0 0 0 0 0 0 0 0 0 0 0 0 0 0 0 0 0 0 0 0 0 1]
]
70 71 3
[1 1 1 1 1 1 1 1 1 1 1 1 1 1 1 1 1 1 1 1 1 1 1 1 1 1 1 1 1 1 1 1 1 1 1 1 1 1 1 1 1 1 1 1 1 1 1 1 1 1 1 1 1 1 1 1 1 1 1 1 1 1 1 1 1 1 1 1 1 1 1]
