[[3679440648303088696626999842747502105269135087522131849886316538254931912448419672220845315864343806993512202552484614378103599693128366568315876795496628396515355890698914151191527632942142146513765114723111993 0 0 0 0 0 0 0 0 0 0 0 0 0 0 0 0 0 0 0 0 0 0 0 0 0 0 0 0 0 0 0 0 0 0 0 0 0 0 0 0 0 0 0 0 0 0 0 0 0 0 0 0 0 0 0 0 0 0 0 0 0 0 0 0 0 0 0 0 0]
[393050574013877434610064198179351769986180437581498197622902821969022983144283139963368484019335540732829807294887394304761258213092782327447199126393795218016257300995040066078432060949867663444079600471362644 1 0 0 0 0 0 0 0 0 0 0 0 0 0 0 0 0 0 0 0 0 0 0 0 0 0 0 0 0 0 0 0 0 0 0 0 0 0 0 0 0 0 0 0 0 0 0 0 0 0 0 0 0 0 0 0 0 0 0 0 0 0 0 0 0 0 0 0 0]
[378676649863508823317214276314081209912500719781853424948212128241375099367742948211900326337795734421419185028929245122258935270116448498928609995288044634571370980384805921072059071375115962223912803471872091 0 1 0 0 0 0 0 0 0 0 0 0 0 0 0 0 0 0 0 0 0 0 0 0 0 0 0 0 0 0 0 0 0 0 0 0 0 0 0 0 0 0 0 0 0 0 0 0 0 0 0 0 0 0 0 0 0 0 0 0 0 0 0 0 0 0 0 0 0]
[3258707592806115735868031107274554381178767987390462625779720123114971661727896365771288926491038758803235932717483368196972142089320128569386217421139101030091879379555287877222569941623649454449463173048714501 0 0 1 0 0 0 0 0 0 0 0 0 0 0 0 0 0 0 0 0 0 0 0 0 0 0 0 0 0 0 0 0 0 0 0 0 0 0 0 0 0 0 0 0 0 0 0 0 0 0 0 0 0 0 0 0 0 0 0 0 0 0 0 0 0 0 0 0 0]
[2867305631465351520856693892459064672090462780560585455581850699075002502031919590907460329931539212269922395094805328367642115873558266642432548700012948581589892182067055010373565954448082039497595860680588249 0 0 0 1 0 0 0 0 0 0 0 0 0 0 0 0 0 0 0 0 0 0 0 0 0 0 0 0 0 0 0 0 0 0 0 0 0 0 0 0 0 0 0 0 0 0 0 0 0 0 0 0 0 0 0 0 0 0 0 0 0 0 0 0 0 0 0 0 0]
[736317340113106832935467516296629996866666158499677470400086504990598872181166298768904556204785966254564980330220611474618388634432353859773863881519624321324940370082077316046228015458453941358104357639959970 0 0 0 0 1 0 0 0 0 0 0 0 0 0 0 0 0 0 0 0 0 0 0 0 0 0 0 0 0 0 0 0 0 0 0 0 0 0 0 0 0 0 0 0 0 0 0 0 0 0 0 0 0 0 0 0 0 0 0 0 0 0 0 0 0 0 0 0 0]
[1453311906119767637128209189794743491137960762927850864904610760047214029417593364643875303225737538987594688673212363574709886814088885702662653702781660012864791087627578456290732617017243145160008788614860035 0 0 0 0 0 1 0 0 0 0 0 0 0 0 0 0 0 0 0 0 0 0 0 0 0 0 0 0 0 0 0 0 0 0 0 0 0 0 0 0 0 0 0 0 0 0 0 0 0 0 0 0 0 0 0 0 0 0 0 0 0 0 0 0 0 0 0 0 0]
[3283307926200426622325755658166772095123190524168047411249932953564478703122493649745718576522305291939182022837634114722353269775399919987076366769067756024181582125604056962121261265174502037835816227813016811 0 0 0 0 0 0 1 0 0 0 0 0 0 0 0 0 0 0 0 0 0 0 0 0 0 0 0 0 0 0 0 0 0 0 0 0 0 0 0 0 0 0 0 0 0 0 0 0 0 0 0 0 0 0 0 0 0 0 0 0 0 0 0 0 0 0 0 0 0]
[2060857120675906705800963407369885874739246939496496553109123719517018255270586283116517909568978513847992301069799516423486166550165907463261166497591393554570747028893878401017749114424298626715447029355197361 0 0 0 0 0 0 0 1 0 0 0 0 0 0 0 0 0 0 0 0 0 0 0 0 0 0 0 0 0 0 0 0 0 0 0 0 0 0 0 0 0 0 0 0 0 0 0 0 0 0 0 0 0 0 0 0 0 0 0 0 0 0 0 0 0 0 0 0 0]
[2303224214600100809082050802871295794427480795803550515752788259455250153431746411138983072437594431824435248874431894291046590224960680014855122202299672540223351121632797477405552481710849408641227842710956859 0 0 0 0 0 0 0 0 1 0 0 0 0 0 0 0 0 0 0 0 0 0 0 0 0 0 0 0 0 0 0 0 0 0 0 0 0 0 0 0 0 0 0 0 0 0 0 0 0 0 0 0 0 0 0 0 0 0 0 0 0 0 0 0 0 0 0 0 0]
[1686895502006244338829478827637068231234013583225262295156410231599661896470560089163483902783801076335123932000748739308469774867038491419810485455164596029328655140627246061152356018218906995386425099138382340 0 0 0 0 0 0 0 0 0 1 0 0 0 0 0 0 0 0 0 0 0 0 0 0 0 0 0 0 0 0 0 0 0 0 0 0 0 0 0 0 0 0 0 0 0 0 0 0 0 0 0 0 0 0 0 0 0 0 0 0 0 0 0 0 0 0 0 0 0]
[840930466037932597797180259755028929408459171605955378248018457906990212522344606139901689718426591077733346081008018334546556945451325922464595892305999740206572177592950433560853629909590473214149951918567148 0 0 0 0 0 0 0 0 0 0 1 0 0 0 0 0 0 0 0 0 0 0 0 0 0 0 0 0 0 0 0 0 0 0 0 0 0 0 0 0 0 0 0 0 0 0 0 0 0 0 0 0 0 0 0 0 0 0 0 0 0 0 0 0 0 0 0 0 0]
[754267245615668266580726225600768082986803728203515706731538474791706170972546633742816632264417952733292694488960109285007446292112471659817785538100029491548536434244377773148758292257258296191899617890523767 0 0 0 0 0 0 0 0 0 0 0 1 0 0 0 0 0 0 0 0 0 0 0 0 0 0 0 0 0 0 0 0 0 0 0 0 0 0 0 0 0 0 0 0 0 0 0 0 0 0 0 0 0 0 0 0 0 0 0 0 0 0 0 0 0 0 0 0 0]
[562642412800787710165291270089033732321457561932087915378197772994000153491864087195338699171760209986357658868164856051425318024793188764089322336512080475288556010043953462936980676998324239040861488930374743 0 0 0 0 0 0 0 0 0 0 0 0 1 0 0 0 0 0 0 0 0 0 0 0 0 0 0 0 0 0 0 0 0 0 0 0 0 0 0 0 0 0 0 0 0 0 0 0 0 0 0 0 0 0 0 0 0 0 0 0 0 0 0 0 0 0 0 0 0]
[2762990579823113131885203135818279673245071536472442987849197710624247511666089559433548844108294107516405351265277642792819019207612125712323427522582377371421469317479103020153273220352939986818964413747181295 0 0 0 0 0 0 0 0 0 0 0 0 0 1 0 0 0 0 0 0 0 0 0 0 0 0 0 0 0 0 0 0 0 0 0 0 0 0 0 0 0 0 0 0 0 0 0 0 0 0 0 0 0 0 0 0 0 0 0 0 0 0 0 0 0 0 0 0 0]
[636724754577620373630383921246970510787838281593364853263721178499687063587521556124131101156993880445972133118452177208992819889051511784844663734212061519414884255254745438077655935142427222644744491080000393 0 0 0 0 0 0 0 0 0 0 0 0 0 0 1 0 0 0 0 0 0 0 0 0 0 0 0 0 0 0 0 0 0 0 0 0 0 0 0 0 0 0 0 0 0 0 0 0 0 0 0 0 0 0 0 0 0 0 0 0 0 0 0 0 0 0 0 0 0]
[3549529553986736566971284255723477599386749895914023426305697729801664708113132180695380982067436199953078963673786141931744496452944374773266988489860944705610291371235948954229649258286604780864437537061474811 0 0 0 0 0 0 0 0 0 0 0 0 0 0 0 1 0 0 0 0 0 0 0 0 0 0 0 0 0 0 0 0 0 0 0 0 0 0 0 0 0 0 0 0 0 0 0 0 0 0 0 0 0 0 0 0 0 0 0 0 0 0 0 0 0 0 0 0 0]
[1681219826017397022869751543054804626692395401713339678103036329448330385607887809475028599058108177689991120416191129267479889710604281047792273094854215051230010911343129127661592466922193162777746510380265336 0 0 0 0 0 0 0 0 0 0 0 0 0 0 0 0 1 0 0 0 0 0 0 0 0 0 0 0 0 0 0 0 0 0 0 0 0 0 0 0 0 0 0 0 0 0 0 0 0 0 0 0 0 0 0 0 0 0 0 0 0 0 0 0 0 0 0 0 0]
[2229631111929150780795991867108141347237370417532854812255666159588585891541752469262314455752085986290415683654840840032439140934861224017626780454865792646877074021861641181033836381735878146856580237194382351 0 0 0 0 0 0 0 0 0 0 0 0 0 0 0 0 0 1 0 0 0 0 0 0 0 0 0 0 0 0 0 0 0 0 0 0 0 0 0 0 0 0 0 0 0 0 0 0 0 0 0 0 0 0 0 0 0 0 0 0 0 0 0 0 0 0 0 0 0]
[3383813007852794786470888898793376973977725926573387526752538192626078838866224244840572114924687202259859829616879119285243243819815533045114808676230258794164802199410678462064222084526169460955554423083940468 0 0 0 0 0 0 0 0 0 0 0 0 0 0 0 0 0 0 1 0 0 0 0 0 0 0 0 0 0 0 0 0 0 0 0 0 0 0 0 0 0 0 0 0 0 0 0 0 0 0 0 0 0 0 0 0 0 0 0 0 0 0 0 0 0 0 0 0 0]
[3357127633747683092890928039948437978109104769456188157568106436343937116786246360292880392580360070525443639776148710777724666970072963556741822448973315392878429682493406208071194219028778343079082582100017066 0 0 0 0 0 0 0 0 0 0 0 0 0 0 0 0 0 0 0 1 0 0 0 0 0 0 0 0 0 0 0 0 0 0 0 0 0 0 0 0 0 0 0 0 0 0 0 0 0 0 0 0 0 0 0 0 0 0 0 0 0 0 0 0 0 0 0 0 0]
[333549754377674285638632265856548944481804216074749073140263785881213168706876291973393467454724852597393774417036322795963456978954155249773825793367926756281594627721926707094600883719478692988808854872766094 0 0 0 0 0 0 0 0 0 0 0 0 0 0 0 0 0 0 0 0 1 0 0 0 0 0 0 0 0 0 0 0 0 0 0 0 0 0 0 0 0 0 0 0 0 0 0 0 0 0 0 0 0 0 0 0 0 0 0 0 0 0 0 0 0 0 0 0 0]
[133797598558526675003833909919288279206676382774556741886896267617659571715214311223717317341037190392357496932253115791684541845168293319125240105382961274127278157554762344980275286725998357652832764361764812 0 0 0 0 0 0 0 0 0 0 0 0 0 0 0 0 0 0 0 0 0 1 0 0 0 0 0 0 0 0 0 0 0 0 0 0 0 0 0 0 0 0 0 0 0 0 0 0 0 0 0 0 0 0 0 0 0 0 0 0 0 0 0 0 0 0 0 0 0]
[1335028299383540721974222746264909023693226599197850877243270698868099409185331665055460295843590927719806101635088514788418178735173688047898546045616251749990465870171332008147536761437435190121233675839464647 0 0 0 0 0 0 0 0 0 0 0 0 0 0 0 0 0 0 0 0 0 0 1 0 0 0 0 0 0 0 0 0 0 0 0 0 0 0 0 0 0 0 0 0 0 0 0 0 0 0 0 0 0 0 0 0 0 0 0 0 0 0 0 0 0 0 0 0 0]
[261341952503946391210170227342537361583124457645109044688705227527941168532335992770522078922897879526026414509675534998831031222841865911662387164762167975171761120147766276947231520224186645011393737188241445 0 0 0 0 0 0 0 0 0 0 0 0 0 0 0 0 0 0 0 0 0 0 0 1 0 0 0 0 0 0 0 0 0 0 0 0 0 0 0 0 0 0 0 0 0 0 0 0 0 0 0 0 0 0 0 0 0 0 0 0 0 0 0 0 0 0 0 0 0]
[1887993668144513898918562549060069214685092223163578444322576057821878825028139492158972773317389047364768418260073369949506095142458840596829077478286824050662774001040723516117750424146922068714704350221034717 0 0 0 0 0 0 0 0 0 0 0 0 0 0 0 0 0 0 0 0 0 0 0 0 1 0 0 0 0 0 0 0 0 0 0 0 0 0 0 0 0 0 0 0 0 0 0 0 0 0 0 0 0 0 0 0 0 0 0 0 0 0 0 0 0 0 0 0 0]
[2514344882765015716915746221417242667394431832836805687504080170916842613630535880421433365513857343791135979663117074407901785397930905834822523208792411715300255160288373544407476388707972275301178228230588299 0 0 0 0 0 0 0 0 0 0 0 0 0 0 0 0 0 0 0 0 0 0 0 0 0 1 0 0 0 0 0 0 0 0 0 0 0 0 0 0 0 0 0 0 0 0 0 0 0 0 0 0 0 0 0 0 0 0 0 0 0 0 0 0 0 0 0 0 0]
[616718247693204159018356158768011276448221575413357634304536869042162816948082978715383913707180999971335959765968031164657187118635796437251885910988386533300607575220440800917223791781349896731356017637847581 0 0 0 0 0 0 0 0 0 0 0 0 0 0 0 0 0 0 0 0 0 0 0 0 0 0 1 0 0 0 0 0 0 0 0 0 0 0 0 0 0 0 0 0 0 0 0 0 0 0 0 0 0 0 0 0 0 0 0 0 0 0 0 0 0 0 0 0 0]
[2123740997830953740716259267628571498668512840024506616267496545356127502762054702178306394430012252109705596197869616987745908106268663592395310572515008181273519799202759471766316196206302756493086873774250651 0 0 0 0 0 0 0 0 0 0 0 0 0 0 0 0 0 0 0 0 0 0 0 0 0 0 0 1 0 0 0 0 0 0 0 0 0 0 0 0 0 0 0 0 0 0 0 0 0 0 0 0 0 0 0 0 0 0 0 0 0 0 0 0 0 0 0 0 0]
[1193601876863763189856922795334103060505755634827940621301521161729583369145117279488043698591270704059320990195553962159572557228666579027894046775145945954310497511120209273682772261743021285262496740393993989 0 0 0 0 0 0 0 0 0 0 0 0 0 0 0 0 0 0 0 0 0 0 0 0 0 0 0 0 1 0 0 0 0 0 0 0 0 0 0 0 0 0 0 0 0 0 0 0 0 0 0 0 0 0 0 0 0 0 0 0 0 0 0 0 0 0 0 0 0]
[2352835254526731979635964153271266380521433896428322796743290669694791480649766750633656644560071776450537409332168579307271729611985809821757712346855335846623495061429499015571681258955333858083513963865679188 0 0 0 0 0 0 0 0 0 0 0 0 0 0 0 0 0 0 0 0 0 0 0 0 0 0 0 0 0 1 0 0 0 0 0 0 0 0 0 0 0 0 0 0 0 0 0 0 0 0 0 0 0 0 0 0 0 0 0 0 0 0 0 0 0 0 0 0 0]
[3254419553526146160032974036723051930027520500904806257962613449183698003172190770313914775296484092163708276551924782587984661235963952869423619311894712267205093977171159172540949743478176119191972086020207644 0 0 0 0 0 0 0 0 0 0 0 0 0 0 0 0 0 0 0 0 0 0 0 0 0 0 0 0 0 0 1 0 0 0 0 0 0 0 0 0 0 0 0 0 0 0 0 0 0 0 0 0 0 0 0 0 0 0 0 0 0 0 0 0 0 0 0 0 0]
[1373908419519975623397209078148666479272477909116471805914541606436032862170845020797675903054347757811288358483922452444386715579760751298541918325731460944758819979649637055855873600683802338882397498135133616 0 0 0 0 0 0 0 0 0 0 0 0 0 0 0 0 0 0 0 0 0 0 0 0 0 0 0 0 0 0 0 1 0 0 0 0 0 0 0 0 0 0 0 0 0 0 0 0 0 0 0 0 0 0 0 0 0 0 0 0 0 0 0 0 0 0 0 0 0]
[948018174029853319511116142819010685465111857381259815367228212301236941011888528463893479852563383590302975604948629502122265873445222159230959525492847881488427820207874680762241603624700355692797832769694305 0 0 0 0 0 0 0 0 0 0 0 0 0 0 0 0 0 0 0 0 0 0 0 0 0 0 0 0 0 0 0 0 1 0 0 0 0 0 0 0 0 0 0 0 0 0 0 0 0 0 0 0 0 0 0 0 0 0 0 0 0 0 0 0 0 0 0 0 0]
[3212011451429223285268517267481943631207953853057586216181453554845796072488178093038281453932697716016587816552902996813929142992179734160237238107245665241543042391731310898962151906876633283708568335461225931 0 0 0 0 0 0 0 0 0 0 0 0 0 0 0 0 0 0 0 0 0 0 0 0 0 0 0 0 0 0 0 0 0 1 0 0 0 0 0 0 0 0 0 0 0 0 0 0 0 0 0 0 0 0 0 0 0 0 0 0 0 0 0 0 0 0 0 0 0]
[1645997770015783639890370648844187327086327089549110065101928410102146757113285692157360766294915408175012786391551681311321434481569673099288525754256949455160067926113459448535238320442591846288320946752907583 0 0 0 0 0 0 0 0 0 0 0 0 0 0 0 0 0 0 0 0 0 0 0 0 0 0 0 0 0 0 0 0 0 0 1 0 0 0 0 0 0 0 0 0 0 0 0 0 0 0 0 0 0 0 0 0 0 0 0 0 0 0 0 0 0 0 0 0 0]
[1783905836396307603700220418250001421171385817525406018057679975528688960238432363606801844873400792084242067513993771086650539607618638041703087667416396860580914421283214518741574040560443023007666033233929892 0 0 0 0 0 0 0 0 0 0 0 0 0 0 0 0 0 0 0 0 0 0 0 0 0 0 0 0 0 0 0 0 0 0 0 1 0 0 0 0 0 0 0 0 0 0 0 0 0 0 0 0 0 0 0 0 0 0 0 0 0 0 0 0 0 0 0 0 0]
[3627401610921029142822608595791396532572552167070389353024932258947340090329676058202502023810328021037588195142622875378585938564651043616858408802758518928747796959729549050477083394716889049047123694094392794 0 0 0 0 0 0 0 0 0 0 0 0 0 0 0 0 0 0 0 0 0 0 0 0 0 0 0 0 0 0 0 0 0 0 0 0 1 0 0 0 0 0 0 0 0 0 0 0 0 0 0 0 0 0 0 0 0 0 0 0 0 0 0 0 0 0 0 0 0]
[3664826170218477526167413351986040358213241034804014493636616315528873385861724882802704896177344151368535434428561638972557301169913418751339577870700574574986759338965334352589533710131396127584644758946382988 0 0 0 0 0 0 0 0 0 0 0 0 0 0 0 0 0 0 0 0 0 0 0 0 0 0 0 0 0 0 0 0 0 0 0 0 0 1 0 0 0 0 0 0 0 0 0 0 0 0 0 0 0 0 0 0 0 0 0 0 0 0 0 0 0 0 0 0 0]
[1491291666851893057614165367804400429018643489199464037866388619801384092346280889829368263235321752032529252647838693764502057966812424651578337473840416067770430676617258471945184728072280001316376507949488886 0 0 0 0 0 0 0 0 0 0 0 0 0 0 0 0 0 0 0 0 0 0 0 0 0 0 0 0 0 0 0 0 0 0 0 0 0 0 1 0 0 0 0 0 0 0 0 0 0 0 0 0 0 0 0 0 0 0 0 0 0 0 0 0 0 0 0 0 0]
[2177275181263638934064732047604401877889791929560430292219453006719659978350481058602148328874625713777306555204424125352761173308748804307782664829116637947182245743613265366343872165193073189829744718719962998 0 0 0 0 0 0 0 0 0 0 0 0 0 0 0 0 0 0 0 0 0 0 0 0 0 0 0 0 0 0 0 0 0 0 0 0 0 0 0 1 0 0 0 0 0 0 0 0 0 0 0 0 0 0 0 0 0 0 0 0 0 0 0 0 0 0 0 0 0]
[2139999121899334642126301425804982238003252629589841340982625371803163476825899114881748768756655956532386658756692053941226503978996834085476822547749207085459126104361405901509716526889986416869624382963434066 0 0 0 0 0 0 0 0 0 0 0 0 0 0 0 0 0 0 0 0 0 0 0 0 0 0 0 0 0 0 0 0 0 0 0 0 0 0 0 0 1 0 0 0 0 0 0 0 0 0 0 0 0 0 0 0 0 0 0 0 0 0 0 0 0 0 0 0 0]
[3661229175199104387159195503240886518875678450219136428630992631189359376262868193423644115885474364360286091852315558062938889160546026297382914084890233488932677200699209747344720728311557418760622684664462991 0 0 0 0 0 0 0 0 0 0 0 0 0 0 0 0 0 0 0 0 0 0 0 0 0 0 0 0 0 0 0 0 0 0 0 0 0 0 0 0 0 1 0 0 0 0 0 0 0 0 0 0 0 0 0 0 0 0 0 0 0 0 0 0 0 0 0 0 0]
[1337199000528013942540536417204293589703608151904704673646450112129261155586650695818969666892554398954740056076028108190819695946700459524548361114617334629293968015352116852825875692440508563203601924771751519 0 0 0 0 0 0 0 0 0 0 0 0 0 0 0 0 0 0 0 0 0 0 0 0 0 0 0 0 0 0 0 0 0 0 0 0 0 0 0 0 0 0 1 0 0 0 0 0 0 0 0 0 0 0 0 0 0 0 0 0 0 0 0 0 0 0 0 0 0]
[723133013357645091925954890599432594401750981311660471245140247154360937890239256868347725197494688933035971743451622538089844636792323753726106729607134366514974232437458450607568212086696850150076803528926509 0 0 0 0 0 0 0 0 0 0 0 0 0 0 0 0 0 0 0 0 0 0 0 0 0 0 0 0 0 0 0 0 0 0 0 0 0 0 0 0 0 0 0 1 0 0 0 0 0 0 0 0 0 0 0 0 0 0 0 0 0 0 0 0 0 0 0 0 0]
[1901893407256716394004125584658446974267996081344679449875208037813058552748376554396964147323774039195685378319621656114375813086590321547615677340500043144582317990622576023872688721536068039878254212032834124 0 0 0 0 0 0 0 0 0 0 0 0 0 0 0 0 0 0 0 0 0 0 0 0 0 0 0 0 0 0 0 0 0 0 0 0 0 0 0 0 0 0 0 0 1 0 0 0 0 0 0 0 0 0 0 0 0 0 0 0 0 0 0 0 0 0 0 0 0]
[2592271184239999222365281949193388698974665571194056439266197820356362463083074716978629668802979864315650677645253936861832484625522286602207767103304077148618022275824707485362946444993529915109730618575079384 0 0 0 0 0 0 0 0 0 0 0 0 0 0 0 0 0 0 0 0 0 0 0 0 0 0 0 0 0 0 0 0 0 0 0 0 0 0 0 0 0 0 0 0 0 1 0 0 0 0 0 0 0 0 0 0 0 0 0 0 0 0 0 0 0 0 0 0 0]
[2973266240264684619592555516123219120478139094996791504948769149863370204324838173916637767538421745467453521942034156280444871364471840719099257793715265503069939006687844465831410641986110974249224655532952784 0 0 0 0 0 0 0 0 0 0 0 0 0 0 0 0 0 0 0 0 0 0 0 0 0 0 0 0 0 0 0 0 0 0 0 0 0 0 0 0 0 0 0 0 0 0 1 0 0 0 0 0 0 0 0 0 0 0 0 0 0 0 0 0 0 0 0 0 0]
[3554624519556285697289759302952813659393332927315472113966771416465907876757251707158033824364061633913961342959002485048760613783867309221934995749665783990688578043140484193046725062707319472635357066699883792 0 0 0 0 0 0 0 0 0 0 0 0 0 0 0 0 0 0 0 0 0 0 0 0 0 0 0 0 0 0 0 0 0 0 0 0 0 0 0 0 0 0 0 0 0 0 0 1 0 0 0 0 0 0 0 0 0 0 0 0 0 0 0 0 0 0 0 0 0]
[2321793203053221576304072314128336822838723706316858799129591867429091632995439601908277511959456760046188803551032851979027257085454089882290580797537821548971205656932059227443486962667009998666360812130826668 0 0 0 0 0 0 0 0 0 0 0 0 0 0 0 0 0 0 0 0 0 0 0 0 0 0 0 0 0 0 0 0 0 0 0 0 0 0 0 0 0 0 0 0 0 0 0 0 1 0 0 0 0 0 0 0 0 0 0 0 0 0 0 0 0 0 0 0 0]
[454507559239400604633397399122472697843795868133703827519601159433268853378032874744611703906892578645607382912747090990692804997746289897276940451716633896547394105909653203104842961529582220236290468538144428 0 0 0 0 0 0 0 0 0 0 0 0 0 0 0 0 0 0 0 0 0 0 0 0 0 0 0 0 0 0 0 0 0 0 0 0 0 0 0 0 0 0 0 0 0 0 0 0 0 1 0 0 0 0 0 0 0 0 0 0 0 0 0 0 0 0 0 0 0]
[1737503947827077448223502582609045975704715300503243308422644698869373185334080407731235141505237191198437662111102186425405140897654865697496917482301134737659713615898667553628878209850352532344920599669090748 0 0 0 0 0 0 0 0 0 0 0 0 0 0 0 0 0 0 0 0 0 0 0 0 0 0 0 0 0 0 0 0 0 0 0 0 0 0 0 0 0 0 0 0 0 0 0 0 0 0 1 0 0 0 0 0 0 0 0 0 0 0 0 0 0 0 0 0 0]
[2853206927614365783487219229608566929749476757875661786904627380560688503802355146887441032379427611998892095029590834219041839517841717969056471860750389487191727696159835451141988680248448305673837667321872037 0 0 0 0 0 0 0 0 0 0 0 0 0 0 0 0 0 0 0 0 0 0 0 0 0 0 0 0 0 0 0 0 0 0 0 0 0 0 0 0 0 0 0 0 0 0 0 0 0 0 0 1 0 0 0 0 0 0 0 0 0 0 0 0 0 0 0 0 0]
[1020913324355084085642138506015718873043529558965113150183743279321139660936522838911048151053458390196016048071115509979519252818516494688533852069669547657220303124551656458115169422133487567030427066401132341 0 0 0 0 0 0 0 0 0 0 0 0 0 0 0 0 0 0 0 0 0 0 0 0 0 0 0 0 0 0 0 0 0 0 0 0 0 0 0 0 0 0 0 0 0 0 0 0 0 0 0 0 1 0 0 0 0 0 0 0 0 0 0 0 0 0 0 0 0]
[3000317461912621721971148169450018852077776159230761118330585425735819005563916821930840112107956182437512375915659572023972708883983918974237706744986561683608405134991132013437709588625408568165208511734969644 0 0 0 0 0 0 0 0 0 0 0 0 0 0 0 0 0 0 0 0 0 0 0 0 0 0 0 0 0 0 0 0 0 0 0 0 0 0 0 0 0 0 0 0 0 0 0 0 0 0 0 0 0 1 0 0 0 0 0 0 0 0 0 0 0 0 0 0 0]
[859160364213764469252886298716630100488520701976366163699648229177554744167014165611058607268680234701142338421913549389310042159795177975842511774272930629511100583486617499078165335830357027780071351282418862 0 0 0 0 0 0 0 0 0 0 0 0 0 0 0 0 0 0 0 0 0 0 0 0 0 0 0 0 0 0 0 0 0 0 0 0 0 0 0 0 0 0 0 0 0 0 0 0 0 0 0 0 0 0 1 0 0 0 0 0 0 0 0 0 0 0 0 0 0]
[2985903505579955010759542068741024559043073694578585870447759975533525422778838312284142229020768808234477145335234283940733694942121932583204280854034311390245386228642903399137081637578817258638899914123456125 0 0 0 0 0 0 0 0 0 0 0 0 0 0 0 0 0 0 0 0 0 0 0 0 0 0 0 0 0 0 0 0 0 0 0 0 0 0 0 0 0 0 0 0 0 0 0 0 0 0 0 0 0 0 0 1 0 0 0 0 0 0 0 0 0 0 0 0 0]
[1040256284913290293028233020180412440870495541273668146228807244645746315615685137810881582117413390460834964945926811397465431829557805405572205789085720674921297198068456079431825517974783312888315886068067742 0 0 0 0 0 0 0 0 0 0 0 0 0 0 0 0 0 0 0 0 0 0 0 0 0 0 0 0 0 0 0 0 0 0 0 0 0 0 0 0 0 0 0 0 0 0 0 0 0 0 0 0 0 0 0 0 1 0 0 0 0 0 0 0 0 0 0 0 0]
[2309600917733762658401074778223089713262351645689743939674650583626776463745332789658509836974563072439391211380249247410891184415003934329496636911653232071435166965260235378959178852862204743588616781848448494 0 0 0 0 0 0 0 0 0 0 0 0 0 0 0 0 0 0 0 0 0 0 0 0 0 0 0 0 0 0 0 0 0 0 0 0 0 0 0 0 0 0 0 0 0 0 0 0 0 0 0 0 0 0 0 0 0 1 0 0 0 0 0 0 0 0 0 0 0]
[3444169820354631407947488650577894095206499842811299157517756048841227379360968640619921384885504245357569836725955048147663193581969322470720766151964660700720011711935607704406234526379054874120273064645293756 0 0 0 0 0 0 0 0 0 0 0 0 0 0 0 0 0 0 0 0 0 0 0 0 0 0 0 0 0 0 0 0 0 0 0 0 0 0 0 0 0 0 0 0 0 0 0 0 0 0 0 0 0 0 0 0 0 0 1 0 0 0 0 0 0 0 0 0 0]
[759030334621513478845189617743527411148950327279649328527911550993882569519007010676796554138656703983256428778358652446820161797142779630062814559110347945067424222876852191441937167339391652953015947364604300 0 0 0 0 0 0 0 0 0 0 0 0 0 0 0 0 0 0 0 0 0 0 0 0 0 0 0 0 0 0 0 0 0 0 0 0 0 0 0 0 0 0 0 0 0 0 0 0 0 0 0 0 0 0 0 0 0 0 0 1 0 0 0 0 0 0 0 0 0]
[56557664790385289512375324924688592346621300010475629903633396467221739419665863019152607999037821282092139443618874070516774084197038131130059062107291437056515205910615260367378895619135065981090475121260053 0 0 0 0 0 0 0 0 0 0 0 0 0 0 0 0 0 0 0 0 0 0 0 0 0 0 0 0 0 0 0 0 0 0 0 0 0 0 0 0 0 0 0 0 0 0 0 0 0 0 0 0 0 0 0 0 0 0 0 0 1 0 0 0 0 0 0 0 0]
[2121044923431348728873300961230043047494225618825985694721646449654900489773867364604691254853072870313708953102515170855534139780439711217691385974393042787266967606302055080453462579102346028237284742070180785 0 0 0 0 0 0 0 0 0 0 0 0 0 0 0 0 0 0 0 0 0 0 0 0 0 0 0 0 0 0 0 0 0 0 0 0 0 0 0 0 0 0 0 0 0 0 0 0 0 0 0 0 0 0 0 0 0 0 0 0 0 1 0 0 0 0 0 0 0]
[2114098544268608944577120266004759903075452206506698100312844153529190268597922498830825032962282275754599373949792335789485137446344983375073104042889816752671843434457534836397175472260001186625454650434710802 0 0 0 0 0 0 0 0 0 0 0 0 0 0 0 0 0 0 0 0 0 0 0 0 0 0 0 0 0 0 0 0 0 0 0 0 0 0 0 0 0 0 0 0 0 0 0 0 0 0 0 0 0 0 0 0 0 0 0 0 0 0 1 0 0 0 0 0 0]
[3305261092080250127684718646959458154592985267914433647720775972175145055921541914070871964054479037983938396823052218549046522209027358966383564743675318757347637016293830046526021536349083941525320883212911009 0 0 0 0 0 0 0 0 0 0 0 0 0 0 0 0 0 0 0 0 0 0 0 0 0 0 0 0 0 0 0 0 0 0 0 0 0 0 0 0 0 0 0 0 0 0 0 0 0 0 0 0 0 0 0 0 0 0 0 0 0 0 0 1 0 0 0 0 0]
[1801112493615246483936334665816386534298150752443740789149598657355324084919968386805483569752140164636232590422794206125890317900896669758299800371840066062095201754398863210007707994774571197395569368725690731 0 0 0 0 0 0 0 0 0 0 0 0 0 0 0 0 0 0 0 0 0 0 0 0 0 0 0 0 0 0 0 0 0 0 0 0 0 0 0 0 0 0 0 0 0 0 0 0 0 0 0 0 0 0 0 0 0 0 0 0 0 0 0 0 1 0 0 0 0]
[35963864596915127689775475080888658069083641509106597560392258820089902505110907278268918841629073435544473786217392048585207071748915924974388488036558082081108226735700859416804849093964562504701610887974971 0 0 0 0 0 0 0 0 0 0 0 0 0 0 0 0 0 0 0 0 0 0 0 0 0 0 0 0 0 0 0 0 0 0 0 0 0 0 0 0 0 0 0 0 0 0 0 0 0 0 0 0 0 0 0 0 0 0 0 0 0 0 0 0 0 1 0 0 0]
[1461533975306648845254029740176787236678410849502881353981396526831408340171419350909852721458944467714601069622297267904017955069149006935031073704783002655518096918051357852933049002596097314338991062661340255 0 0 0 0 0 0 0 0 0 0 0 0 0 0 0 0 0 0 0 0 0 0 0 0 0 0 0 0 0 0 0 0 0 0 0 0 0 0 0 0 0 0 0 0 0 0 0 0 0 0 0 0 0 0 0 0 0 0 0 0 0 0 0 0 0 0 1 0 0]
[2174350224309914074429699297608710336590086183656601767167624740325035015832247826015781517433795690531316626848702829203623596865412647577785669996225429943929812245439124023096104784047600352004194348619324030 0 0 0 0 0 0 0 0 0 0 0 0 0 0 0 0 0 0 0 0 0 0 0 0 0 0 0 0 0 0 0 0 0 0 0 0 0 0 0 0 0 0 0 0 0 0 0 0 0 0 0 0 0 0 0 0 0 0 0 0 0 0 0 0 0 0 0 1 0]
[118716746143156116107022980908091347028429459865299335226499376702191253274763576933463152042813349296892677381515183593810704972920813264758628361707078357392215373273199348539345072583356120134629405586272841 0 0 0 0 0 0 0 0 0 0 0 0 0 0 0 0 0 0 0 0 0 0 0 0 0 0 0 0 0 0 0 0 0 0 0 0 0 0 0 0 0 0 0 0 0 0 0 0 0 0 0 0 0 0 0 0 0 0 0 0 0 0 0 0 0 0 0 0 1]
]
70 71 6
[1 1 1 1 1 1 1 1 1 1 1 1 1 1 1 1 1 1 1 1 1 1 1 1 1 1 1 1 1 1 1 1 1 1 1 1 1 1 1 1 1 1 1 1 1 1 1 1 1 1 1 1 1 1 1 1 1 1 1 1 1 1 1 1 1 1 1 1 1 1 1]
