[[3646357004592829432169697289055303028722934014846422971127043393078626290043286685921677064430855302410942738186493762656397804084078687117748813397204319612706848465743631877297316066137795341662562821201035151 0 0 0 0 0 0 0 0 0 0 0 0 0 0 0 0 0 0 0 0 0 0 0 0 0 0 0 0 0 0 0 0 0 0 0 0 0 0 0 0 0 0 0 0 0 0 0 0 0 0 0 0 0 0 0 0 0 0 0 0 0 0 0 0 0 0 0 0 0]
[2087524563229012395003483756675611471791612132861307936740835899050083309877230868889917809579698654704326600844118922812183745418424230373910618451751974959345883067500621398331493869027133481880891267770840219 1 0 0 0 0 0 0 0 0 0 0 0 0 0 0 0 0 0 0 0 0 0 0 0 0 0 0 0 0 0 0 0 0 0 0 0 0 0 0 0 0 0 0 0 0 0 0 0 0 0 0 0 0 0 0 0 0 0 0 0 0 0 0 0 0 0 0 0 0]
[90284679464666501185959255216541282915662666272245356104515199926705180823509503979712291899930236241839040259182127848344809859182229448403638880000386391897550767468930310586740466563940560915157693225180631 0 1 0 0 0 0 0 0 0 0 0 0 0 0 0 0 0 0 0 0 0 0 0 0 0 0 0 0 0 0 0 0 0 0 0 0 0 0 0 0 0 0 0 0 0 0 0 0 0 0 0 0 0 0 0 0 0 0 0 0 0 0 0 0 0 0 0 0 0]
[2612642718065679167841898584694978361682877085796424297042993937542540409044006054276932603539581753031665392793151177237798248650069328042540337302237227693851742187314916006996666160285835977954588354178520028 0 0 1 0 0 0 0 0 0 0 0 0 0 0 0 0 0 0 0 0 0 0 0 0 0 0 0 0 0 0 0 0 0 0 0 0 0 0 0 0 0 0 0 0 0 0 0 0 0 0 0 0 0 0 0 0 0 0 0 0 0 0 0 0 0 0 0 0 0]
[211986161699338254192195022961778395329077708749103488473998476364082566574608143401427500132997741202955505417338796632574969190529892413623113043793925874311857031373188168287094910391658930633939571580343885 0 0 0 1 0 0 0 0 0 0 0 0 0 0 0 0 0 0 0 0 0 0 0 0 0 0 0 0 0 0 0 0 0 0 0 0 0 0 0 0 0 0 0 0 0 0 0 0 0 0 0 0 0 0 0 0 0 0 0 0 0 0 0 0 0 0 0 0 0]
[3087556945732832937749261114255478105652974574794055173651717792679468019985789373768165570565179789942863491584167210491991861608923480971744107378130788625765602449208459904097112120817619656658352305491294832 0 0 0 0 1 0 0 0 0 0 0 0 0 0 0 0 0 0 0 0 0 0 0 0 0 0 0 0 0 0 0 0 0 0 0 0 0 0 0 0 0 0 0 0 0 0 0 0 0 0 0 0 0 0 0 0 0 0 0 0 0 0 0 0 0 0 0 0 0]
[1547192754338337889032667111554689148808314355502094590899496348301480539558630220008367209782559201758304530540765235242992124067982191748079346131166632741571266854039842888204214960504588674740188043639274256 0 0 0 0 0 1 0 0 0 0 0 0 0 0 0 0 0 0 0 0 0 0 0 0 0 0 0 0 0 0 0 0 0 0 0 0 0 0 0 0 0 0 0 0 0 0 0 0 0 0 0 0 0 0 0 0 0 0 0 0 0 0 0 0 0 0 0 0 0]
[2602952788108468097442139792768216505090135840432666361306413912118283605053220689793427108412695889349362851866426013331807444577556200526788048433915053950134464849994942604209570374236083292998281688369164432 0 0 0 0 0 0 1 0 0 0 0 0 0 0 0 0 0 0 0 0 0 0 0 0 0 0 0 0 0 0 0 0 0 0 0 0 0 0 0 0 0 0 0 0 0 0 0 0 0 0 0 0 0 0 0 0 0 0 0 0 0 0 0 0 0 0 0 0 0]
[59691460398768688168771926952552886481045497327076695657160233697996754277188101634725476936210822434808187645586644776865084866068529778166833265349910247880414990939101222510794572205097537083200151408752216 0 0 0 0 0 0 0 1 0 0 0 0 0 0 0 0 0 0 0 0 0 0 0 0 0 0 0 0 0 0 0 0 0 0 0 0 0 0 0 0 0 0 0 0 0 0 0 0 0 0 0 0 0 0 0 0 0 0 0 0 0 0 0 0 0 0 0 0 0]
[2823099613944355899876359193275677885953621824201208734307068800249883168564589298510817916750896453362546129852044162101869355694075678274889760859736313555444646221351315632668989685424477763735967215402733162 0 0 0 0 0 0 0 0 1 0 0 0 0 0 0 0 0 0 0 0 0 0 0 0 0 0 0 0 0 0 0 0 0 0 0 0 0 0 0 0 0 0 0 0 0 0 0 0 0 0 0 0 0 0 0 0 0 0 0 0 0 0 0 0 0 0 0 0 0]
[1352709869189654138450855881518013326659752699373905369454978931615411789767035914749593560806607399668553606484275415497851532892672744995484957319856574425279599747138666632767525558248289395382852172458235467 0 0 0 0 0 0 0 0 0 1 0 0 0 0 0 0 0 0 0 0 0 0 0 0 0 0 0 0 0 0 0 0 0 0 0 0 0 0 0 0 0 0 0 0 0 0 0 0 0 0 0 0 0 0 0 0 0 0 0 0 0 0 0 0 0 0 0 0 0]
[3104174042179638889474945827359693832917588744405677700505014916022638967065128266045862737629880447721271199334326191485092439388726953547801322933682351533809099281679532768941497259685922728752051791403038801 0 0 0 0 0 0 0 0 0 0 1 0 0 0 0 0 0 0 0 0 0 0 0 0 0 0 0 0 0 0 0 0 0 0 0 0 0 0 0 0 0 0 0 0 0 0 0 0 0 0 0 0 0 0 0 0 0 0 0 0 0 0 0 0 0 0 0 0 0]
[3393752854347740527896132209684440610856014350220636028610749230622615263693824923051357225887922591703635816557855797615750986969807596202751363333909494221064100359565357481344403662033250062514375023758940674 0 0 0 0 0 0 0 0 0 0 0 1 0 0 0 0 0 0 0 0 0 0 0 0 0 0 0 0 0 0 0 0 0 0 0 0 0 0 0 0 0 0 0 0 0 0 0 0 0 0 0 0 0 0 0 0 0 0 0 0 0 0 0 0 0 0 0 0 0]
[1083603206076214000592185449909708778124543445834357698046749238338815453801964505419521571824113079005371028869289436756776426528355991966172622202483517886786934839301275545242173359113961306132834593442157410 0 0 0 0 0 0 0 0 0 0 0 0 1 0 0 0 0 0 0 0 0 0 0 0 0 0 0 0 0 0 0 0 0 0 0 0 0 0 0 0 0 0 0 0 0 0 0 0 0 0 0 0 0 0 0 0 0 0 0 0 0 0 0 0 0 0 0 0 0]
[1103810933874737987013497332723884559142357947497597168932672736289666644280581132462673504200755902467798220156615000573143242993999851311988909404176855935488530471907676551054242205159923751672087122905675524 0 0 0 0 0 0 0 0 0 0 0 0 0 1 0 0 0 0 0 0 0 0 0 0 0 0 0 0 0 0 0 0 0 0 0 0 0 0 0 0 0 0 0 0 0 0 0 0 0 0 0 0 0 0 0 0 0 0 0 0 0 0 0 0 0 0 0 0 0]
[2590928257696496205023406434641563687843765406153520067189240491611483797382523541178046874119502122970575776101597222141307739024343380733627197238165139308120403171223312100523247819193564383044355935359998505 0 0 0 0 0 0 0 0 0 0 0 0 0 0 1 0 0 0 0 0 0 0 0 0 0 0 0 0 0 0 0 0 0 0 0 0 0 0 0 0 0 0 0 0 0 0 0 0 0 0 0 0 0 0 0 0 0 0 0 0 0 0 0 0 0 0 0 0 0]
[3326114285596142454994798106211403232555120271870659843296138136421669161837628477354352143060768136520146958023912112578644366348326123418650982795296503002704388757317400398858050096791616958872139702001183572 0 0 0 0 0 0 0 0 0 0 0 0 0 0 0 1 0 0 0 0 0 0 0 0 0 0 0 0 0 0 0 0 0 0 0 0 0 0 0 0 0 0 0 0 0 0 0 0 0 0 0 0 0 0 0 0 0 0 0 0 0 0 0 0 0 0 0 0 0]
[3088617362646165193615677000520600045813242470976679781715362434309771884261941989957090929364871032849208678147690312188055294005213093298445677511484840950150219070139036819278825834047236461191482180707176841 0 0 0 0 0 0 0 0 0 0 0 0 0 0 0 0 1 0 0 0 0 0 0 0 0 0 0 0 0 0 0 0 0 0 0 0 0 0 0 0 0 0 0 0 0 0 0 0 0 0 0 0 0 0 0 0 0 0 0 0 0 0 0 0 0 0 0 0 0]
[3389393036508516565511169275083450463152345025044774441292563534446090163601271264587587007802646387073739801232760114240842736929478216633229354547443159844794990287267116590415197721111810478113816788431520902 0 0 0 0 0 0 0 0 0 0 0 0 0 0 0 0 0 1 0 0 0 0 0 0 0 0 0 0 0 0 0 0 0 0 0 0 0 0 0 0 0 0 0 0 0 0 0 0 0 0 0 0 0 0 0 0 0 0 0 0 0 0 0 0 0 0 0 0 0]
[3286287558025157374901511655843580789981286795263587468378105405710701221008903538883918510012647989987955765480905463384359103473732291747194261730932944826487506933989483593166066494564142442198344485615196789 0 0 0 0 0 0 0 0 0 0 0 0 0 0 0 0 0 0 1 0 0 0 0 0 0 0 0 0 0 0 0 0 0 0 0 0 0 0 0 0 0 0 0 0 0 0 0 0 0 0 0 0 0 0 0 0 0 0 0 0 0 0 0 0 0 0 0 0 0]
[3238799838190226771358000930160777643341216489764196950061472877526561766827205428640268611199048397786775709830388400479415801379241646485515540629446622081714748188112635967799454777410691796221265133041958355 0 0 0 0 0 0 0 0 0 0 0 0 0 0 0 0 0 0 0 1 0 0 0 0 0 0 0 0 0 0 0 0 0 0 0 0 0 0 0 0 0 0 0 0 0 0 0 0 0 0 0 0 0 0 0 0 0 0 0 0 0 0 0 0 0 0 0 0 0]
[2307042638894236686601047257824351816468611052264191941370371213201599322466157384392061866196112168581870859330599821251211926892538044664283084309180683160152065770141930494635667767126375060969101769336566162 0 0 0 0 0 0 0 0 0 0 0 0 0 0 0 0 0 0 0 0 1 0 0 0 0 0 0 0 0 0 0 0 0 0 0 0 0 0 0 0 0 0 0 0 0 0 0 0 0 0 0 0 0 0 0 0 0 0 0 0 0 0 0 0 0 0 0 0 0]
[1887332249796485422521831670742214859289793518522219799196390821398117023626962170103095797139775640853256772914783085324040199464986491076731877504506724961145352724531246447522265606975070815100415592120755754 0 0 0 0 0 0 0 0 0 0 0 0 0 0 0 0 0 0 0 0 0 1 0 0 0 0 0 0 0 0 0 0 0 0 0 0 0 0 0 0 0 0 0 0 0 0 0 0 0 0 0 0 0 0 0 0 0 0 0 0 0 0 0 0 0 0 0 0 0]
[1854162318217535610764417674190978848060310969070542105752427982426740894671943665776341946460111197673963780885686878799343391293773798363000634021358696244424036717949950117051268234052089071843865841679817644 0 0 0 0 0 0 0 0 0 0 0 0 0 0 0 0 0 0 0 0 0 0 1 0 0 0 0 0 0 0 0 0 0 0 0 0 0 0 0 0 0 0 0 0 0 0 0 0 0 0 0 0 0 0 0 0 0 0 0 0 0 0 0 0 0 0 0 0 0]
[3532872189612672075762666895199149261787619958055540838617796043958058143402715333175730806117788575586358130333803806707428450173179867909798725556958994769987209151114018320111141495254071162600194924930070589 0 0 0 0 0 0 0 0 0 0 0 0 0 0 0 0 0 0 0 0 0 0 0 1 0 0 0 0 0 0 0 0 0 0 0 0 0 0 0 0 0 0 0 0 0 0 0 0 0 0 0 0 0 0 0 0 0 0 0 0 0 0 0 0 0 0 0 0 0]
[3388571744407744203813459468736389175991454808276625603910806623624450438932463894810449471067757237175108580626464579659944542769840569691468018046440394701201572934573357378735662247351023067000587507587767568 0 0 0 0 0 0 0 0 0 0 0 0 0 0 0 0 0 0 0 0 0 0 0 0 1 0 0 0 0 0 0 0 0 0 0 0 0 0 0 0 0 0 0 0 0 0 0 0 0 0 0 0 0 0 0 0 0 0 0 0 0 0 0 0 0 0 0 0 0]
[372610279733021524919710804604164316764453489555676155468802075684488772669813778333474097709050220404784935056303080613989496733943111447219721669758958962855593663374200346249467558144507711419707952406459075 0 0 0 0 0 0 0 0 0 0 0 0 0 0 0 0 0 0 0 0 0 0 0 0 0 1 0 0 0 0 0 0 0 0 0 0 0 0 0 0 0 0 0 0 0 0 0 0 0 0 0 0 0 0 0 0 0 0 0 0 0 0 0 0 0 0 0 0 0]
[718718620183377177733670343797381089900721965329986652450588009370881405721782422188991013804816258544667786768875126316589894931054046713533599651434431447234446087897576032580763573421384155854745299601523488 0 0 0 0 0 0 0 0 0 0 0 0 0 0 0 0 0 0 0 0 0 0 0 0 0 0 1 0 0 0 0 0 0 0 0 0 0 0 0 0 0 0 0 0 0 0 0 0 0 0 0 0 0 0 0 0 0 0 0 0 0 0 0 0 0 0 0 0 0]
[975846993727665038042680020770444201517226351131791835726909837351867056898204734974250450027490758785703140312160833073199802427368438900354894739221398196891938104759680780452461562152215362493238058901320341 0 0 0 0 0 0 0 0 0 0 0 0 0 0 0 0 0 0 0 0 0 0 0 0 0 0 0 1 0 0 0 0 0 0 0 0 0 0 0 0 0 0 0 0 0 0 0 0 0 0 0 0 0 0 0 0 0 0 0 0 0 0 0 0 0 0 0 0 0]
[3412635704302159447805600151343854140280488757183896390435403179282568135905916820643944774574280912076422228441388786101491447679534303594068879230065145021794116945345262487746928133847603633307088571762378014 0 0 0 0 0 0 0 0 0 0 0 0 0 0 0 0 0 0 0 0 0 0 0 0 0 0 0 0 1 0 0 0 0 0 0 0 0 0 0 0 0 0 0 0 0 0 0 0 0 0 0 0 0 0 0 0 0 0 0 0 0 0 0 0 0 0 0 0 0]
[3210613258948008314849644855737208699208061156117231625996462119586361003647687347302599254933855792202243364556641394415326951991897895332379410892592176495392142214978652158884131361959446523758234727828610803 0 0 0 0 0 0 0 0 0 0 0 0 0 0 0 0 0 0 0 0 0 0 0 0 0 0 0 0 0 1 0 0 0 0 0 0 0 0 0 0 0 0 0 0 0 0 0 0 0 0 0 0 0 0 0 0 0 0 0 0 0 0 0 0 0 0 0 0 0]
[3485597265541142966804829759091166433474390639829840184814515373523364473840536379290282062076973797600150303753768360799205855404769523302868545489351470985606603071473650708898354431543884159991700009376866082 0 0 0 0 0 0 0 0 0 0 0 0 0 0 0 0 0 0 0 0 0 0 0 0 0 0 0 0 0 0 1 0 0 0 0 0 0 0 0 0 0 0 0 0 0 0 0 0 0 0 0 0 0 0 0 0 0 0 0 0 0 0 0 0 0 0 0 0 0]
[21394398223768894827894574811506161964012844428378334162616600706467860774431616840128199442387427758632585222967378514557599596337527679989927113381434527210922914322434749789783641281411136789548408764357403 0 0 0 0 0 0 0 0 0 0 0 0 0 0 0 0 0 0 0 0 0 0 0 0 0 0 0 0 0 0 0 1 0 0 0 0 0 0 0 0 0 0 0 0 0 0 0 0 0 0 0 0 0 0 0 0 0 0 0 0 0 0 0 0 0 0 0 0 0]
[3470124858420761247067092968226692070620686193601375802459631426660845043789873857176938104612595912130664953377173705905268386528103412735525841812294045634909127011042941018253078001053252027472813223173710606 0 0 0 0 0 0 0 0 0 0 0 0 0 0 0 0 0 0 0 0 0 0 0 0 0 0 0 0 0 0 0 0 1 0 0 0 0 0 0 0 0 0 0 0 0 0 0 0 0 0 0 0 0 0 0 0 0 0 0 0 0 0 0 0 0 0 0 0 0]
[1932259884803038040043245304156945642441090604065396484812533346225256511822072066954244559845543861677224071786279539802354708151219035898392069557890927672500400233857594548131535198165238815483308930662286919 0 0 0 0 0 0 0 0 0 0 0 0 0 0 0 0 0 0 0 0 0 0 0 0 0 0 0 0 0 0 0 0 0 1 0 0 0 0 0 0 0 0 0 0 0 0 0 0 0 0 0 0 0 0 0 0 0 0 0 0 0 0 0 0 0 0 0 0 0]
[1433732339739551979962470903050281273423829644617929506034279572251605644979518529735093176865904140285887410660594930889129628298124224123298678889594548198606276460926491044091474324670515562861353315462646209 0 0 0 0 0 0 0 0 0 0 0 0 0 0 0 0 0 0 0 0 0 0 0 0 0 0 0 0 0 0 0 0 0 0 1 0 0 0 0 0 0 0 0 0 0 0 0 0 0 0 0 0 0 0 0 0 0 0 0 0 0 0 0 0 0 0 0 0 0]
[2678143339176797870946149674480511345605916712515091874487490196393792747760481319526479543839339046708131733881962991868740304666747523266711829937666097608541318348673990165256753367598512616014147765873312365 0 0 0 0 0 0 0 0 0 0 0 0 0 0 0 0 0 0 0 0 0 0 0 0 0 0 0 0 0 0 0 0 0 0 0 1 0 0 0 0 0 0 0 0 0 0 0 0 0 0 0 0 0 0 0 0 0 0 0 0 0 0 0 0 0 0 0 0 0]
[3579882179045081033605470679540909206131978458316701464259872226950365594469006041151137142172750291785103864982872958821746352387454233626492727335054470025546048080827469448237538126195368426204663552029448689 0 0 0 0 0 0 0 0 0 0 0 0 0 0 0 0 0 0 0 0 0 0 0 0 0 0 0 0 0 0 0 0 0 0 0 0 1 0 0 0 0 0 0 0 0 0 0 0 0 0 0 0 0 0 0 0 0 0 0 0 0 0 0 0 0 0 0 0 0]
[481925485230991146643708461937630997349228085816029522793042011177760940315233026677944823568272638278548019551557777265531063111247245119127717146667276606218748628584687828845160324724088825678905554597796975 0 0 0 0 0 0 0 0 0 0 0 0 0 0 0 0 0 0 0 0 0 0 0 0 0 0 0 0 0 0 0 0 0 0 0 0 0 1 0 0 0 0 0 0 0 0 0 0 0 0 0 0 0 0 0 0 0 0 0 0 0 0 0 0 0 0 0 0 0]
[1768752890462881906745574558964614232654395638951021741603711138140478163130982027363554073355272626354029263969227120581187584242909550146899710817651935266347365545172503738527012226723433581310831347184544887 0 0 0 0 0 0 0 0 0 0 0 0 0 0 0 0 0 0 0 0 0 0 0 0 0 0 0 0 0 0 0 0 0 0 0 0 0 0 1 0 0 0 0 0 0 0 0 0 0 0 0 0 0 0 0 0 0 0 0 0 0 0 0 0 0 0 0 0 0]
[622903007918517393635445945390033274032336087968456188761401103077297609077850533005851507125201181409480499770114109500266512839104352698172088687641222531952194055289800666469607723058577990415292573528240893 0 0 0 0 0 0 0 0 0 0 0 0 0 0 0 0 0 0 0 0 0 0 0 0 0 0 0 0 0 0 0 0 0 0 0 0 0 0 0 1 0 0 0 0 0 0 0 0 0 0 0 0 0 0 0 0 0 0 0 0 0 0 0 0 0 0 0 0 0]
[1362449139936311536812887301450451777137082686979852715976475790576863087444577925045621133277440453096506566757856361938493422298935356577158719499870126038519140036549704635900769406666775314144082704840623180 0 0 0 0 0 0 0 0 0 0 0 0 0 0 0 0 0 0 0 0 0 0 0 0 0 0 0 0 0 0 0 0 0 0 0 0 0 0 0 0 1 0 0 0 0 0 0 0 0 0 0 0 0 0 0 0 0 0 0 0 0 0 0 0 0 0 0 0 0]
[2640649690819398820192699426366908628302182883408443822400850603126221848372509293120785703458280361716082792713671546431632080639532892245193127661670425571472315104101257868770520392504938320700737340607710365 0 0 0 0 0 0 0 0 0 0 0 0 0 0 0 0 0 0 0 0 0 0 0 0 0 0 0 0 0 0 0 0 0 0 0 0 0 0 0 0 0 1 0 0 0 0 0 0 0 0 0 0 0 0 0 0 0 0 0 0 0 0 0 0 0 0 0 0 0]
[3279729866279599131809725217515783001592974980695837610101101361155736241447198635615171039947714494265784675778368099971398086732986074642902480555401019269539453047431527594029768543009898019928513795445973506 0 0 0 0 0 0 0 0 0 0 0 0 0 0 0 0 0 0 0 0 0 0 0 0 0 0 0 0 0 0 0 0 0 0 0 0 0 0 0 0 0 0 1 0 0 0 0 0 0 0 0 0 0 0 0 0 0 0 0 0 0 0 0 0 0 0 0 0 0]
[1498819766640910738463288242835944395361397014816747460875803086024379946319350403950287763131805181406329388898404010122779067811209572851096096504439406929504366585538154100321836521940977130355862402079514712 0 0 0 0 0 0 0 0 0 0 0 0 0 0 0 0 0 0 0 0 0 0 0 0 0 0 0 0 0 0 0 0 0 0 0 0 0 0 0 0 0 0 0 1 0 0 0 0 0 0 0 0 0 0 0 0 0 0 0 0 0 0 0 0 0 0 0 0 0]
[928275252417487608136273359836680191025349627266955169061243780455323920368620265055076867088990592181098746644418991211420188174328462022988803434181369731223819400073244446760547469741727638189518592384945172 0 0 0 0 0 0 0 0 0 0 0 0 0 0 0 0 0 0 0 0 0 0 0 0 0 0 0 0 0 0 0 0 0 0 0 0 0 0 0 0 0 0 0 0 1 0 0 0 0 0 0 0 0 0 0 0 0 0 0 0 0 0 0 0 0 0 0 0 0]
[2142700033478047384591520617499701491243257394509209335174464305195495797712474489651769823555659257946418929948303062617133219214745611994443835423615901332636244860929492327780813388729992178019278013150750990 0 0 0 0 0 0 0 0 0 0 0 0 0 0 0 0 0 0 0 0 0 0 0 0 0 0 0 0 0 0 0 0 0 0 0 0 0 0 0 0 0 0 0 0 0 1 0 0 0 0 0 0 0 0 0 0 0 0 0 0 0 0 0 0 0 0 0 0 0]
[997484907324855029152227891927518201625049377892579945750421781155079669658301126887061296162449177784124181099595931550572951429809510901440005752738863820238937512601881799492875829638641877634382477870874085 0 0 0 0 0 0 0 0 0 0 0 0 0 0 0 0 0 0 0 0 0 0 0 0 0 0 0 0 0 0 0 0 0 0 0 0 0 0 0 0 0 0 0 0 0 0 1 0 0 0 0 0 0 0 0 0 0 0 0 0 0 0 0 0 0 0 0 0 0]
[174518741299234239701962594345788456203052053691420325276753998456670986715414251366603700219498001399416688215746253721591952944197976989521296858340185191881928260146711487895535435834018011981144433457926076 0 0 0 0 0 0 0 0 0 0 0 0 0 0 0 0 0 0 0 0 0 0 0 0 0 0 0 0 0 0 0 0 0 0 0 0 0 0 0 0 0 0 0 0 0 0 0 1 0 0 0 0 0 0 0 0 0 0 0 0 0 0 0 0 0 0 0 0 0]
[3080298208851187377312824867656247492216807382788564644303845854781933056291096477191677167153410663578669032579025330038976723390792909203590903824051306564315900408609926067165665725146742083718162218312405051 0 0 0 0 0 0 0 0 0 0 0 0 0 0 0 0 0 0 0 0 0 0 0 0 0 0 0 0 0 0 0 0 0 0 0 0 0 0 0 0 0 0 0 0 0 0 0 0 1 0 0 0 0 0 0 0 0 0 0 0 0 0 0 0 0 0 0 0 0]
[3055947898847264801534043344042191209565406381313506788806394636864267491555716293204461830221719551822274408942392662258941840405314793260305985203835896479399165341431291586560022287084949070702154066336941307 0 0 0 0 0 0 0 0 0 0 0 0 0 0 0 0 0 0 0 0 0 0 0 0 0 0 0 0 0 0 0 0 0 0 0 0 0 0 0 0 0 0 0 0 0 0 0 0 0 1 0 0 0 0 0 0 0 0 0 0 0 0 0 0 0 0 0 0 0]
[3172432746209067565516435554094973514708636260635097339062418752709598381192483089196764180269351569599281290386870473608148743442902076552565853689631393831149589948176990948572125785718586784800399722394985454 0 0 0 0 0 0 0 0 0 0 0 0 0 0 0 0 0 0 0 0 0 0 0 0 0 0 0 0 0 0 0 0 0 0 0 0 0 0 0 0 0 0 0 0 0 0 0 0 0 0 1 0 0 0 0 0 0 0 0 0 0 0 0 0 0 0 0 0 0]
[2595370837510155230668258477921412635406477290495201518052005725935880112577263403747049977997439256947372203079294605153380701084297634782934235367410288064641579690634067650733864462590341131408253646750561292 0 0 0 0 0 0 0 0 0 0 0 0 0 0 0 0 0 0 0 0 0 0 0 0 0 0 0 0 0 0 0 0 0 0 0 0 0 0 0 0 0 0 0 0 0 0 0 0 0 0 0 1 0 0 0 0 0 0 0 0 0 0 0 0 0 0 0 0 0]
[2744652396182924012311534705437835945470640120365336950859252305155356394892694052546762253259313796920314955413733211174564616722788994860153901308078450811641199301909277970265736598778825305466993633399525076 0 0 0 0 0 0 0 0 0 0 0 0 0 0 0 0 0 0 0 0 0 0 0 0 0 0 0 0 0 0 0 0 0 0 0 0 0 0 0 0 0 0 0 0 0 0 0 0 0 0 0 0 1 0 0 0 0 0 0 0 0 0 0 0 0 0 0 0 0]
[3366820890467219704988691376507878978897940569650347734826753553442870664395565939380826977327991920931522172272915924487434119700866193080619944231064993116735742290430727129258419194445217353945664881245886263 0 0 0 0 0 0 0 0 0 0 0 0 0 0 0 0 0 0 0 0 0 0 0 0 0 0 0 0 0 0 0 0 0 0 0 0 0 0 0 0 0 0 0 0 0 0 0 0 0 0 0 0 0 1 0 0 0 0 0 0 0 0 0 0 0 0 0 0 0]
[2637370780983469430694721087326944010626219366653389339285191787808152542970243260318870871379353469587673886198319272564617516026569131034939300530327774445772697286698447218689394068449794138579777249074415953 0 0 0 0 0 0 0 0 0 0 0 0 0 0 0 0 0 0 0 0 0 0 0 0 0 0 0 0 0 0 0 0 0 0 0 0 0 0 0 0 0 0 0 0 0 0 0 0 0 0 0 0 0 0 1 0 0 0 0 0 0 0 0 0 0 0 0 0 0]
[3124360653003424928351423134308464819607869317714407564878911982106649817444255563279715678172072615116420764189139024218808327963210781408508700311507404112019112632302616112365561707214988499282651389886147854 0 0 0 0 0 0 0 0 0 0 0 0 0 0 0 0 0 0 0 0 0 0 0 0 0 0 0 0 0 0 0 0 0 0 0 0 0 0 0 0 0 0 0 0 0 0 0 0 0 0 0 0 0 0 0 1 0 0 0 0 0 0 0 0 0 0 0 0 0]
[1499746046776905016084322469752726977691308732372428965982032433483110179194995509784115352104764418980054784832249397472793460280244028924276280092002455309698486653951130927798872680857653573601646387859290190 0 0 0 0 0 0 0 0 0 0 0 0 0 0 0 0 0 0 0 0 0 0 0 0 0 0 0 0 0 0 0 0 0 0 0 0 0 0 0 0 0 0 0 0 0 0 0 0 0 0 0 0 0 0 0 0 1 0 0 0 0 0 0 0 0 0 0 0 0]
[767157365330788378226680739683414734817786163002827013133769538994605015173844992683488133906085761247415493438200423746575212343872751904743198163299848116782749517422757101885905046682544179324356481094061542 0 0 0 0 0 0 0 0 0 0 0 0 0 0 0 0 0 0 0 0 0 0 0 0 0 0 0 0 0 0 0 0 0 0 0 0 0 0 0 0 0 0 0 0 0 0 0 0 0 0 0 0 0 0 0 0 0 1 0 0 0 0 0 0 0 0 0 0 0]
[2849915757814062402174833199548300216532227150731573768896345356906755846848980161975110654392846552459227161204724795826212867950701176491917237615016618140826352122432295305720675721621043693023694130833895546 0 0 0 0 0 0 0 0 0 0 0 0 0 0 0 0 0 0 0 0 0 0 0 0 0 0 0 0 0 0 0 0 0 0 0 0 0 0 0 0 0 0 0 0 0 0 0 0 0 0 0 0 0 0 0 0 0 0 1 0 0 0 0 0 0 0 0 0 0]
[2125781541711401436014576592395422728932579350804668164709339336311786983192039546921468991169310145308540313505096296662237480870821477028405579958881024372713100869791194987283509401206775191284743659859579891 0 0 0 0 0 0 0 0 0 0 0 0 0 0 0 0 0 0 0 0 0 0 0 0 0 0 0 0 0 0 0 0 0 0 0 0 0 0 0 0 0 0 0 0 0 0 0 0 0 0 0 0 0 0 0 0 0 0 0 1 0 0 0 0 0 0 0 0 0]
[553375866473392580343327177273062787833912433426937695703141352600954898223251833751937331175686836066211081306808071534699013021604255806197234930672658860221784411585627712585058367990596356328521574195236468 0 0 0 0 0 0 0 0 0 0 0 0 0 0 0 0 0 0 0 0 0 0 0 0 0 0 0 0 0 0 0 0 0 0 0 0 0 0 0 0 0 0 0 0 0 0 0 0 0 0 0 0 0 0 0 0 0 0 0 0 1 0 0 0 0 0 0 0 0]
[1468430361613218503029993411111661540287464764343272946896580923260136390338009866093529922292428100938312988380613371899927025809951510429793363147645791859644450595440303571355714797129937954329819354489281608 0 0 0 0 0 0 0 0 0 0 0 0 0 0 0 0 0 0 0 0 0 0 0 0 0 0 0 0 0 0 0 0 0 0 0 0 0 0 0 0 0 0 0 0 0 0 0 0 0 0 0 0 0 0 0 0 0 0 0 0 0 1 0 0 0 0 0 0 0]
[788307359621206180274974850449781714792715443088026066580281681302071394577631208290120341423011305182939531151954947906226151824942912028068778045762121729394820453909597336918105662753014023403090389951186653 0 0 0 0 0 0 0 0 0 0 0 0 0 0 0 0 0 0 0 0 0 0 0 0 0 0 0 0 0 0 0 0 0 0 0 0 0 0 0 0 0 0 0 0 0 0 0 0 0 0 0 0 0 0 0 0 0 0 0 0 0 0 1 0 0 0 0 0 0]
[3134827970749313614913138439532285023150517644825860734861316473313953649467449606870733878448374379571305034319828784856614129311747636122706632594013755249401961757632612281676751402834474274229683064197575433 0 0 0 0 0 0 0 0 0 0 0 0 0 0 0 0 0 0 0 0 0 0 0 0 0 0 0 0 0 0 0 0 0 0 0 0 0 0 0 0 0 0 0 0 0 0 0 0 0 0 0 0 0 0 0 0 0 0 0 0 0 0 0 1 0 0 0 0 0]
[1197541066534017921392186453654531395173236379510143650241835589796947034276458588718264412209080315799352539833601690867676916500264711924153870900836419983317663077948802956016812469327030822758006346909583992 0 0 0 0 0 0 0 0 0 0 0 0 0 0 0 0 0 0 0 0 0 0 0 0 0 0 0 0 0 0 0 0 0 0 0 0 0 0 0 0 0 0 0 0 0 0 0 0 0 0 0 0 0 0 0 0 0 0 0 0 0 0 0 0 1 0 0 0 0]
[2137076994379678128528915457664112658280065173146878414391402392860939919676825875088427870419876911201023819123120855471359362790971856364600273974302557808759836948989438317289084925990071717576964794507804507 0 0 0 0 0 0 0 0 0 0 0 0 0 0 0 0 0 0 0 0 0 0 0 0 0 0 0 0 0 0 0 0 0 0 0 0 0 0 0 0 0 0 0 0 0 0 0 0 0 0 0 0 0 0 0 0 0 0 0 0 0 0 0 0 0 1 0 0 0]
[936882388430531945029285409491365941277124407495921172212744752276707325263086872642263626137249503646972872764761450077177816321247649971099777576140466704906623268822988009492605094271929998513403201184592236 0 0 0 0 0 0 0 0 0 0 0 0 0 0 0 0 0 0 0 0 0 0 0 0 0 0 0 0 0 0 0 0 0 0 0 0 0 0 0 0 0 0 0 0 0 0 0 0 0 0 0 0 0 0 0 0 0 0 0 0 0 0 0 0 0 0 1 0 0]
[331584507192148412283151707140463135017775789283539255778446600844606953671156437072395666474936401664694020168731761664574176427445425132344469047145810478120867725929264807543813612259088197257999085273290044 0 0 0 0 0 0 0 0 0 0 0 0 0 0 0 0 0 0 0 0 0 0 0 0 0 0 0 0 0 0 0 0 0 0 0 0 0 0 0 0 0 0 0 0 0 0 0 0 0 0 0 0 0 0 0 0 0 0 0 0 0 0 0 0 0 0 0 1 0]
[2633837394669047569308311546989844041531354919368023613443325874326382799901694707376896312392054256908281197574694362501476697789524400965250636103763059928255667956210882494352646802333228685543679143270283937 0 0 0 0 0 0 0 0 0 0 0 0 0 0 0 0 0 0 0 0 0 0 0 0 0 0 0 0 0 0 0 0 0 0 0 0 0 0 0 0 0 0 0 0 0 0 0 0 0 0 0 0 0 0 0 0 0 0 0 0 0 0 0 0 0 0 0 0 1]
]
70 71 1
[1 1 1 1 1 1 1 1 1 1 1 1 1 1 1 1 1 1 1 1 1 1 1 1 1 1 1 1 1 1 1 1 1 1 1 1 1 1 1 1 1 1 1 1 1 1 1 1 1 1 1 1 1 1 1 1 1 1 1 1 1 1 1 1 1 1 1 1 1 1 1]
