[[3649334845147072718952993853543919230711599156699267452411513304735853464291930792342465661676198298987845160338174561431382444122360741390502156406857354117898852020231777044066809677785076657448424425796662251 0 0 0 0 0 0 0 0 0 0 0 0 0 0 0 0 0 0 0 0 0 0 0 0 0 0 0 0 0 0 0 0 0 0 0 0 0 0 0 0 0 0 0 0 0 0 0 0 0 0 0 0 0 0 0 0 0 0 0 0 0 0 0 0 0 0 0 0 0]
[1512795263245277998389697183575814868674086651107162582058949556001993576391824973808553091333095342222556960131572242662828604297528201759282867493978419654414490057092747609400834512553292396918273711069266083 1 0 0 0 0 0 0 0 0 0 0 0 0 0 0 0 0 0 0 0 0 0 0 0 0 0 0 0 0 0 0 0 0 0 0 0 0 0 0 0 0 0 0 0 0 0 0 0 0 0 0 0 0 0 0 0 0 0 0 0 0 0 0 0 0 0 0 0 0]
[979044979296481970220778423343609289220997053920901214389759700556191102856226237227003126675986148508720873908981815075468606067835068129054677977952349737381907934878332292899476465179821744886034162784961032 0 1 0 0 0 0 0 0 0 0 0 0 0 0 0 0 0 0 0 0 0 0 0 0 0 0 0 0 0 0 0 0 0 0 0 0 0 0 0 0 0 0 0 0 0 0 0 0 0 0 0 0 0 0 0 0 0 0 0 0 0 0 0 0 0 0 0 0 0]
[3510355712287247804093845650728302048638197067451526259823231749648507274029635550133586965839214296758561349323932255695765020109942505731427785470027950295188422189284845046538087423108458196705454941734185796 0 0 1 0 0 0 0 0 0 0 0 0 0 0 0 0 0 0 0 0 0 0 0 0 0 0 0 0 0 0 0 0 0 0 0 0 0 0 0 0 0 0 0 0 0 0 0 0 0 0 0 0 0 0 0 0 0 0 0 0 0 0 0 0 0 0 0 0 0]
[3282345395065217254710092710093383543032378271584783169045104216679021339399766643979259620556575012801513654973840055024229047082589269988827013687124869351882076970895149327597869088851027678736024167743063183 0 0 0 1 0 0 0 0 0 0 0 0 0 0 0 0 0 0 0 0 0 0 0 0 0 0 0 0 0 0 0 0 0 0 0 0 0 0 0 0 0 0 0 0 0 0 0 0 0 0 0 0 0 0 0 0 0 0 0 0 0 0 0 0 0 0 0 0 0]
[2457598423863302434899305452192321893772807186217370446495309910545758579809944802148133311461293386358657104763686468009838996785888799357757559200104108233261854731776269353302199826037641412876785074012744205 0 0 0 0 1 0 0 0 0 0 0 0 0 0 0 0 0 0 0 0 0 0 0 0 0 0 0 0 0 0 0 0 0 0 0 0 0 0 0 0 0 0 0 0 0 0 0 0 0 0 0 0 0 0 0 0 0 0 0 0 0 0 0 0 0 0 0 0 0]
[828493884355471016125067288992958973376105876413764962327991075695037568801614905369936500865683447540352232437134546742277013461748580258700762820292574206430263885901848295299998534068037940195518633653442784 0 0 0 0 0 1 0 0 0 0 0 0 0 0 0 0 0 0 0 0 0 0 0 0 0 0 0 0 0 0 0 0 0 0 0 0 0 0 0 0 0 0 0 0 0 0 0 0 0 0 0 0 0 0 0 0 0 0 0 0 0 0 0 0 0 0 0 0 0]
[1466437938041751879135308401679483743136103098761528503031498585358740339449852753655701538902053186319284029811614586406016490817239851786123762465903822442794416475875608413742377605345486478790087155274642791 0 0 0 0 0 0 1 0 0 0 0 0 0 0 0 0 0 0 0 0 0 0 0 0 0 0 0 0 0 0 0 0 0 0 0 0 0 0 0 0 0 0 0 0 0 0 0 0 0 0 0 0 0 0 0 0 0 0 0 0 0 0 0 0 0 0 0 0 0]
[3548364744912770737593107886643341148212017131782044976748727222825768934687426520290581548446120742006150156799010427047618875359337975301948885638234370039289187854314041905163604555193457225393791072178329923 0 0 0 0 0 0 0 1 0 0 0 0 0 0 0 0 0 0 0 0 0 0 0 0 0 0 0 0 0 0 0 0 0 0 0 0 0 0 0 0 0 0 0 0 0 0 0 0 0 0 0 0 0 0 0 0 0 0 0 0 0 0 0 0 0 0 0 0 0]
[2484024329664594112561123458593964809924123790929177312897826541778765164869181944815693707743148045661483286526608189951011141261276787819305264855777146662825114452172418205793361045816822659552388205208553360 0 0 0 0 0 0 0 0 1 0 0 0 0 0 0 0 0 0 0 0 0 0 0 0 0 0 0 0 0 0 0 0 0 0 0 0 0 0 0 0 0 0 0 0 0 0 0 0 0 0 0 0 0 0 0 0 0 0 0 0 0 0 0 0 0 0 0 0 0]
[688612901181748419227589181176497963338308403483471400117915074426898264931368350469147851277929844020800359337396790066322070284467412658181815228764734193481029925657738681646385060950130886773546211641692608 0 0 0 0 0 0 0 0 0 1 0 0 0 0 0 0 0 0 0 0 0 0 0 0 0 0 0 0 0 0 0 0 0 0 0 0 0 0 0 0 0 0 0 0 0 0 0 0 0 0 0 0 0 0 0 0 0 0 0 0 0 0 0 0 0 0 0 0 0]
[829147202241844527114554365629750908956206448727131534905463758004027096146847247835417691839372106201190239094426383742573615395747939001884351681215530672620782483746817786913980958693889082844220752460314863 0 0 0 0 0 0 0 0 0 0 1 0 0 0 0 0 0 0 0 0 0 0 0 0 0 0 0 0 0 0 0 0 0 0 0 0 0 0 0 0 0 0 0 0 0 0 0 0 0 0 0 0 0 0 0 0 0 0 0 0 0 0 0 0 0 0 0 0 0]
[1277789116053672850498338273696837018888175494549506220750797079606089058988173326568064500302367921485202558552326110919431317607776801000019478772075156235185421698217271498994719804248904751241965810478685761 0 0 0 0 0 0 0 0 0 0 0 1 0 0 0 0 0 0 0 0 0 0 0 0 0 0 0 0 0 0 0 0 0 0 0 0 0 0 0 0 0 0 0 0 0 0 0 0 0 0 0 0 0 0 0 0 0 0 0 0 0 0 0 0 0 0 0 0 0]
[472154964350021772123735630955447012539267298054546726460802178266865545372050440257661040451242148369337935608959479955953109756824137188207059315869444473727851485128815761331220579796711235100258078108104225 0 0 0 0 0 0 0 0 0 0 0 0 1 0 0 0 0 0 0 0 0 0 0 0 0 0 0 0 0 0 0 0 0 0 0 0 0 0 0 0 0 0 0 0 0 0 0 0 0 0 0 0 0 0 0 0 0 0 0 0 0 0 0 0 0 0 0 0 0]
[2811364019426738437933584399650824132530431617068348636461249945149912228481909886318944388744381633297527098243021728354130118893680925766837236947958466047509785800111623590020757459863785963619424053473559496 0 0 0 0 0 0 0 0 0 0 0 0 0 1 0 0 0 0 0 0 0 0 0 0 0 0 0 0 0 0 0 0 0 0 0 0 0 0 0 0 0 0 0 0 0 0 0 0 0 0 0 0 0 0 0 0 0 0 0 0 0 0 0 0 0 0 0 0 0]
[1985053718319472198706402300098265398342688709367374651254444799536841727545849415421772510919258515658765709951004201398559735813141778654481780033897122887054966416257315095976023775194592598757735217869989194 0 0 0 0 0 0 0 0 0 0 0 0 0 0 1 0 0 0 0 0 0 0 0 0 0 0 0 0 0 0 0 0 0 0 0 0 0 0 0 0 0 0 0 0 0 0 0 0 0 0 0 0 0 0 0 0 0 0 0 0 0 0 0 0 0 0 0 0 0]
[3229805554489214573813329272301557608109330682300026425314051534177307712642984985130850876885464989865940986838744642910736681334161646477665614203072142762166024717861533585831983265441788152862813451661014872 0 0 0 0 0 0 0 0 0 0 0 0 0 0 0 1 0 0 0 0 0 0 0 0 0 0 0 0 0 0 0 0 0 0 0 0 0 0 0 0 0 0 0 0 0 0 0 0 0 0 0 0 0 0 0 0 0 0 0 0 0 0 0 0 0 0 0 0 0]
[2888638740471202700266582638618693647414187424802481646802843480390553235898587715170556404115937183691115176923775545115536011483924957519258727647003711406876808752729092512567770411574016645130140443406625655 0 0 0 0 0 0 0 0 0 0 0 0 0 0 0 0 1 0 0 0 0 0 0 0 0 0 0 0 0 0 0 0 0 0 0 0 0 0 0 0 0 0 0 0 0 0 0 0 0 0 0 0 0 0 0 0 0 0 0 0 0 0 0 0 0 0 0 0 0]
[3149091170882134507197344417259749163696328502072049949176979704480659851530730382386498134054287533186191493473864201520035705007373719172948048193876684952615316672057827462085574181477726364131707148539402254 0 0 0 0 0 0 0 0 0 0 0 0 0 0 0 0 0 1 0 0 0 0 0 0 0 0 0 0 0 0 0 0 0 0 0 0 0 0 0 0 0 0 0 0 0 0 0 0 0 0 0 0 0 0 0 0 0 0 0 0 0 0 0 0 0 0 0 0 0]
[2940696196303351134638410021800971630799352909382079504704169570612552147878394021983440422953551951854108942685890794139422444930542405811365025710230567564376247311430679524087018161132163742986871938020366334 0 0 0 0 0 0 0 0 0 0 0 0 0 0 0 0 0 0 1 0 0 0 0 0 0 0 0 0 0 0 0 0 0 0 0 0 0 0 0 0 0 0 0 0 0 0 0 0 0 0 0 0 0 0 0 0 0 0 0 0 0 0 0 0 0 0 0 0 0]
[182269345681820022685753859080048807912527644063687955911724836179726083929965976718055362285770369449078827411686839714994151701904187999940395977085943355064965669585031290854057392864522267660891397246001414 0 0 0 0 0 0 0 0 0 0 0 0 0 0 0 0 0 0 0 1 0 0 0 0 0 0 0 0 0 0 0 0 0 0 0 0 0 0 0 0 0 0 0 0 0 0 0 0 0 0 0 0 0 0 0 0 0 0 0 0 0 0 0 0 0 0 0 0 0]
[1353773945593852964400220698440851165676800343761496869783407897873248020071612523019189639141745215260854091645669493054875666244361927711188244574408200020939892105944045685062480476439269248912505466326786194 0 0 0 0 0 0 0 0 0 0 0 0 0 0 0 0 0 0 0 0 1 0 0 0 0 0 0 0 0 0 0 0 0 0 0 0 0 0 0 0 0 0 0 0 0 0 0 0 0 0 0 0 0 0 0 0 0 0 0 0 0 0 0 0 0 0 0 0 0]
[1947374011134984430692219214282101609390951232206254707225464265766434969344030211936831649838393004566626032393969517957756902778056238580718158469225570344877778574000362391201393837494352702443803256715380727 0 0 0 0 0 0 0 0 0 0 0 0 0 0 0 0 0 0 0 0 0 1 0 0 0 0 0 0 0 0 0 0 0 0 0 0 0 0 0 0 0 0 0 0 0 0 0 0 0 0 0 0 0 0 0 0 0 0 0 0 0 0 0 0 0 0 0 0 0]
[507028193212845875264683546023261754560019446956195301140987668794950270777899469525495666832520238986909824633845431372911760962800005203021857950433034959935704212592570412302261261543262172466273128893269530 0 0 0 0 0 0 0 0 0 0 0 0 0 0 0 0 0 0 0 0 0 0 1 0 0 0 0 0 0 0 0 0 0 0 0 0 0 0 0 0 0 0 0 0 0 0 0 0 0 0 0 0 0 0 0 0 0 0 0 0 0 0 0 0 0 0 0 0 0]
[183961366882105557412630977548544053271881609310655113835221290289689847288173493147386106860140562365854383525068677091889138987763351294759029683936203806514354635551691236146067889895552619122787125721018963 0 0 0 0 0 0 0 0 0 0 0 0 0 0 0 0 0 0 0 0 0 0 0 1 0 0 0 0 0 0 0 0 0 0 0 0 0 0 0 0 0 0 0 0 0 0 0 0 0 0 0 0 0 0 0 0 0 0 0 0 0 0 0 0 0 0 0 0 0]
[3349902640533180694324210196775483641207177139219079831689190753726373912332735643548040293907154693936576483742701104820327404802482533273196046122129329419972778807076788966484561747853116006471825825369159237 0 0 0 0 0 0 0 0 0 0 0 0 0 0 0 0 0 0 0 0 0 0 0 0 1 0 0 0 0 0 0 0 0 0 0 0 0 0 0 0 0 0 0 0 0 0 0 0 0 0 0 0 0 0 0 0 0 0 0 0 0 0 0 0 0 0 0 0 0]
[73691054259273203416901190936066190186957233635622235327627574833088048732976346072842702664465874835692947130487553203481107974788652979814525187877003780698062421356178750547500617827849839000575558192486027 0 0 0 0 0 0 0 0 0 0 0 0 0 0 0 0 0 0 0 0 0 0 0 0 0 1 0 0 0 0 0 0 0 0 0 0 0 0 0 0 0 0 0 0 0 0 0 0 0 0 0 0 0 0 0 0 0 0 0 0 0 0 0 0 0 0 0 0 0]
[1661370828901271235801495376848591665500787180550910907930966944097971580558128651889986044370781470424103887276720644127868838853167478138333171155708553629611783324483032044230028053307484368601509210198190631 0 0 0 0 0 0 0 0 0 0 0 0 0 0 0 0 0 0 0 0 0 0 0 0 0 0 1 0 0 0 0 0 0 0 0 0 0 0 0 0 0 0 0 0 0 0 0 0 0 0 0 0 0 0 0 0 0 0 0 0 0 0 0 0 0 0 0 0 0]
[1532051817344451673491362067544810113710983605251837510667235636871370081797373556958337614363167887327071747498409364496449100062797045580480344719334296825781259657462878107991674642312329209965233459830150656 0 0 0 0 0 0 0 0 0 0 0 0 0 0 0 0 0 0 0 0 0 0 0 0 0 0 0 1 0 0 0 0 0 0 0 0 0 0 0 0 0 0 0 0 0 0 0 0 0 0 0 0 0 0 0 0 0 0 0 0 0 0 0 0 0 0 0 0 0]
[1486508106655520483256774672108954715330787383273002912625925101633877512158581641754539021991450673525134765709366962733635210193569161466659295017818629396429841168954186561483535677201404802907821759878673065 0 0 0 0 0 0 0 0 0 0 0 0 0 0 0 0 0 0 0 0 0 0 0 0 0 0 0 0 1 0 0 0 0 0 0 0 0 0 0 0 0 0 0 0 0 0 0 0 0 0 0 0 0 0 0 0 0 0 0 0 0 0 0 0 0 0 0 0 0]
[1434723854667780607339585546425932643650449304928755904820577182317071534117350640129680026500856025780939367075657143999763978218708395242959360435912688800519694453550548312350995280407445881169118856429772222 0 0 0 0 0 0 0 0 0 0 0 0 0 0 0 0 0 0 0 0 0 0 0 0 0 0 0 0 0 1 0 0 0 0 0 0 0 0 0 0 0 0 0 0 0 0 0 0 0 0 0 0 0 0 0 0 0 0 0 0 0 0 0 0 0 0 0 0 0]
[779123518332052153478480362926152136426928190608661630398880418686184624609225745406745333096498999702806350402307737342853196574072955947720439670819722394648836332017658858261713161087308140506843678255826643 0 0 0 0 0 0 0 0 0 0 0 0 0 0 0 0 0 0 0 0 0 0 0 0 0 0 0 0 0 0 1 0 0 0 0 0 0 0 0 0 0 0 0 0 0 0 0 0 0 0 0 0 0 0 0 0 0 0 0 0 0 0 0 0 0 0 0 0 0]
[3419815251432630267993599390937647863910309880540590308534643418190669639773435958099737344270694298196932576256284915648084996298051915475239138361794025803895251809037547321742699732895280474379292207681938600 0 0 0 0 0 0 0 0 0 0 0 0 0 0 0 0 0 0 0 0 0 0 0 0 0 0 0 0 0 0 0 1 0 0 0 0 0 0 0 0 0 0 0 0 0 0 0 0 0 0 0 0 0 0 0 0 0 0 0 0 0 0 0 0 0 0 0 0 0]
[2371643276224770360520064853529836348900271584889942212831025804125696180004555111884911648791260712153543035466895447926379001316982649763470564530630454838284472842979864418156808116708187075717811804818156401 0 0 0 0 0 0 0 0 0 0 0 0 0 0 0 0 0 0 0 0 0 0 0 0 0 0 0 0 0 0 0 0 1 0 0 0 0 0 0 0 0 0 0 0 0 0 0 0 0 0 0 0 0 0 0 0 0 0 0 0 0 0 0 0 0 0 0 0 0]
[3545929440574193000444629404052254596689679361603055478808987110818538041036411135286981641472255031731084629853006546231569600849260354311327497634015331745927541110701151601599348303017004532286893696806106423 0 0 0 0 0 0 0 0 0 0 0 0 0 0 0 0 0 0 0 0 0 0 0 0 0 0 0 0 0 0 0 0 0 1 0 0 0 0 0 0 0 0 0 0 0 0 0 0 0 0 0 0 0 0 0 0 0 0 0 0 0 0 0 0 0 0 0 0 0]
[1476447633601280730885126235731418082562370431399041159915532924660239553696757550828367571267957309527264598791308899403839698762229298834541293847669769439058344487877651887681155601188141287164946058722320346 0 0 0 0 0 0 0 0 0 0 0 0 0 0 0 0 0 0 0 0 0 0 0 0 0 0 0 0 0 0 0 0 0 0 1 0 0 0 0 0 0 0 0 0 0 0 0 0 0 0 0 0 0 0 0 0 0 0 0 0 0 0 0 0 0 0 0 0 0]
[2875505554474941310360459919267440792571151680901382748969984611741167895666679613012657457951978892094888153911818552062484019197512969564663055536788172815141006746714709864240524628613404422703649431853204589 0 0 0 0 0 0 0 0 0 0 0 0 0 0 0 0 0 0 0 0 0 0 0 0 0 0 0 0 0 0 0 0 0 0 0 1 0 0 0 0 0 0 0 0 0 0 0 0 0 0 0 0 0 0 0 0 0 0 0 0 0 0 0 0 0 0 0 0 0]
[751531104485717205775730459532775263537450362531896626353434020213035543944526524298322075757881273689017789932208542933782326848907427922081912900531405561656670984814446202473621767697289647664246734555249311 0 0 0 0 0 0 0 0 0 0 0 0 0 0 0 0 0 0 0 0 0 0 0 0 0 0 0 0 0 0 0 0 0 0 0 0 1 0 0 0 0 0 0 0 0 0 0 0 0 0 0 0 0 0 0 0 0 0 0 0 0 0 0 0 0 0 0 0 0]
[3274468732699723296587171170721645741871110592338784595312178491083867388787541495837813330570144400328535612235531030021724833374905586673474219674070495892754374651928969083776321743513441869476724807227429744 0 0 0 0 0 0 0 0 0 0 0 0 0 0 0 0 0 0 0 0 0 0 0 0 0 0 0 0 0 0 0 0 0 0 0 0 0 1 0 0 0 0 0 0 0 0 0 0 0 0 0 0 0 0 0 0 0 0 0 0 0 0 0 0 0 0 0 0 0]
[379328504557574323386033422933613910566060767797647775317783659931118699460872392924415498330394693065054407594041469239826523634251284969858104475085849799376815513205635565501432594693936405590290636951487927 0 0 0 0 0 0 0 0 0 0 0 0 0 0 0 0 0 0 0 0 0 0 0 0 0 0 0 0 0 0 0 0 0 0 0 0 0 0 1 0 0 0 0 0 0 0 0 0 0 0 0 0 0 0 0 0 0 0 0 0 0 0 0 0 0 0 0 0 0]
[2401359466605744465362185144260900944042248142402939364073547930669440551059205500254295448618149149038371425092122353984896056201797674852988796406163728495514750542847441049481477259267308912083754718411530704 0 0 0 0 0 0 0 0 0 0 0 0 0 0 0 0 0 0 0 0 0 0 0 0 0 0 0 0 0 0 0 0 0 0 0 0 0 0 0 1 0 0 0 0 0 0 0 0 0 0 0 0 0 0 0 0 0 0 0 0 0 0 0 0 0 0 0 0 0]
[3359131221510308681221704255959475811778641464039438004892581204903627871785091762384828029966011059747584549830194420979774658369199173766307292937936738052269024423423299028960255037476652445281827775409788982 0 0 0 0 0 0 0 0 0 0 0 0 0 0 0 0 0 0 0 0 0 0 0 0 0 0 0 0 0 0 0 0 0 0 0 0 0 0 0 0 1 0 0 0 0 0 0 0 0 0 0 0 0 0 0 0 0 0 0 0 0 0 0 0 0 0 0 0 0]
[744166148939054531691736985543891019220136160043376419355022098927974077690441988782694752601798833170324249493997173121238977105203110034846021863588081279098269767938418726675711953966967559422977845033737823 0 0 0 0 0 0 0 0 0 0 0 0 0 0 0 0 0 0 0 0 0 0 0 0 0 0 0 0 0 0 0 0 0 0 0 0 0 0 0 0 0 1 0 0 0 0 0 0 0 0 0 0 0 0 0 0 0 0 0 0 0 0 0 0 0 0 0 0 0]
[2735661096600246264951116641986247772506175124806939037400251243142870412139257837683106079573063894337887878766776129431699795395665081821123383081174163695993223735071869678591554193878756349196135810359133270 0 0 0 0 0 0 0 0 0 0 0 0 0 0 0 0 0 0 0 0 0 0 0 0 0 0 0 0 0 0 0 0 0 0 0 0 0 0 0 0 0 0 1 0 0 0 0 0 0 0 0 0 0 0 0 0 0 0 0 0 0 0 0 0 0 0 0 0 0]
[3285442311308913598305592691543480182786963397723976295876829732846582230803754534176896754950907106734637992402553730977640144773266481928490155850571750345221149297016121164154948606572173911906575962270814773 0 0 0 0 0 0 0 0 0 0 0 0 0 0 0 0 0 0 0 0 0 0 0 0 0 0 0 0 0 0 0 0 0 0 0 0 0 0 0 0 0 0 0 1 0 0 0 0 0 0 0 0 0 0 0 0 0 0 0 0 0 0 0 0 0 0 0 0 0]
[2626137170327191702544784159954327943525158913185519643987197037607799599843263253456098133047503744389583841438166636673015488216814286360503842180976809587427940675042179074429785977001063219340850412151982854 0 0 0 0 0 0 0 0 0 0 0 0 0 0 0 0 0 0 0 0 0 0 0 0 0 0 0 0 0 0 0 0 0 0 0 0 0 0 0 0 0 0 0 0 1 0 0 0 0 0 0 0 0 0 0 0 0 0 0 0 0 0 0 0 0 0 0 0 0]
[2622354190710418127269184677360036706267826255362062389948222013386726358318447401270994601641919426371178572344759994965150433989746251524347772652754665052968868558999666840696659099008586853884132415679118637 0 0 0 0 0 0 0 0 0 0 0 0 0 0 0 0 0 0 0 0 0 0 0 0 0 0 0 0 0 0 0 0 0 0 0 0 0 0 0 0 0 0 0 0 0 1 0 0 0 0 0 0 0 0 0 0 0 0 0 0 0 0 0 0 0 0 0 0 0]
[3623149545153492143376074171366493088304086591393104877924777965619976854409308705254359947875003038659483708009257316661310090611776974521211167077742566292530196686855204262691311620299010665013536022429672108 0 0 0 0 0 0 0 0 0 0 0 0 0 0 0 0 0 0 0 0 0 0 0 0 0 0 0 0 0 0 0 0 0 0 0 0 0 0 0 0 0 0 0 0 0 0 1 0 0 0 0 0 0 0 0 0 0 0 0 0 0 0 0 0 0 0 0 0 0]
[762760054685875089801477042498111163190154498646955643920204314463344375947412662883317363736473713286287022892952209505608598921672864503470091254070964209032209704712913023997399485120633222051657422619563637 0 0 0 0 0 0 0 0 0 0 0 0 0 0 0 0 0 0 0 0 0 0 0 0 0 0 0 0 0 0 0 0 0 0 0 0 0 0 0 0 0 0 0 0 0 0 0 1 0 0 0 0 0 0 0 0 0 0 0 0 0 0 0 0 0 0 0 0 0]
[1521042693659357410007799888243197304132308494673469777386790070690158234282518067728899703521273055056697882794171565140937133454622341788646410059015963331274312791237529711567912033126043428290088077186108965 0 0 0 0 0 0 0 0 0 0 0 0 0 0 0 0 0 0 0 0 0 0 0 0 0 0 0 0 0 0 0 0 0 0 0 0 0 0 0 0 0 0 0 0 0 0 0 0 1 0 0 0 0 0 0 0 0 0 0 0 0 0 0 0 0 0 0 0 0]
[963635164330627465152763500716850426143440958241001185277186332110192883725149724864271195047329316703301206029003178287673360291244324889039003958826944660185533999323339431176883102004870329571199686815231622 0 0 0 0 0 0 0 0 0 0 0 0 0 0 0 0 0 0 0 0 0 0 0 0 0 0 0 0 0 0 0 0 0 0 0 0 0 0 0 0 0 0 0 0 0 0 0 0 0 1 0 0 0 0 0 0 0 0 0 0 0 0 0 0 0 0 0 0 0]
[1807067610739550789821224837443520372412073427576491366698027787016080966377360276184618438615617664487581980593390855881591369604082162383814582291913079958830434977579211094182697307688651380869281226465748679 0 0 0 0 0 0 0 0 0 0 0 0 0 0 0 0 0 0 0 0 0 0 0 0 0 0 0 0 0 0 0 0 0 0 0 0 0 0 0 0 0 0 0 0 0 0 0 0 0 0 1 0 0 0 0 0 0 0 0 0 0 0 0 0 0 0 0 0 0]
[725588099321499968899097567451180972587099047774380850448110084104350963379356471777287858578187978646673409134076365723683111918688423682632084175432766472652276549232073481861134037235407314232682566590254842 0 0 0 0 0 0 0 0 0 0 0 0 0 0 0 0 0 0 0 0 0 0 0 0 0 0 0 0 0 0 0 0 0 0 0 0 0 0 0 0 0 0 0 0 0 0 0 0 0 0 0 1 0 0 0 0 0 0 0 0 0 0 0 0 0 0 0 0 0]
[159413355535248391091146935698788427881837989604747810161498241751180592201972253808414883523755252535063163989997262956062978402271588886121954813862807181143588306612983083501498987378748922530850820634325858 0 0 0 0 0 0 0 0 0 0 0 0 0 0 0 0 0 0 0 0 0 0 0 0 0 0 0 0 0 0 0 0 0 0 0 0 0 0 0 0 0 0 0 0 0 0 0 0 0 0 0 0 1 0 0 0 0 0 0 0 0 0 0 0 0 0 0 0 0]
[2039407278924166978364854360734218347051641651499864663605084174719560768598268251795644911150897122475653222488152356405386641247503823408880387959484652989581105582906856683779640844475877419875482921434107751 0 0 0 0 0 0 0 0 0 0 0 0 0 0 0 0 0 0 0 0 0 0 0 0 0 0 0 0 0 0 0 0 0 0 0 0 0 0 0 0 0 0 0 0 0 0 0 0 0 0 0 0 0 1 0 0 0 0 0 0 0 0 0 0 0 0 0 0 0]
[181370311757974504988155868936476900125692775630376416833195810128494312946631593119199161606951433239883856646309807310920963444317177504965171962628003250994539983281741256444650896771348950191060576034702335 0 0 0 0 0 0 0 0 0 0 0 0 0 0 0 0 0 0 0 0 0 0 0 0 0 0 0 0 0 0 0 0 0 0 0 0 0 0 0 0 0 0 0 0 0 0 0 0 0 0 0 0 0 0 1 0 0 0 0 0 0 0 0 0 0 0 0 0 0]
[857465736329181683637833680114896145288909113794469790479826891072580126017213262820616134512427057445404798490142053121963721647352860884288946714016352751110526876815811208194193401790666267224634659257714363 0 0 0 0 0 0 0 0 0 0 0 0 0 0 0 0 0 0 0 0 0 0 0 0 0 0 0 0 0 0 0 0 0 0 0 0 0 0 0 0 0 0 0 0 0 0 0 0 0 0 0 0 0 0 0 1 0 0 0 0 0 0 0 0 0 0 0 0 0]
[2351978883048886015026391833343358911038276797271856924410531975318030145349815696623691860280159766310175421713467904074210578604128426606272196913311922359211265800931522834217016498457295141010399128976129161 0 0 0 0 0 0 0 0 0 0 0 0 0 0 0 0 0 0 0 0 0 0 0 0 0 0 0 0 0 0 0 0 0 0 0 0 0 0 0 0 0 0 0 0 0 0 0 0 0 0 0 0 0 0 0 0 1 0 0 0 0 0 0 0 0 0 0 0 0]
[3351305684554022634733359351248249359658702287338459902497870616480130098649547076628723710425958916748643335988988698001936705486846576220174105710866696949169661948649362148593663263097970015598594413493859002 0 0 0 0 0 0 0 0 0 0 0 0 0 0 0 0 0 0 0 0 0 0 0 0 0 0 0 0 0 0 0 0 0 0 0 0 0 0 0 0 0 0 0 0 0 0 0 0 0 0 0 0 0 0 0 0 0 1 0 0 0 0 0 0 0 0 0 0 0]
[1130482021274693087370213912152143156483467440850782093542842229736576995751999377246567846734536574826723555597129179736005171932729190088708026173388365232728487941009014772628783232977286634405999535195175890 0 0 0 0 0 0 0 0 0 0 0 0 0 0 0 0 0 0 0 0 0 0 0 0 0 0 0 0 0 0 0 0 0 0 0 0 0 0 0 0 0 0 0 0 0 0 0 0 0 0 0 0 0 0 0 0 0 0 1 0 0 0 0 0 0 0 0 0 0]
[108527166856753444532588759757193310594311420377298498417652029426455025488956338460463950287998154605913446308813716807274302930487964816451087161820409599735895747816488627787258653048804475545334125907383747 0 0 0 0 0 0 0 0 0 0 0 0 0 0 0 0 0 0 0 0 0 0 0 0 0 0 0 0 0 0 0 0 0 0 0 0 0 0 0 0 0 0 0 0 0 0 0 0 0 0 0 0 0 0 0 0 0 0 0 1 0 0 0 0 0 0 0 0 0]
[1429685995329760773821128075662790308977925127283198878125490727831623938517561310609010745517649564740207800609990128951582780175385054998048318063018969520945394460290812629819056684690220094820946099140910039 0 0 0 0 0 0 0 0 0 0 0 0 0 0 0 0 0 0 0 0 0 0 0 0 0 0 0 0 0 0 0 0 0 0 0 0 0 0 0 0 0 0 0 0 0 0 0 0 0 0 0 0 0 0 0 0 0 0 0 0 1 0 0 0 0 0 0 0 0]
[249520286804422119354006807542662815350350627542708656603036975117147652911775372639345398823170959131889396269600007340583595957137815380764971700981583081166345945236598931238864535531762616879454672932333296 0 0 0 0 0 0 0 0 0 0 0 0 0 0 0 0 0 0 0 0 0 0 0 0 0 0 0 0 0 0 0 0 0 0 0 0 0 0 0 0 0 0 0 0 0 0 0 0 0 0 0 0 0 0 0 0 0 0 0 0 0 1 0 0 0 0 0 0 0]
[3625349772641223536567851240579362131725294268886260984619122927112855339678439007394180875616090346691843460583624317941053814311234859849465603913493876927941898861203571843699343753907065186596953611922759184 0 0 0 0 0 0 0 0 0 0 0 0 0 0 0 0 0 0 0 0 0 0 0 0 0 0 0 0 0 0 0 0 0 0 0 0 0 0 0 0 0 0 0 0 0 0 0 0 0 0 0 0 0 0 0 0 0 0 0 0 0 0 1 0 0 0 0 0 0]
[392052400322877641511073328160906468424297231523058350012734672697655803717659071615603731690019624491622441169579027950412651474207426571698200250883618884318720385093779111052051489994308326912443377900784893 0 0 0 0 0 0 0 0 0 0 0 0 0 0 0 0 0 0 0 0 0 0 0 0 0 0 0 0 0 0 0 0 0 0 0 0 0 0 0 0 0 0 0 0 0 0 0 0 0 0 0 0 0 0 0 0 0 0 0 0 0 0 0 1 0 0 0 0 0]
[3181211352038663349130308763193522400040111256279621988689943052409136616744235181835908008673206907789928390638177543947819977063320753342641134566091856402597833923855572704916319065283677327665640104021957001 0 0 0 0 0 0 0 0 0 0 0 0 0 0 0 0 0 0 0 0 0 0 0 0 0 0 0 0 0 0 0 0 0 0 0 0 0 0 0 0 0 0 0 0 0 0 0 0 0 0 0 0 0 0 0 0 0 0 0 0 0 0 0 0 1 0 0 0 0]
[990494589130192315237326003115767702732057878884691769020032308916604162233229302063826063404153807076735965815787623037124068710147680418162938514462956451807115749522835483211449465146077448112385383216761692 0 0 0 0 0 0 0 0 0 0 0 0 0 0 0 0 0 0 0 0 0 0 0 0 0 0 0 0 0 0 0 0 0 0 0 0 0 0 0 0 0 0 0 0 0 0 0 0 0 0 0 0 0 0 0 0 0 0 0 0 0 0 0 0 0 1 0 0 0]
[3270576764450804069822211385816339660625471321805726589774643702834861106053133907873327782455634795292430200477821321214855843386721804194658492326177950314329174439960545618599650726395978520007639807980545609 0 0 0 0 0 0 0 0 0 0 0 0 0 0 0 0 0 0 0 0 0 0 0 0 0 0 0 0 0 0 0 0 0 0 0 0 0 0 0 0 0 0 0 0 0 0 0 0 0 0 0 0 0 0 0 0 0 0 0 0 0 0 0 0 0 0 1 0 0]
[320348127049265842769872232199745721318199034112014091973134222282639055435723089452553254313647740006535908056954908465104582523969040724806423992491654175041842654304816063849771404063570524979247897582331421 0 0 0 0 0 0 0 0 0 0 0 0 0 0 0 0 0 0 0 0 0 0 0 0 0 0 0 0 0 0 0 0 0 0 0 0 0 0 0 0 0 0 0 0 0 0 0 0 0 0 0 0 0 0 0 0 0 0 0 0 0 0 0 0 0 0 0 1 0]
[1929715115449609906504224141168789453339869811128827879431119722456508674545260393363232123711747823573353041313055612389457797513509296346638180673642100654063147961179882412049588187360902517190026694905616084 0 0 0 0 0 0 0 0 0 0 0 0 0 0 0 0 0 0 0 0 0 0 0 0 0 0 0 0 0 0 0 0 0 0 0 0 0 0 0 0 0 0 0 0 0 0 0 0 0 0 0 0 0 0 0 0 0 0 0 0 0 0 0 0 0 0 0 0 1]
]
70 71 5
[1 1 1 1 1 1 1 1 1 1 1 1 1 1 1 1 1 1 1 1 1 1 1 1 1 1 1 1 1 1 1 1 1 1 1 1 1 1 1 1 1 1 1 1 1 1 1 1 1 1 1 1 1 1 1 1 1 1 1 1 1 1 1 1 1 1 1 1 1 1 1]
