[[2930268840408672489762176304407856271670719306421971187497168995210771805201110594826485014198487482975147302243664027841894372891446438883769802873291442916180304281445131372467308809622794241268035728512272099 0 0 0 0 0 0 0 0 0 0 0 0 0 0 0 0 0 0 0 0 0 0 0 0 0 0 0 0 0 0 0 0 0 0 0 0 0 0 0 0 0 0 0 0 0 0 0 0 0 0 0 0 0 0 0 0 0 0 0 0 0 0 0 0 0 0 0 0 0]
[2898759689463830212583889535566554667642452606896382911317667444610143350062926908542480752516118395886649022714281475799893419634730051434009657860461843416046555484502055800213801605054180757820662893686618516 1 0 0 0 0 0 0 0 0 0 0 0 0 0 0 0 0 0 0 0 0 0 0 0 0 0 0 0 0 0 0 0 0 0 0 0 0 0 0 0 0 0 0 0 0 0 0 0 0 0 0 0 0 0 0 0 0 0 0 0 0 0 0 0 0 0 0 0 0]
[859231841176547514746305968694503761729631859573153145556704141012567188572773577854324709097434447585239382320883581828416637292639798635799395725441213635658252644630652795513118408133553711266748377289385585 0 1 0 0 0 0 0 0 0 0 0 0 0 0 0 0 0 0 0 0 0 0 0 0 0 0 0 0 0 0 0 0 0 0 0 0 0 0 0 0 0 0 0 0 0 0 0 0 0 0 0 0 0 0 0 0 0 0 0 0 0 0 0 0 0 0 0 0 0]
[1694342302861896314802529417741439672353141330983006498032339236473206970643283067104816803385001163521439955217868691972885458816749486405947814292943210419560990334425328130247429978205953356189143582571244970 0 0 1 0 0 0 0 0 0 0 0 0 0 0 0 0 0 0 0 0 0 0 0 0 0 0 0 0 0 0 0 0 0 0 0 0 0 0 0 0 0 0 0 0 0 0 0 0 0 0 0 0 0 0 0 0 0 0 0 0 0 0 0 0 0 0 0 0 0]
[2216456508771241336986772765319935656151115413736707968957191007824066322194335999075224419762062340167389441235953569038862337970042091928261366309286752320107615414574418019233910760866540824745725168442806035 0 0 0 1 0 0 0 0 0 0 0 0 0 0 0 0 0 0 0 0 0 0 0 0 0 0 0 0 0 0 0 0 0 0 0 0 0 0 0 0 0 0 0 0 0 0 0 0 0 0 0 0 0 0 0 0 0 0 0 0 0 0 0 0 0 0 0 0 0]
[1808791094312000509630546435279832038738357684344342563074242494284202546288384743615211988630785329326942036858942626395535753797962111078291815315227239779604922539304719629800061067755920068739884284768340356 0 0 0 0 1 0 0 0 0 0 0 0 0 0 0 0 0 0 0 0 0 0 0 0 0 0 0 0 0 0 0 0 0 0 0 0 0 0 0 0 0 0 0 0 0 0 0 0 0 0 0 0 0 0 0 0 0 0 0 0 0 0 0 0 0 0 0 0 0]
[1692562690548418785921141384338837445712479775311510314754414905335734501749181020164759510407446326854896680670464819497885756223553974392495795843892748147151118442485882842294146861437869197110619127572107760 0 0 0 0 0 1 0 0 0 0 0 0 0 0 0 0 0 0 0 0 0 0 0 0 0 0 0 0 0 0 0 0 0 0 0 0 0 0 0 0 0 0 0 0 0 0 0 0 0 0 0 0 0 0 0 0 0 0 0 0 0 0 0 0 0 0 0 0 0]
[2116481541565579542874716897125735794914259760451390741034810226352373870398197181865356534002374369544213080466958736510748000057386620332637897000477541848683421453025535767177479517987440271575194845346764281 0 0 0 0 0 0 1 0 0 0 0 0 0 0 0 0 0 0 0 0 0 0 0 0 0 0 0 0 0 0 0 0 0 0 0 0 0 0 0 0 0 0 0 0 0 0 0 0 0 0 0 0 0 0 0 0 0 0 0 0 0 0 0 0 0 0 0 0 0]
[648853462784860074946615445962391055752375652352915473108943418589711406005996751463294692938246036224187837886259701155172327731713000570893083541605235545678401005149446806888933155055858446250649624952567721 0 0 0 0 0 0 0 1 0 0 0 0 0 0 0 0 0 0 0 0 0 0 0 0 0 0 0 0 0 0 0 0 0 0 0 0 0 0 0 0 0 0 0 0 0 0 0 0 0 0 0 0 0 0 0 0 0 0 0 0 0 0 0 0 0 0 0 0 0]
[548978900308382030138983099530456380854311008807450899610009485341298586545467696955901771482790176838724975360545881004320627749010054352250506813533581650954055821224365758944827857367776402231762704057535117 0 0 0 0 0 0 0 0 1 0 0 0 0 0 0 0 0 0 0 0 0 0 0 0 0 0 0 0 0 0 0 0 0 0 0 0 0 0 0 0 0 0 0 0 0 0 0 0 0 0 0 0 0 0 0 0 0 0 0 0 0 0 0 0 0 0 0 0 0]
[2906428186817600681809527390785383647395766200446377255103772277014217689876401940404216734875553763832132731705725662682180294953614234688246987754100185023390011374251185663166771479171676734438578111997691574 0 0 0 0 0 0 0 0 0 1 0 0 0 0 0 0 0 0 0 0 0 0 0 0 0 0 0 0 0 0 0 0 0 0 0 0 0 0 0 0 0 0 0 0 0 0 0 0 0 0 0 0 0 0 0 0 0 0 0 0 0 0 0 0 0 0 0 0 0]
[2273009618883025445499349591061112583754921068184987654424809797350629934510392209789954183207799665928745668905541647938956674677067359056626862363732423563337025408537697651332048849818256774430058381020085605 0 0 0 0 0 0 0 0 0 0 1 0 0 0 0 0 0 0 0 0 0 0 0 0 0 0 0 0 0 0 0 0 0 0 0 0 0 0 0 0 0 0 0 0 0 0 0 0 0 0 0 0 0 0 0 0 0 0 0 0 0 0 0 0 0 0 0 0 0]
[439441032301223798152580337078198171284772411381858377658198848207805525018333248775531468458321719458257042456352029310236136593703815689644953045150085445870653837034874267633981404114335895911938217456637180 0 0 0 0 0 0 0 0 0 0 0 1 0 0 0 0 0 0 0 0 0 0 0 0 0 0 0 0 0 0 0 0 0 0 0 0 0 0 0 0 0 0 0 0 0 0 0 0 0 0 0 0 0 0 0 0 0 0 0 0 0 0 0 0 0 0 0 0 0]
[48175817940114737175354666487520609057332845070334584452548350235989540913209395881803888535920001417490756488421987167448675643655968234496619322987629139228192983326757131185178363911003369488623842874109261 0 0 0 0 0 0 0 0 0 0 0 0 1 0 0 0 0 0 0 0 0 0 0 0 0 0 0 0 0 0 0 0 0 0 0 0 0 0 0 0 0 0 0 0 0 0 0 0 0 0 0 0 0 0 0 0 0 0 0 0 0 0 0 0 0 0 0 0 0]
[2570669836941898104806666876980310411302942940228770995858328733396813670210396693192641707408260789701992718115690075036309933986679514256344899674095149367210728083730349843728333515197748335157524822733260606 0 0 0 0 0 0 0 0 0 0 0 0 0 1 0 0 0 0 0 0 0 0 0 0 0 0 0 0 0 0 0 0 0 0 0 0 0 0 0 0 0 0 0 0 0 0 0 0 0 0 0 0 0 0 0 0 0 0 0 0 0 0 0 0 0 0 0 0 0]
[2228356186748847274298301232931412887952289205952826177062875327085340039866176148577409910791297813211674482508792510801657663241507294141826418071343578153614129856192445475910956953525694592839948995174926972 0 0 0 0 0 0 0 0 0 0 0 0 0 0 1 0 0 0 0 0 0 0 0 0 0 0 0 0 0 0 0 0 0 0 0 0 0 0 0 0 0 0 0 0 0 0 0 0 0 0 0 0 0 0 0 0 0 0 0 0 0 0 0 0 0 0 0 0 0]
[1966822742947469943335333710867437822189802741579557420850816356988275665739712835554071628160887853201793471183316426607246815511401393695999588455045817669363228589500349803148430266449727403163889580482787658 0 0 0 0 0 0 0 0 0 0 0 0 0 0 0 1 0 0 0 0 0 0 0 0 0 0 0 0 0 0 0 0 0 0 0 0 0 0 0 0 0 0 0 0 0 0 0 0 0 0 0 0 0 0 0 0 0 0 0 0 0 0 0 0 0 0 0 0 0]
[928352875980961366930239516595985638076133342468587995550349192652429305323222680085341933685883573224334603500649754803183701103645545780838813894310560745443322274432371238652725333569870984030414297232719545 0 0 0 0 0 0 0 0 0 0 0 0 0 0 0 0 1 0 0 0 0 0 0 0 0 0 0 0 0 0 0 0 0 0 0 0 0 0 0 0 0 0 0 0 0 0 0 0 0 0 0 0 0 0 0 0 0 0 0 0 0 0 0 0 0 0 0 0 0]
[1680046090642594657685972544281165087472444867535751330105045824263038089432889207245099150180448749978643359546480830156024215712815324796484148366994936851107199184447583811262873173389692456305307362099144544 0 0 0 0 0 0 0 0 0 0 0 0 0 0 0 0 0 1 0 0 0 0 0 0 0 0 0 0 0 0 0 0 0 0 0 0 0 0 0 0 0 0 0 0 0 0 0 0 0 0 0 0 0 0 0 0 0 0 0 0 0 0 0 0 0 0 0 0 0]
[1091527422163876032280812191540303198627170398046343275815371285170103960675633009054147846161300386689365054824062242655983344853725816580745900917795356771963552255267837698940053829390775640494717164935092068 0 0 0 0 0 0 0 0 0 0 0 0 0 0 0 0 0 0 1 0 0 0 0 0 0 0 0 0 0 0 0 0 0 0 0 0 0 0 0 0 0 0 0 0 0 0 0 0 0 0 0 0 0 0 0 0 0 0 0 0 0 0 0 0 0 0 0 0 0]
[810571806257572704367887034677756307091478165988976596008201080645488470575607476186435009366154490660729647798896972500421309444442867088624494635002948000713957750448704342546252281277869198371733945559295436 0 0 0 0 0 0 0 0 0 0 0 0 0 0 0 0 0 0 0 1 0 0 0 0 0 0 0 0 0 0 0 0 0 0 0 0 0 0 0 0 0 0 0 0 0 0 0 0 0 0 0 0 0 0 0 0 0 0 0 0 0 0 0 0 0 0 0 0 0]
[20874028808891609649922331839502682224811763543696976280075438198740996839558296209395694979942857776805626748841354507678354183607155845098564980044948685792044294333296578826762651500473726111998334007889158 0 0 0 0 0 0 0 0 0 0 0 0 0 0 0 0 0 0 0 0 1 0 0 0 0 0 0 0 0 0 0 0 0 0 0 0 0 0 0 0 0 0 0 0 0 0 0 0 0 0 0 0 0 0 0 0 0 0 0 0 0 0 0 0 0 0 0 0 0]
[2045434305437431642116038298488642142057547646643033267704790830885320577477114888538698834485628576989703164662587826515252672077195513636224499347201165243799556476468643371647887882306431948537406822915223840 0 0 0 0 0 0 0 0 0 0 0 0 0 0 0 0 0 0 0 0 0 1 0 0 0 0 0 0 0 0 0 0 0 0 0 0 0 0 0 0 0 0 0 0 0 0 0 0 0 0 0 0 0 0 0 0 0 0 0 0 0 0 0 0 0 0 0 0 0]
[2095194762197134368295197896596758234607438648209469055371309410437141721860419326527557685022320700896048817970511073906265429636653842208320486104284408499858687162353852437266406677593310669998195125732920363 0 0 0 0 0 0 0 0 0 0 0 0 0 0 0 0 0 0 0 0 0 0 1 0 0 0 0 0 0 0 0 0 0 0 0 0 0 0 0 0 0 0 0 0 0 0 0 0 0 0 0 0 0 0 0 0 0 0 0 0 0 0 0 0 0 0 0 0 0]
[1289083839270132275020015683700518513201058594030785601655827551940613086140742056723084987018971786948548572515342186055400810887683047853977178097781496178175909607130313770807030133237046274401405469170069101 0 0 0 0 0 0 0 0 0 0 0 0 0 0 0 0 0 0 0 0 0 0 0 1 0 0 0 0 0 0 0 0 0 0 0 0 0 0 0 0 0 0 0 0 0 0 0 0 0 0 0 0 0 0 0 0 0 0 0 0 0 0 0 0 0 0 0 0 0]
[1565267177266276829596709635828711929312576857848219615092400082773314456368829435613575394958853196564051510911434375857011968412598707530128142373763788222895156461955498543481606938929115752182588414415072723 0 0 0 0 0 0 0 0 0 0 0 0 0 0 0 0 0 0 0 0 0 0 0 0 1 0 0 0 0 0 0 0 0 0 0 0 0 0 0 0 0 0 0 0 0 0 0 0 0 0 0 0 0 0 0 0 0 0 0 0 0 0 0 0 0 0 0 0 0]
[1168228515448735140241377740018104954275315786965472063282784655741899642171090785526421449274437201713478477960243214711503883415449992330535948863320970808767814806993167426937730996499356900713178563469046507 0 0 0 0 0 0 0 0 0 0 0 0 0 0 0 0 0 0 0 0 0 0 0 0 0 1 0 0 0 0 0 0 0 0 0 0 0 0 0 0 0 0 0 0 0 0 0 0 0 0 0 0 0 0 0 0 0 0 0 0 0 0 0 0 0 0 0 0 0]
[495030270143281546198161394176775932041770275639460337382387183984175045407040746995720136166433389849035584160696482475607473161972862111599871839945447090399668962526187440714903807309663760878734778438642618 0 0 0 0 0 0 0 0 0 0 0 0 0 0 0 0 0 0 0 0 0 0 0 0 0 0 1 0 0 0 0 0 0 0 0 0 0 0 0 0 0 0 0 0 0 0 0 0 0 0 0 0 0 0 0 0 0 0 0 0 0 0 0 0 0 0 0 0 0]
[397955459835459180060059699781477455383152888378004560192384317005122731224512739183044654403623398837418309327699890659252686806907678565834684446994751341742601253303377229397530642816813909565477908623919106 0 0 0 0 0 0 0 0 0 0 0 0 0 0 0 0 0 0 0 0 0 0 0 0 0 0 0 1 0 0 0 0 0 0 0 0 0 0 0 0 0 0 0 0 0 0 0 0 0 0 0 0 0 0 0 0 0 0 0 0 0 0 0 0 0 0 0 0 0]
[1514479583748421492155897347630979577226648274844579914545514366135565096398639092502529970944491821835174749071556893025676985091926659213038426087125197685198226536079436243777019106625819208388516519324318564 0 0 0 0 0 0 0 0 0 0 0 0 0 0 0 0 0 0 0 0 0 0 0 0 0 0 0 0 1 0 0 0 0 0 0 0 0 0 0 0 0 0 0 0 0 0 0 0 0 0 0 0 0 0 0 0 0 0 0 0 0 0 0 0 0 0 0 0 0]
[2242508829592217574846079592318467094148537014661653784017877774220456046141161692494704065158149725371585592911420290066698167485081717702329609734259959952023440035251871658963442737908144039836432245982281199 0 0 0 0 0 0 0 0 0 0 0 0 0 0 0 0 0 0 0 0 0 0 0 0 0 0 0 0 0 1 0 0 0 0 0 0 0 0 0 0 0 0 0 0 0 0 0 0 0 0 0 0 0 0 0 0 0 0 0 0 0 0 0 0 0 0 0 0 0]
[356978815460111536440573370351477624066206148730887388572924754263185773669539314437523576494106828038794247304245754965716580260267045742849531158841810404840980023279566187219937818308206131067604046762828025 0 0 0 0 0 0 0 0 0 0 0 0 0 0 0 0 0 0 0 0 0 0 0 0 0 0 0 0 0 0 1 0 0 0 0 0 0 0 0 0 0 0 0 0 0 0 0 0 0 0 0 0 0 0 0 0 0 0 0 0 0 0 0 0 0 0 0 0 0]
[920883093232916252814781786643085672310882938906162757755271629233002179428121513093183751953802067070355630444381054412237147634898061418577544416063348753432086724060669749275763703821769624430561351655868691 0 0 0 0 0 0 0 0 0 0 0 0 0 0 0 0 0 0 0 0 0 0 0 0 0 0 0 0 0 0 0 1 0 0 0 0 0 0 0 0 0 0 0 0 0 0 0 0 0 0 0 0 0 0 0 0 0 0 0 0 0 0 0 0 0 0 0 0 0]
[2007815326510069309645447881719184161175493177388412159618311762337155408225234442941868085242936361581613879876632039045362448478894817594127286458594580333619967750913505868295743969841396228853976897063539043 0 0 0 0 0 0 0 0 0 0 0 0 0 0 0 0 0 0 0 0 0 0 0 0 0 0 0 0 0 0 0 0 1 0 0 0 0 0 0 0 0 0 0 0 0 0 0 0 0 0 0 0 0 0 0 0 0 0 0 0 0 0 0 0 0 0 0 0 0]
[1839027689689286802543867495747510907343174802324511433274609412941357104462478526091210979821006696717055278155405354342538841222882745433144305991151744849722498827227138545622413841107171051922731023699151342 0 0 0 0 0 0 0 0 0 0 0 0 0 0 0 0 0 0 0 0 0 0 0 0 0 0 0 0 0 0 0 0 0 1 0 0 0 0 0 0 0 0 0 0 0 0 0 0 0 0 0 0 0 0 0 0 0 0 0 0 0 0 0 0 0 0 0 0 0]
[2092139913463491750377023114217922949445126256772543576465626427813508065104836521903735265668353727291351840107722927288376047390296180360929230129669871160447639369714201771415087540176316019191709472692353356 0 0 0 0 0 0 0 0 0 0 0 0 0 0 0 0 0 0 0 0 0 0 0 0 0 0 0 0 0 0 0 0 0 0 1 0 0 0 0 0 0 0 0 0 0 0 0 0 0 0 0 0 0 0 0 0 0 0 0 0 0 0 0 0 0 0 0 0 0]
[923660984106420103837217598291536000449469672173973508841058041104792504586129707662939948507826262965517034051227837111535623002210012543062324059683206250984526570699538454112588272225637194358682731287380460 0 0 0 0 0 0 0 0 0 0 0 0 0 0 0 0 0 0 0 0 0 0 0 0 0 0 0 0 0 0 0 0 0 0 0 1 0 0 0 0 0 0 0 0 0 0 0 0 0 0 0 0 0 0 0 0 0 0 0 0 0 0 0 0 0 0 0 0 0]
[1172007742217912461054249534284935584887266245316312192618308976408336691568630164001720771364637607354524616345496574547294148596264336426079137077821446972686646376036982924753073377036790220719436653106073367 0 0 0 0 0 0 0 0 0 0 0 0 0 0 0 0 0 0 0 0 0 0 0 0 0 0 0 0 0 0 0 0 0 0 0 0 1 0 0 0 0 0 0 0 0 0 0 0 0 0 0 0 0 0 0 0 0 0 0 0 0 0 0 0 0 0 0 0 0]
[1223998426072613463671334987014074536949502016532739869717125968086298955944293379348719187929529760378662448557114083174326992427479670830297131431824497169308524047531987541571397448380500903544423197915836707 0 0 0 0 0 0 0 0 0 0 0 0 0 0 0 0 0 0 0 0 0 0 0 0 0 0 0 0 0 0 0 0 0 0 0 0 0 1 0 0 0 0 0 0 0 0 0 0 0 0 0 0 0 0 0 0 0 0 0 0 0 0 0 0 0 0 0 0 0]
[340967035642337997532293967294116777102755515667541806638309079450638044971744215091380272458973854971322749901168825349982860942136966095092565727861381341173594005148651092612142935215862833538512237169619674 0 0 0 0 0 0 0 0 0 0 0 0 0 0 0 0 0 0 0 0 0 0 0 0 0 0 0 0 0 0 0 0 0 0 0 0 0 0 1 0 0 0 0 0 0 0 0 0 0 0 0 0 0 0 0 0 0 0 0 0 0 0 0 0 0 0 0 0 0]
[148626812619680230391505402654767302303317142700990160049345071008435640279608015458144762671506814225546333310736102660119312123902391004611360922827845233890913763414590598094676985260010477913749069409925742 0 0 0 0 0 0 0 0 0 0 0 0 0 0 0 0 0 0 0 0 0 0 0 0 0 0 0 0 0 0 0 0 0 0 0 0 0 0 0 1 0 0 0 0 0 0 0 0 0 0 0 0 0 0 0 0 0 0 0 0 0 0 0 0 0 0 0 0 0]
[123405120052313509532920770586739051452495250535065844121847290595517796718082730106977447656986025520109723570198613744749963378798545547287383032704026617513038326948120254583463973462809748618619927203998538 0 0 0 0 0 0 0 0 0 0 0 0 0 0 0 0 0 0 0 0 0 0 0 0 0 0 0 0 0 0 0 0 0 0 0 0 0 0 0 0 1 0 0 0 0 0 0 0 0 0 0 0 0 0 0 0 0 0 0 0 0 0 0 0 0 0 0 0 0]
[2185025415582700878203095019495241829057086588321327490474272034035467860160469098766712291281116290091113790549846211532408054963904122777336364303152614851774901646687998549025518601652403154534436235875941165 0 0 0 0 0 0 0 0 0 0 0 0 0 0 0 0 0 0 0 0 0 0 0 0 0 0 0 0 0 0 0 0 0 0 0 0 0 0 0 0 0 1 0 0 0 0 0 0 0 0 0 0 0 0 0 0 0 0 0 0 0 0 0 0 0 0 0 0 0]
[1784977167626533686711382425812624826527496922073937017563292837666986776508665615332298149104383417825691766714797102614823035607584192348829543634681717337067634260341601833300558522309377103921057291826009637 0 0 0 0 0 0 0 0 0 0 0 0 0 0 0 0 0 0 0 0 0 0 0 0 0 0 0 0 0 0 0 0 0 0 0 0 0 0 0 0 0 0 1 0 0 0 0 0 0 0 0 0 0 0 0 0 0 0 0 0 0 0 0 0 0 0 0 0 0]
[1952217891953096760959871199542904574960722982683032063635845815621453428701622872820547307095660614229681004998624743247875290364519982725270844993381869670374977979522007357301501128349146441826055574605082446 0 0 0 0 0 0 0 0 0 0 0 0 0 0 0 0 0 0 0 0 0 0 0 0 0 0 0 0 0 0 0 0 0 0 0 0 0 0 0 0 0 0 0 1 0 0 0 0 0 0 0 0 0 0 0 0 0 0 0 0 0 0 0 0 0 0 0 0 0]
[558360779670265472452760323197834903145843637398320181248530368963795256455782793065741773572891904469165687309805222854675390726416978422082848240351855908987561419602381297386187841065666944683967425167091850 0 0 0 0 0 0 0 0 0 0 0 0 0 0 0 0 0 0 0 0 0 0 0 0 0 0 0 0 0 0 0 0 0 0 0 0 0 0 0 0 0 0 0 0 1 0 0 0 0 0 0 0 0 0 0 0 0 0 0 0 0 0 0 0 0 0 0 0 0]
[1797598612141339178423152247176135418840734039977953547805284771940010575026672485241517174174480546056700965946891842123846005004489460521346786182192707969969079195005981642723579499389794732333408296949486303 0 0 0 0 0 0 0 0 0 0 0 0 0 0 0 0 0 0 0 0 0 0 0 0 0 0 0 0 0 0 0 0 0 0 0 0 0 0 0 0 0 0 0 0 0 1 0 0 0 0 0 0 0 0 0 0 0 0 0 0 0 0 0 0 0 0 0 0 0]
[2293140756542154462996467401724025080335110158126931284068543907409931467818382939313393540997803386512413286702952485579285593960320842814323778967726488622512575900997357442187070864910672263082617448367428454 0 0 0 0 0 0 0 0 0 0 0 0 0 0 0 0 0 0 0 0 0 0 0 0 0 0 0 0 0 0 0 0 0 0 0 0 0 0 0 0 0 0 0 0 0 0 1 0 0 0 0 0 0 0 0 0 0 0 0 0 0 0 0 0 0 0 0 0 0]
[2859345527726746090913710690455562694511321247732559364682512405047143089998832048469957915180436349941333237986737593420838342047354785914821505241106840230245962698362081448137261583631366578963368509636148450 0 0 0 0 0 0 0 0 0 0 0 0 0 0 0 0 0 0 0 0 0 0 0 0 0 0 0 0 0 0 0 0 0 0 0 0 0 0 0 0 0 0 0 0 0 0 0 1 0 0 0 0 0 0 0 0 0 0 0 0 0 0 0 0 0 0 0 0 0]
[866988690147984866799305934640017476115931919783365387844357902102060830172767450843982198618674303607070382199205696008324456259350460388635004895967945360144938933046689083394067854857941741846692586000613868 0 0 0 0 0 0 0 0 0 0 0 0 0 0 0 0 0 0 0 0 0 0 0 0 0 0 0 0 0 0 0 0 0 0 0 0 0 0 0 0 0 0 0 0 0 0 0 0 1 0 0 0 0 0 0 0 0 0 0 0 0 0 0 0 0 0 0 0 0]
[1538462072918045688743294418652800598631546032738840973962517391557033123872115776748632583056066938940024795112024221430744206089915953446947193951658466003023388217188714276837234100692514075201784714503352689 0 0 0 0 0 0 0 0 0 0 0 0 0 0 0 0 0 0 0 0 0 0 0 0 0 0 0 0 0 0 0 0 0 0 0 0 0 0 0 0 0 0 0 0 0 0 0 0 0 1 0 0 0 0 0 0 0 0 0 0 0 0 0 0 0 0 0 0 0]
[2240821468503835243900335726463705618553168772079360114040461793394710660641618471883968149509162203620456012319171146619731731139790595033580154804121951488442359738164568905299312012422371410417140927208788839 0 0 0 0 0 0 0 0 0 0 0 0 0 0 0 0 0 0 0 0 0 0 0 0 0 0 0 0 0 0 0 0 0 0 0 0 0 0 0 0 0 0 0 0 0 0 0 0 0 0 1 0 0 0 0 0 0 0 0 0 0 0 0 0 0 0 0 0 0]
[152922626123831608724754583438859813256269731791285262890220191879305701803823771226058485064249662809895317147589337345231978977990123226690558582863377141230532983245343931806866143011470816087495624681167668 0 0 0 0 0 0 0 0 0 0 0 0 0 0 0 0 0 0 0 0 0 0 0 0 0 0 0 0 0 0 0 0 0 0 0 0 0 0 0 0 0 0 0 0 0 0 0 0 0 0 0 1 0 0 0 0 0 0 0 0 0 0 0 0 0 0 0 0 0]
[1229538668427150269275338300994366791835487405783673315865044713844384253532204475374434981096735465964996760326075822735929670801045450511260856723267259523981869900129696240252679164861167048800920151675661678 0 0 0 0 0 0 0 0 0 0 0 0 0 0 0 0 0 0 0 0 0 0 0 0 0 0 0 0 0 0 0 0 0 0 0 0 0 0 0 0 0 0 0 0 0 0 0 0 0 0 0 0 1 0 0 0 0 0 0 0 0 0 0 0 0 0 0 0 0]
[512351649016221259017555806770383481380504653186707868505048376522083819127583544316655114421427672763432094281330366267962330320583179760824015452487498689096702771157365216090356194523811879859066979031763120 0 0 0 0 0 0 0 0 0 0 0 0 0 0 0 0 0 0 0 0 0 0 0 0 0 0 0 0 0 0 0 0 0 0 0 0 0 0 0 0 0 0 0 0 0 0 0 0 0 0 0 0 0 1 0 0 0 0 0 0 0 0 0 0 0 0 0 0 0]
[2087501156258662247752330499065741272742214231173590948380443464885757487101552877500332937261949195572923287154741436275219300048853454818792354992803150177271748486790658065860827327032795800617368569867049510 0 0 0 0 0 0 0 0 0 0 0 0 0 0 0 0 0 0 0 0 0 0 0 0 0 0 0 0 0 0 0 0 0 0 0 0 0 0 0 0 0 0 0 0 0 0 0 0 0 0 0 0 0 0 1 0 0 0 0 0 0 0 0 0 0 0 0 0 0]
[1065058296845719406191574957754320148260283705995653561212686344676306806658867230865998176266744541437423525019103561339242895182129637250245997268265042947037714473285541726368084884226732628504076319626791662 0 0 0 0 0 0 0 0 0 0 0 0 0 0 0 0 0 0 0 0 0 0 0 0 0 0 0 0 0 0 0 0 0 0 0 0 0 0 0 0 0 0 0 0 0 0 0 0 0 0 0 0 0 0 0 1 0 0 0 0 0 0 0 0 0 0 0 0 0]
[1974275949141647178750826442404655624398068809098066782397539851136940737095124034801264199536024719713727646532167782085309601565552237560701716124457646615079843310678677284994142879319049168570676156607791013 0 0 0 0 0 0 0 0 0 0 0 0 0 0 0 0 0 0 0 0 0 0 0 0 0 0 0 0 0 0 0 0 0 0 0 0 0 0 0 0 0 0 0 0 0 0 0 0 0 0 0 0 0 0 0 0 1 0 0 0 0 0 0 0 0 0 0 0 0]
[2457272173966696226550088531669221650206751537480807673224317692324058214374376193402358708148468721925981776378965311587692069777345065776924599915984443548889463070028489247289260126716311714052668173331394334 0 0 0 0 0 0 0 0 0 0 0 0 0 0 0 0 0 0 0 0 0 0 0 0 0 0 0 0 0 0 0 0 0 0 0 0 0 0 0 0 0 0 0 0 0 0 0 0 0 0 0 0 0 0 0 0 0 1 0 0 0 0 0 0 0 0 0 0 0]
[2708487216696743315857353961208637228437868941737882926066233981155271612889466994943246134378861989920770871441345550909821075908403266597408790544420869861627695098743966418099632977059465464794600881625693544 0 0 0 0 0 0 0 0 0 0 0 0 0 0 0 0 0 0 0 0 0 0 0 0 0 0 0 0 0 0 0 0 0 0 0 0 0 0 0 0 0 0 0 0 0 0 0 0 0 0 0 0 0 0 0 0 0 0 1 0 0 0 0 0 0 0 0 0 0]
[1509956512789260774110593363240517973262428654268559900237534030605153218274683198040023250235369857997646542827075099277645554898891741629709924162216894839814903727031981106319991420351895987668945467796510531 0 0 0 0 0 0 0 0 0 0 0 0 0 0 0 0 0 0 0 0 0 0 0 0 0 0 0 0 0 0 0 0 0 0 0 0 0 0 0 0 0 0 0 0 0 0 0 0 0 0 0 0 0 0 0 0 0 0 0 1 0 0 0 0 0 0 0 0 0]
[2892392967987511731991145036276236670842456412511220027568466485520587453887938706228681393776019529729441215194219754424227936300420171896723475809497539681413269696524792934530405523151551069097644125943934127 0 0 0 0 0 0 0 0 0 0 0 0 0 0 0 0 0 0 0 0 0 0 0 0 0 0 0 0 0 0 0 0 0 0 0 0 0 0 0 0 0 0 0 0 0 0 0 0 0 0 0 0 0 0 0 0 0 0 0 0 1 0 0 0 0 0 0 0 0]
[2743523991062313048179524391039093652128619031911249576738967559335245580883390456150749776234921202186591099598162322894010829805263558945728803568359840379736900795575463826637000873134741874548028803983805275 0 0 0 0 0 0 0 0 0 0 0 0 0 0 0 0 0 0 0 0 0 0 0 0 0 0 0 0 0 0 0 0 0 0 0 0 0 0 0 0 0 0 0 0 0 0 0 0 0 0 0 0 0 0 0 0 0 0 0 0 0 1 0 0 0 0 0 0 0]
[111046279835512001860505155021323767083187472012871775025351303618514141312287906405086265659459859363283664006357603924021320708820169374727611348286496057341192834378822522706576316231393355299900655412947023 0 0 0 0 0 0 0 0 0 0 0 0 0 0 0 0 0 0 0 0 0 0 0 0 0 0 0 0 0 0 0 0 0 0 0 0 0 0 0 0 0 0 0 0 0 0 0 0 0 0 0 0 0 0 0 0 0 0 0 0 0 0 1 0 0 0 0 0 0]
[560103755171971677147693184606183257021226567849683446729301212839027659991420180744468607379743510353924979505788465589731530367724710979967826744954890445506345951148879512156790644977505329719834690029531609 0 0 0 0 0 0 0 0 0 0 0 0 0 0 0 0 0 0 0 0 0 0 0 0 0 0 0 0 0 0 0 0 0 0 0 0 0 0 0 0 0 0 0 0 0 0 0 0 0 0 0 0 0 0 0 0 0 0 0 0 0 0 0 1 0 0 0 0 0]
[816207074560570001355708879587906034582123182257316149771882317163525088816398450010828053980296831883019289522564321093170040139162298949965976989548438794606312218575208853084627389216108252528174933451879901 0 0 0 0 0 0 0 0 0 0 0 0 0 0 0 0 0 0 0 0 0 0 0 0 0 0 0 0 0 0 0 0 0 0 0 0 0 0 0 0 0 0 0 0 0 0 0 0 0 0 0 0 0 0 0 0 0 0 0 0 0 0 0 0 1 0 0 0 0]
[679606407025145813703457443252121074480229143011759196016087179982470119708914358012464129692590051803994868761677211717240252931256475301467937538388653148200793710834777693495368573796757336703996307181609614 0 0 0 0 0 0 0 0 0 0 0 0 0 0 0 0 0 0 0 0 0 0 0 0 0 0 0 0 0 0 0 0 0 0 0 0 0 0 0 0 0 0 0 0 0 0 0 0 0 0 0 0 0 0 0 0 0 0 0 0 0 0 0 0 0 1 0 0 0]
[663082108453428732730697935926613321011555474213706983992957925477333804963309664495662668695739828481529231161220484926260113808713543448042846204527112285149123159583606267116616685560047641364111073597061264 0 0 0 0 0 0 0 0 0 0 0 0 0 0 0 0 0 0 0 0 0 0 0 0 0 0 0 0 0 0 0 0 0 0 0 0 0 0 0 0 0 0 0 0 0 0 0 0 0 0 0 0 0 0 0 0 0 0 0 0 0 0 0 0 0 0 1 0 0]
[1243037928546920659182904662513407873325647563810322943265425293624447483282040273312447179778437227715407879321349294324013896623477510175077764338148979457349336596389423333163968487001977622642776161706944858 0 0 0 0 0 0 0 0 0 0 0 0 0 0 0 0 0 0 0 0 0 0 0 0 0 0 0 0 0 0 0 0 0 0 0 0 0 0 0 0 0 0 0 0 0 0 0 0 0 0 0 0 0 0 0 0 0 0 0 0 0 0 0 0 0 0 0 1 0]
[1293567637152581470426673835107128960494612478636374456890623231221939625002034220807948596055364906403875236194996014440544265182816054639925914511330653731333265521209338425257774161468822599759658718649846872 0 0 0 0 0 0 0 0 0 0 0 0 0 0 0 0 0 0 0 0 0 0 0 0 0 0 0 0 0 0 0 0 0 0 0 0 0 0 0 0 0 0 0 0 0 0 0 0 0 0 0 0 0 0 0 0 0 0 0 0 0 0 0 0 0 0 0 0 1]
]
70 71 8
[1 1 1 1 1 1 1 1 1 1 1 1 1 1 1 1 1 1 1 1 1 1 1 1 1 1 1 1 1 1 1 1 1 1 1 1 1 1 1 1 1 1 1 1 1 1 1 1 1 1 1 1 1 1 1 1 1 1 1 1 1 1 1 1 1 1 1 1 1 1 1]
