[[3712121242779132681503117975991196249828241709554624079455239624973516996838962113013935150510490875716178378161152666894860290738170761589345234733167192135683584521887576470343710782149741290313979955291893880735799 0 0 0 0 0 0 0 0 0 0 0 0 0 0 0 0 0 0 0 0 0 0 0 0 0 0 0 0 0 0 0 0 0 0 0 0 0 0 0 0 0 0 0 0 0 0 0 0 0 0 0 0 0 0 0 0 0 0 0 0 0 0 0 0 0 0 0 0 0 0 0]
[634514998597894782990515142297679504310960646629577699370736768216473548333245715955563135346018753096432364229714758293529850519017964108528822878205276299957803581063612544333398809920266223411861507947499132677482 1 0 0 0 0 0 0 0 0 0 0 0 0 0 0 0 0 0 0 0 0 0 0 0 0 0 0 0 0 0 0 0 0 0 0 0 0 0 0 0 0 0 0 0 0 0 0 0 0 0 0 0 0 0 0 0 0 0 0 0 0 0 0 0 0 0 0 0 0 0 0]
[2966237399084757143240616111630720098759378387344538328813417783627550034619614990124341884183099553508641190762318025418040270854791209044617745990442119874336383702418604561157727136942685652045272311908206922052338 0 1 0 0 0 0 0 0 0 0 0 0 0 0 0 0 0 0 0 0 0 0 0 0 0 0 0 0 0 0 0 0 0 0 0 0 0 0 0 0 0 0 0 0 0 0 0 0 0 0 0 0 0 0 0 0 0 0 0 0 0 0 0 0 0 0 0 0 0 0 0]
[849903290663982864759827796429046859601562778043453710784875170118251543806214045290593244574906535112856148025327100770820593902238587444983056187380214893905710176095441562883186575320414226721095206026925101548717 0 0 1 0 0 0 0 0 0 0 0 0 0 0 0 0 0 0 0 0 0 0 0 0 0 0 0 0 0 0 0 0 0 0 0 0 0 0 0 0 0 0 0 0 0 0 0 0 0 0 0 0 0 0 0 0 0 0 0 0 0 0 0 0 0 0 0 0 0 0 0]
[1776221912781254021130603681464598278136744006018567270609932649700689207724000344550432614148648121265981549585545291438046161269128460682707316301468274117008469674676997271635593444401627325197268686537057498267424 0 0 0 1 0 0 0 0 0 0 0 0 0 0 0 0 0 0 0 0 0 0 0 0 0 0 0 0 0 0 0 0 0 0 0 0 0 0 0 0 0 0 0 0 0 0 0 0 0 0 0 0 0 0 0 0 0 0 0 0 0 0 0 0 0 0 0 0 0 0 0]
[2618901469286818341831465210000029049306919733932836098873911493111151700430979150893037794762980465451900356039029182789275825344612637956677341644597563191880132685010074139309524965828256222543171760745479203492765 0 0 0 0 1 0 0 0 0 0 0 0 0 0 0 0 0 0 0 0 0 0 0 0 0 0 0 0 0 0 0 0 0 0 0 0 0 0 0 0 0 0 0 0 0 0 0 0 0 0 0 0 0 0 0 0 0 0 0 0 0 0 0 0 0 0 0 0 0 0 0]
[1673141170760771245061770250081205236037157052210954743157961032222394580269313245957411416070257096768118528303733654074992696874818472520556083333972654287339525745160180876090662377335712942259200773889807477634967 0 0 0 0 0 1 0 0 0 0 0 0 0 0 0 0 0 0 0 0 0 0 0 0 0 0 0 0 0 0 0 0 0 0 0 0 0 0 0 0 0 0 0 0 0 0 0 0 0 0 0 0 0 0 0 0 0 0 0 0 0 0 0 0 0 0 0 0 0 0 0]
[1642864123362782064774498683877643174600950244858883872237248420060625870752104778398745235786685590529402747273238781952520080835736368371600316156549553084618807504395675261847367864298230526050625608959317863481101 0 0 0 0 0 0 1 0 0 0 0 0 0 0 0 0 0 0 0 0 0 0 0 0 0 0 0 0 0 0 0 0 0 0 0 0 0 0 0 0 0 0 0 0 0 0 0 0 0 0 0 0 0 0 0 0 0 0 0 0 0 0 0 0 0 0 0 0 0 0 0]
[2850643752316743856316139835541159607211285254256608095529306508674014888626489022039118512567970853797450654963966047175699352641194328370633658616109021453741293522601683761907727108016515710870711863295251178117700 0 0 0 0 0 0 0 1 0 0 0 0 0 0 0 0 0 0 0 0 0 0 0 0 0 0 0 0 0 0 0 0 0 0 0 0 0 0 0 0 0 0 0 0 0 0 0 0 0 0 0 0 0 0 0 0 0 0 0 0 0 0 0 0 0 0 0 0 0 0 0]
[1551042769037330007209642559524227892485800185298808303111784754598312389648587156354990678544738560521080348718821016100242925914056204184625953283225406854382892725703172683407577714764772838642272855750556328486050 0 0 0 0 0 0 0 0 1 0 0 0 0 0 0 0 0 0 0 0 0 0 0 0 0 0 0 0 0 0 0 0 0 0 0 0 0 0 0 0 0 0 0 0 0 0 0 0 0 0 0 0 0 0 0 0 0 0 0 0 0 0 0 0 0 0 0 0 0 0 0]
[1933594628603173650397195693641938062653164443265222731091265041352188594297214774021761525530422490983595593363467005263605990934467903563094484525376219718693196763853710140388240573030611022414270220136012116475118 0 0 0 0 0 0 0 0 0 1 0 0 0 0 0 0 0 0 0 0 0 0 0 0 0 0 0 0 0 0 0 0 0 0 0 0 0 0 0 0 0 0 0 0 0 0 0 0 0 0 0 0 0 0 0 0 0 0 0 0 0 0 0 0 0 0 0 0 0 0 0]
[3421171921021352940935243864393536160033529598675645635834052441874689882327900226414436352908277838240007963447578752337339684552111611131484965921526512427757879605295908627199612627415000624030926607344532663391595 0 0 0 0 0 0 0 0 0 0 1 0 0 0 0 0 0 0 0 0 0 0 0 0 0 0 0 0 0 0 0 0 0 0 0 0 0 0 0 0 0 0 0 0 0 0 0 0 0 0 0 0 0 0 0 0 0 0 0 0 0 0 0 0 0 0 0 0 0 0 0]
[2858317177135639582797558948884444054340886600581174548838478239151894335481986421868885451040729176383303931131804305865224617359199770840948188882322472978583520230025677830001640990853095612981579043654408369235691 0 0 0 0 0 0 0 0 0 0 0 1 0 0 0 0 0 0 0 0 0 0 0 0 0 0 0 0 0 0 0 0 0 0 0 0 0 0 0 0 0 0 0 0 0 0 0 0 0 0 0 0 0 0 0 0 0 0 0 0 0 0 0 0 0 0 0 0 0 0 0]
[692765205598370440955348001731872816788318297936121541473952693503133093524671351985944398746846609209034573573532242589203380860448023853588922857172840273851673585106678010928807230450640949784675374378700402844694 0 0 0 0 0 0 0 0 0 0 0 0 1 0 0 0 0 0 0 0 0 0 0 0 0 0 0 0 0 0 0 0 0 0 0 0 0 0 0 0 0 0 0 0 0 0 0 0 0 0 0 0 0 0 0 0 0 0 0 0 0 0 0 0 0 0 0 0 0 0 0]
[2331048713359083700022991391872566367970895998464176665486978366265220555642318880091655112668822567452258786878446892488726376201114124820839425032623228113526483781445683432141275948822891372422536257194048743001276 0 0 0 0 0 0 0 0 0 0 0 0 0 1 0 0 0 0 0 0 0 0 0 0 0 0 0 0 0 0 0 0 0 0 0 0 0 0 0 0 0 0 0 0 0 0 0 0 0 0 0 0 0 0 0 0 0 0 0 0 0 0 0 0 0 0 0 0 0 0 0]
[44527893292623913288600787525000868963861005010341987899211398814868210756198028800553575993866805760884171317404547897970369008678995566996245371016529082018598602242408004675909314424060043968582518821022274476156 0 0 0 0 0 0 0 0 0 0 0 0 0 0 1 0 0 0 0 0 0 0 0 0 0 0 0 0 0 0 0 0 0 0 0 0 0 0 0 0 0 0 0 0 0 0 0 0 0 0 0 0 0 0 0 0 0 0 0 0 0 0 0 0 0 0 0 0 0 0 0]
[236864611283074473929251333588895538061911953505734419633420428532703675633966645546825097682953675052523181921075322331619513500858242261265456527235305747094351527299225414188057706191962827814570915704114022498782 0 0 0 0 0 0 0 0 0 0 0 0 0 0 0 1 0 0 0 0 0 0 0 0 0 0 0 0 0 0 0 0 0 0 0 0 0 0 0 0 0 0 0 0 0 0 0 0 0 0 0 0 0 0 0 0 0 0 0 0 0 0 0 0 0 0 0 0 0 0 0]
[2624686957700374733138338874917379788407544038819376549772975126492490939510566259388416509652918853135710493162838291744850780797647915312852497431780912596868361213620915905826463445820692366359730991276633410302786 0 0 0 0 0 0 0 0 0 0 0 0 0 0 0 0 1 0 0 0 0 0 0 0 0 0 0 0 0 0 0 0 0 0 0 0 0 0 0 0 0 0 0 0 0 0 0 0 0 0 0 0 0 0 0 0 0 0 0 0 0 0 0 0 0 0 0 0 0 0 0]
[2874306803175592639033025995878836144395275100451596496184701031682748937881997144225964207067428603047095358600245774289182596697362482423177030258072591606673544724195325361552790795708138688585082000079144064517651 0 0 0 0 0 0 0 0 0 0 0 0 0 0 0 0 0 1 0 0 0 0 0 0 0 0 0 0 0 0 0 0 0 0 0 0 0 0 0 0 0 0 0 0 0 0 0 0 0 0 0 0 0 0 0 0 0 0 0 0 0 0 0 0 0 0 0 0 0 0 0]
[1662005029070357025780537390072173474320953434384493688997439516512253723086869203141519144378463544234844950272437343049154242643336391014060881368499509869748333090169586028799683244798775408410207926199620381853155 0 0 0 0 0 0 0 0 0 0 0 0 0 0 0 0 0 0 1 0 0 0 0 0 0 0 0 0 0 0 0 0 0 0 0 0 0 0 0 0 0 0 0 0 0 0 0 0 0 0 0 0 0 0 0 0 0 0 0 0 0 0 0 0 0 0 0 0 0 0 0]
[2165449570174649486913756230318039819847156668100608155715755356590889486814621223933314163579077009403250219619772068326150612959491769143664791247475053730513768280434723584636270616136476484634308438105868926955685 0 0 0 0 0 0 0 0 0 0 0 0 0 0 0 0 0 0 0 1 0 0 0 0 0 0 0 0 0 0 0 0 0 0 0 0 0 0 0 0 0 0 0 0 0 0 0 0 0 0 0 0 0 0 0 0 0 0 0 0 0 0 0 0 0 0 0 0 0 0 0]
[2163300113283743765261093893824070550990749127239118936373942758844828712689491632922854541090556153919634210035529132942048724702581047071535152551360204159325808380656506335406400220485795303822092544812906202215611 0 0 0 0 0 0 0 0 0 0 0 0 0 0 0 0 0 0 0 0 1 0 0 0 0 0 0 0 0 0 0 0 0 0 0 0 0 0 0 0 0 0 0 0 0 0 0 0 0 0 0 0 0 0 0 0 0 0 0 0 0 0 0 0 0 0 0 0 0 0 0]
[173296469685220494479929646552725249013965583174007095014898372617778763818145603417579246863816741231696940841105610999870296627714949763762705956754758961985636597994238057829997320459141698244942325029328001992710 0 0 0 0 0 0 0 0 0 0 0 0 0 0 0 0 0 0 0 0 0 1 0 0 0 0 0 0 0 0 0 0 0 0 0 0 0 0 0 0 0 0 0 0 0 0 0 0 0 0 0 0 0 0 0 0 0 0 0 0 0 0 0 0 0 0 0 0 0 0 0]
[516680742439055062669821000987657345255933775070459657552717087982056146307163702630153611964613499992913204222322487459645207277359429387320334604270064904770296888782415133336810354522759487973477060076887777073848 0 0 0 0 0 0 0 0 0 0 0 0 0 0 0 0 0 0 0 0 0 0 1 0 0 0 0 0 0 0 0 0 0 0 0 0 0 0 0 0 0 0 0 0 0 0 0 0 0 0 0 0 0 0 0 0 0 0 0 0 0 0 0 0 0 0 0 0 0 0 0]
[1604148597906332834080392679750609767843357427828663325198972934086306234066927764051721084112965903410909186168017333588277995290686951486080378945045541181941508272753690560493506362368407777349550291440611917426910 0 0 0 0 0 0 0 0 0 0 0 0 0 0 0 0 0 0 0 0 0 0 0 1 0 0 0 0 0 0 0 0 0 0 0 0 0 0 0 0 0 0 0 0 0 0 0 0 0 0 0 0 0 0 0 0 0 0 0 0 0 0 0 0 0 0 0 0 0 0 0]
[2303095746947053548214503279005045806339903624210601868224286322918174995705585907507915295025652349904022946265514375191798292657384948408422349303659528836103557286087307266873862877963429952698797101070937618274482 0 0 0 0 0 0 0 0 0 0 0 0 0 0 0 0 0 0 0 0 0 0 0 0 1 0 0 0 0 0 0 0 0 0 0 0 0 0 0 0 0 0 0 0 0 0 0 0 0 0 0 0 0 0 0 0 0 0 0 0 0 0 0 0 0 0 0 0 0 0 0]
[3162012033953418634261951011186976119763236220126349933843871120196574072625306168606528671251425229124505539535006556936578405617830341736046879495484357106649078260882207159715543279022007310584871996424127334027201 0 0 0 0 0 0 0 0 0 0 0 0 0 0 0 0 0 0 0 0 0 0 0 0 0 1 0 0 0 0 0 0 0 0 0 0 0 0 0 0 0 0 0 0 0 0 0 0 0 0 0 0 0 0 0 0 0 0 0 0 0 0 0 0 0 0 0 0 0 0 0]
[105811380869118788041985213193075334869169661799143479875537639258188706982924512264236371645199885785930970617475697316660236735661865397325688531712833879640168592964767904754817052427077820740702670126926171092 0 0 0 0 0 0 0 0 0 0 0 0 0 0 0 0 0 0 0 0 0 0 0 0 0 0 1 0 0 0 0 0 0 0 0 0 0 0 0 0 0 0 0 0 0 0 0 0 0 0 0 0 0 0 0 0 0 0 0 0 0 0 0 0 0 0 0 0 0 0 0]
[3305231291005596184308205007452862564710168900585853237578282081965157277053858463913608448000325856045887416707918397297050967901123022652667388301200981747487023464412945741222859682146779400418082650825977320747199 0 0 0 0 0 0 0 0 0 0 0 0 0 0 0 0 0 0 0 0 0 0 0 0 0 0 0 1 0 0 0 0 0 0 0 0 0 0 0 0 0 0 0 0 0 0 0 0 0 0 0 0 0 0 0 0 0 0 0 0 0 0 0 0 0 0 0 0 0 0 0]
[2464600851904982489635660805307913280009052382289233803043271093671033361156000656152574495036122349323296942350530104300614300008784741810800746880655304879789660705228538283987055684418799385342964468061470151014456 0 0 0 0 0 0 0 0 0 0 0 0 0 0 0 0 0 0 0 0 0 0 0 0 0 0 0 0 1 0 0 0 0 0 0 0 0 0 0 0 0 0 0 0 0 0 0 0 0 0 0 0 0 0 0 0 0 0 0 0 0 0 0 0 0 0 0 0 0 0 0]
[989571293920262636898167620331728670090464299342550337330658976570336412208563168840397937824968177743731153257121166421114770799954293436608367919493811356349731220699223696900621558349002949544257704526918327838752 0 0 0 0 0 0 0 0 0 0 0 0 0 0 0 0 0 0 0 0 0 0 0 0 0 0 0 0 0 1 0 0 0 0 0 0 0 0 0 0 0 0 0 0 0 0 0 0 0 0 0 0 0 0 0 0 0 0 0 0 0 0 0 0 0 0 0 0 0 0 0]
[2563733163704542483045859402122142101470830595847132447445597941896063990018099286443183723067536688809424901779703427602398641811681110686927583975414746242727338316577835642791476096559426462152757223778531009396430 0 0 0 0 0 0 0 0 0 0 0 0 0 0 0 0 0 0 0 0 0 0 0 0 0 0 0 0 0 0 1 0 0 0 0 0 0 0 0 0 0 0 0 0 0 0 0 0 0 0 0 0 0 0 0 0 0 0 0 0 0 0 0 0 0 0 0 0 0 0 0]
[398843034091406020206104004620250363579621284794446212940131719769536169743418841722435818511459342239214703633932662775284736744133328426487960914968514788763475158236967359004868237650278729735755548410790465441132 0 0 0 0 0 0 0 0 0 0 0 0 0 0 0 0 0 0 0 0 0 0 0 0 0 0 0 0 0 0 0 1 0 0 0 0 0 0 0 0 0 0 0 0 0 0 0 0 0 0 0 0 0 0 0 0 0 0 0 0 0 0 0 0 0 0 0 0 0 0 0]
[455855649970866321287170905810094122034124679840253604036021333364755166384121943560689305720795987878271862243929500624710034274955348874907668117728059786380671670688645646732727709828453370830517904613013896961785 0 0 0 0 0 0 0 0 0 0 0 0 0 0 0 0 0 0 0 0 0 0 0 0 0 0 0 0 0 0 0 0 1 0 0 0 0 0 0 0 0 0 0 0 0 0 0 0 0 0 0 0 0 0 0 0 0 0 0 0 0 0 0 0 0 0 0 0 0 0 0]
[3054690593277141850368742393797593712669364013109063041139726769478407230738518490489129620672880165034446371185445477748384065973526022561386541204056454935122740791626052334730817783296364292454702757954067206830548 0 0 0 0 0 0 0 0 0 0 0 0 0 0 0 0 0 0 0 0 0 0 0 0 0 0 0 0 0 0 0 0 0 1 0 0 0 0 0 0 0 0 0 0 0 0 0 0 0 0 0 0 0 0 0 0 0 0 0 0 0 0 0 0 0 0 0 0 0 0 0]
[2151997904128874980479478592574550257174015789341195034885718876973751595188162490598556139088382975550732721906501386072974858491091961529239257761257553814993826561566789675272606328732441666875041687367822555257356 0 0 0 0 0 0 0 0 0 0 0 0 0 0 0 0 0 0 0 0 0 0 0 0 0 0 0 0 0 0 0 0 0 0 1 0 0 0 0 0 0 0 0 0 0 0 0 0 0 0 0 0 0 0 0 0 0 0 0 0 0 0 0 0 0 0 0 0 0 0 0]
[3353816071787919514951728850212904398052533100551304913564266806444002102014764128861112017996867979911798612404646039279107402107236925526458974605266328244438969928300282599196917791230683847731437675736561184486665 0 0 0 0 0 0 0 0 0 0 0 0 0 0 0 0 0 0 0 0 0 0 0 0 0 0 0 0 0 0 0 0 0 0 0 1 0 0 0 0 0 0 0 0 0 0 0 0 0 0 0 0 0 0 0 0 0 0 0 0 0 0 0 0 0 0 0 0 0 0 0]
[2348503012545300237634595545419417561337089035932629538724538504714288998621498842128896064887566989144574355764953520460631154256026646818875127195885322212565983898397006924940911383126866912214230968646021216818651 0 0 0 0 0 0 0 0 0 0 0 0 0 0 0 0 0 0 0 0 0 0 0 0 0 0 0 0 0 0 0 0 0 0 0 0 1 0 0 0 0 0 0 0 0 0 0 0 0 0 0 0 0 0 0 0 0 0 0 0 0 0 0 0 0 0 0 0 0 0 0]
[122210380068670564957569701951669463483043163331342704978516721099878689599988016839190574417046492580952446319164783703158681405036524606314492165752533877252633778454278584538880244178457720655986990740829506641697 0 0 0 0 0 0 0 0 0 0 0 0 0 0 0 0 0 0 0 0 0 0 0 0 0 0 0 0 0 0 0 0 0 0 0 0 0 1 0 0 0 0 0 0 0 0 0 0 0 0 0 0 0 0 0 0 0 0 0 0 0 0 0 0 0 0 0 0 0 0 0]
[1712773304946218174198651499412079241310333563440351792103907997681593596574578960009758609454076159129931652939467639445884400413886482914970367744214637074596298610242229310293767899489998907113894717488118133843159 0 0 0 0 0 0 0 0 0 0 0 0 0 0 0 0 0 0 0 0 0 0 0 0 0 0 0 0 0 0 0 0 0 0 0 0 0 0 1 0 0 0 0 0 0 0 0 0 0 0 0 0 0 0 0 0 0 0 0 0 0 0 0 0 0 0 0 0 0 0 0]
[3386553956054764487707986084187224136764189747610049983998244928476506834280778350590112459995148519568479827502314507468069239794212569713252213232009791618103334896713163536649729809346886291263046592421655236367543 0 0 0 0 0 0 0 0 0 0 0 0 0 0 0 0 0 0 0 0 0 0 0 0 0 0 0 0 0 0 0 0 0 0 0 0 0 0 0 1 0 0 0 0 0 0 0 0 0 0 0 0 0 0 0 0 0 0 0 0 0 0 0 0 0 0 0 0 0 0 0]
[1312869685160483445061038053042187978412577048602254318315712064322920034511471506059909543099917319023377445719267932099082132977917158556822467785158740170833651885222191231234445095987464528166968973653796291440165 0 0 0 0 0 0 0 0 0 0 0 0 0 0 0 0 0 0 0 0 0 0 0 0 0 0 0 0 0 0 0 0 0 0 0 0 0 0 0 0 1 0 0 0 0 0 0 0 0 0 0 0 0 0 0 0 0 0 0 0 0 0 0 0 0 0 0 0 0 0 0]
[3656327455587571019509989144112476601686929182182384207161112036675030051136440581861318368111063510700731007939685184073929568500249543415579784414875093211565403018775434538712586516824394238387174658795153721845576 0 0 0 0 0 0 0 0 0 0 0 0 0 0 0 0 0 0 0 0 0 0 0 0 0 0 0 0 0 0 0 0 0 0 0 0 0 0 0 0 0 1 0 0 0 0 0 0 0 0 0 0 0 0 0 0 0 0 0 0 0 0 0 0 0 0 0 0 0 0 0]
[1466486040057982781905007911701147411002251556421542536789199060919454528625399346666181589791918106945418359652837669473869220559640141595832292777650277112099005330339964645775720971896524228011051539509439602453052 0 0 0 0 0 0 0 0 0 0 0 0 0 0 0 0 0 0 0 0 0 0 0 0 0 0 0 0 0 0 0 0 0 0 0 0 0 0 0 0 0 0 1 0 0 0 0 0 0 0 0 0 0 0 0 0 0 0 0 0 0 0 0 0 0 0 0 0 0 0 0]
[2021580910630932034716697787388857549461375891749980858469309913943275571230415145893361320768014207873951923719006266695627811790410796602549912608485677940800810846945475832781343370922304988104570953545155039027686 0 0 0 0 0 0 0 0 0 0 0 0 0 0 0 0 0 0 0 0 0 0 0 0 0 0 0 0 0 0 0 0 0 0 0 0 0 0 0 0 0 0 0 1 0 0 0 0 0 0 0 0 0 0 0 0 0 0 0 0 0 0 0 0 0 0 0 0 0 0 0]
[3278835277168044560507829623058708696711635840952405916730081839514859518796522059654704990932412311584888451268938169171086680365838104521189593669229982283546853475603094117009066705453481829613477407955264046281993 0 0 0 0 0 0 0 0 0 0 0 0 0 0 0 0 0 0 0 0 0 0 0 0 0 0 0 0 0 0 0 0 0 0 0 0 0 0 0 0 0 0 0 0 1 0 0 0 0 0 0 0 0 0 0 0 0 0 0 0 0 0 0 0 0 0 0 0 0 0 0]
[802515601049943647639369866342598682599672797054542863280696545565915048110362563303150272694227401658628668370070998458036588375020007446517561475359593446487257566528763976388232016263813627801273812127676788151284 0 0 0 0 0 0 0 0 0 0 0 0 0 0 0 0 0 0 0 0 0 0 0 0 0 0 0 0 0 0 0 0 0 0 0 0 0 0 0 0 0 0 0 0 0 1 0 0 0 0 0 0 0 0 0 0 0 0 0 0 0 0 0 0 0 0 0 0 0 0 0]
[2436600175444486722846269989581339348072279668592061787812503307571374682681403015550688098285291923626630689335257348723875486622474232489617086296606656373743093502345719073216673306817472489463205577439818204599900 0 0 0 0 0 0 0 0 0 0 0 0 0 0 0 0 0 0 0 0 0 0 0 0 0 0 0 0 0 0 0 0 0 0 0 0 0 0 0 0 0 0 0 0 0 0 1 0 0 0 0 0 0 0 0 0 0 0 0 0 0 0 0 0 0 0 0 0 0 0 0]
[3003340031203607530896462903877338024029484283876641907267875879723554433392072855635409831078957039504654551713116304671344678511811690765957492001221359752789964725383910671505362532735443241399026414906550179455986 0 0 0 0 0 0 0 0 0 0 0 0 0 0 0 0 0 0 0 0 0 0 0 0 0 0 0 0 0 0 0 0 0 0 0 0 0 0 0 0 0 0 0 0 0 0 0 1 0 0 0 0 0 0 0 0 0 0 0 0 0 0 0 0 0 0 0 0 0 0 0]
[1109542438272535410357435553984750776422694279384443809212626669336207043248309703595608482031637635450508814159613024773090799648460606728564969374923890664943724221027513251848060424460911453622259479664133204055309 0 0 0 0 0 0 0 0 0 0 0 0 0 0 0 0 0 0 0 0 0 0 0 0 0 0 0 0 0 0 0 0 0 0 0 0 0 0 0 0 0 0 0 0 0 0 0 0 1 0 0 0 0 0 0 0 0 0 0 0 0 0 0 0 0 0 0 0 0 0 0]
[256395916348791199079981277615957841125995152172264781113376731650150977695884829236015284158844067049316383821437730764445204633658284398058300726329421975632280378489074812360946517297997305715077918759410354912352 0 0 0 0 0 0 0 0 0 0 0 0 0 0 0 0 0 0 0 0 0 0 0 0 0 0 0 0 0 0 0 0 0 0 0 0 0 0 0 0 0 0 0 0 0 0 0 0 0 1 0 0 0 0 0 0 0 0 0 0 0 0 0 0 0 0 0 0 0 0 0]
[1035162084409321534824003194240044050526761625723698347221166509260976724058147238714440939463011674374059576305479769923230610746107235143741135079537785270603889923184934302029294869774971676815434469891578989520063 0 0 0 0 0 0 0 0 0 0 0 0 0 0 0 0 0 0 0 0 0 0 0 0 0 0 0 0 0 0 0 0 0 0 0 0 0 0 0 0 0 0 0 0 0 0 0 0 0 0 1 0 0 0 0 0 0 0 0 0 0 0 0 0 0 0 0 0 0 0 0]
[2048022873459988140551099398372879333872953613196896617772434194857056934582933634687928743627221746899534161970988236113077207793282838859360155528906219400553010833355881889608981479125918859112877595928668356795972 0 0 0 0 0 0 0 0 0 0 0 0 0 0 0 0 0 0 0 0 0 0 0 0 0 0 0 0 0 0 0 0 0 0 0 0 0 0 0 0 0 0 0 0 0 0 0 0 0 0 0 1 0 0 0 0 0 0 0 0 0 0 0 0 0 0 0 0 0 0 0]
[778137126611627102638958154311038809902899172435217443412998038151738092819621024411894028513702857624529382392627422802128032444669838887984819850448684947095326496314229580962550676451300644010289539229631724233748 0 0 0 0 0 0 0 0 0 0 0 0 0 0 0 0 0 0 0 0 0 0 0 0 0 0 0 0 0 0 0 0 0 0 0 0 0 0 0 0 0 0 0 0 0 0 0 0 0 0 0 0 1 0 0 0 0 0 0 0 0 0 0 0 0 0 0 0 0 0 0]
[3284940312497581163458737713748315115864642451122367166905459754764067335549076971953307543290479864687492858773659678234540459710023100761594066017469735315976562591070435722077666130465277820296004054624541480144463 0 0 0 0 0 0 0 0 0 0 0 0 0 0 0 0 0 0 0 0 0 0 0 0 0 0 0 0 0 0 0 0 0 0 0 0 0 0 0 0 0 0 0 0 0 0 0 0 0 0 0 0 0 1 0 0 0 0 0 0 0 0 0 0 0 0 0 0 0 0 0]
[3376504985691775948849067783539904716555081887293887268618344427857326344645044644131329518258082271623032200414365221277241763575912544181817246441475516295554363677259832703700190166237343743375487774067382115629803 0 0 0 0 0 0 0 0 0 0 0 0 0 0 0 0 0 0 0 0 0 0 0 0 0 0 0 0 0 0 0 0 0 0 0 0 0 0 0 0 0 0 0 0 0 0 0 0 0 0 0 0 0 0 1 0 0 0 0 0 0 0 0 0 0 0 0 0 0 0 0]
[1746628354636796802646128255630276824421331604513216989864366102803802450344033187229757624168423941185495617143475798547138611469706911543803926630147895499223851062570854866311325613244494709899806386231156620133022 0 0 0 0 0 0 0 0 0 0 0 0 0 0 0 0 0 0 0 0 0 0 0 0 0 0 0 0 0 0 0 0 0 0 0 0 0 0 0 0 0 0 0 0 0 0 0 0 0 0 0 0 0 0 0 1 0 0 0 0 0 0 0 0 0 0 0 0 0 0 0]
[1363811493899572061328504433434802852193583039733380503405310552745718212607254418289539238657730109334157094880565740387098928777305959380524965441373477410043859757699162017937739147226659816835692440492466297820405 0 0 0 0 0 0 0 0 0 0 0 0 0 0 0 0 0 0 0 0 0 0 0 0 0 0 0 0 0 0 0 0 0 0 0 0 0 0 0 0 0 0 0 0 0 0 0 0 0 0 0 0 0 0 0 0 1 0 0 0 0 0 0 0 0 0 0 0 0 0 0]
[636189716959497369652796579890845643058434891942745354316921994621312071363485836141258675436046221060560904942291675504324405654636125362343535698160239979700727395238218499195087291094009852279167097524410439077368 0 0 0 0 0 0 0 0 0 0 0 0 0 0 0 0 0 0 0 0 0 0 0 0 0 0 0 0 0 0 0 0 0 0 0 0 0 0 0 0 0 0 0 0 0 0 0 0 0 0 0 0 0 0 0 0 0 1 0 0 0 0 0 0 0 0 0 0 0 0 0]
[427685929446227939443509772634635845852715187003165212139299653649036319863700296538108032627008044358545028866059774246978740350864066639148567781220264492510377076148915785522403072058302062455773299244853258018252 0 0 0 0 0 0 0 0 0 0 0 0 0 0 0 0 0 0 0 0 0 0 0 0 0 0 0 0 0 0 0 0 0 0 0 0 0 0 0 0 0 0 0 0 0 0 0 0 0 0 0 0 0 0 0 0 0 0 1 0 0 0 0 0 0 0 0 0 0 0 0]
[29833768331524412029252235167612938505161553808470495129423102832331326789206945746007577648305541944335800370241742601298812656055788532189419614244583087053899235221241070892331462755788146129001521367063843155005 0 0 0 0 0 0 0 0 0 0 0 0 0 0 0 0 0 0 0 0 0 0 0 0 0 0 0 0 0 0 0 0 0 0 0 0 0 0 0 0 0 0 0 0 0 0 0 0 0 0 0 0 0 0 0 0 0 0 0 1 0 0 0 0 0 0 0 0 0 0 0]
[320881787262162497639422551172178293559024788995471772276782060797875343158694382838121248613432899582933389719534756175846182072095330704894831495441983191730120026746349894803452703643964545185624008724820974966299 0 0 0 0 0 0 0 0 0 0 0 0 0 0 0 0 0 0 0 0 0 0 0 0 0 0 0 0 0 0 0 0 0 0 0 0 0 0 0 0 0 0 0 0 0 0 0 0 0 0 0 0 0 0 0 0 0 0 0 0 1 0 0 0 0 0 0 0 0 0 0]
[1618344588749874568813073973587776023003891416191089652988237880725182593095297696715195854324073254924910137809087478258950305973178295139516255319590767960740896265414061048980454541235456516206987128948869882802117 0 0 0 0 0 0 0 0 0 0 0 0 0 0 0 0 0 0 0 0 0 0 0 0 0 0 0 0 0 0 0 0 0 0 0 0 0 0 0 0 0 0 0 0 0 0 0 0 0 0 0 0 0 0 0 0 0 0 0 0 0 1 0 0 0 0 0 0 0 0 0]
[1494036206100353167176927541950586279882632135122661869341583728255024148518800676202641649868965918977668533840740054428392752710400342938724352414378026540190844388993299634378073767779974016456882604680103202332592 0 0 0 0 0 0 0 0 0 0 0 0 0 0 0 0 0 0 0 0 0 0 0 0 0 0 0 0 0 0 0 0 0 0 0 0 0 0 0 0 0 0 0 0 0 0 0 0 0 0 0 0 0 0 0 0 0 0 0 0 0 0 1 0 0 0 0 0 0 0 0]
[1856389989942580722553292389346179338742747075023972320524638215934346941650833209675483064778733025621431423424966589862057070949547860112568659636930776803533590980231945875120073273507140353152893717522397902218766 0 0 0 0 0 0 0 0 0 0 0 0 0 0 0 0 0 0 0 0 0 0 0 0 0 0 0 0 0 0 0 0 0 0 0 0 0 0 0 0 0 0 0 0 0 0 0 0 0 0 0 0 0 0 0 0 0 0 0 0 0 0 0 1 0 0 0 0 0 0 0]
[630607986086056370055460419358688934001656489231252933689354365826787844684103474519673577085769405829514598672380514193044601604705675680297763589858492330835771487680320447121606989056063106092629102651866203294525 0 0 0 0 0 0 0 0 0 0 0 0 0 0 0 0 0 0 0 0 0 0 0 0 0 0 0 0 0 0 0 0 0 0 0 0 0 0 0 0 0 0 0 0 0 0 0 0 0 0 0 0 0 0 0 0 0 0 0 0 0 0 0 0 1 0 0 0 0 0 0]
[30286658930019126644009828827074746886221200549643382688821463251232571316813487491401550419126685296700963552916611017720409312742086952804858099811046935444599963072721704483529355040720923063599252037239589167994 0 0 0 0 0 0 0 0 0 0 0 0 0 0 0 0 0 0 0 0 0 0 0 0 0 0 0 0 0 0 0 0 0 0 0 0 0 0 0 0 0 0 0 0 0 0 0 0 0 0 0 0 0 0 0 0 0 0 0 0 0 0 0 0 0 1 0 0 0 0 0]
[3641532462828847450899071645686076470158919215293520842163508147367241652899545764930240050392753839183983850918639451445764906832252072498261000796577267802082495596738443624805235860442240971889057710629574052908579 0 0 0 0 0 0 0 0 0 0 0 0 0 0 0 0 0 0 0 0 0 0 0 0 0 0 0 0 0 0 0 0 0 0 0 0 0 0 0 0 0 0 0 0 0 0 0 0 0 0 0 0 0 0 0 0 0 0 0 0 0 0 0 0 0 0 1 0 0 0 0]
[476840798470385208932510699719959014120363793425610420868389659422469984127985630420858809662712409239427140240334670761364453218986874916727612380123224210633274516463160547656874453143543442550915369499382369394794 0 0 0 0 0 0 0 0 0 0 0 0 0 0 0 0 0 0 0 0 0 0 0 0 0 0 0 0 0 0 0 0 0 0 0 0 0 0 0 0 0 0 0 0 0 0 0 0 0 0 0 0 0 0 0 0 0 0 0 0 0 0 0 0 0 0 0 1 0 0 0]
[3653962573681665703404591675411682505855204950539253154460743216637180292293105948142385153130926720618361556342324723205908262142404572875362998660562447246723844509655018606361898570365503898638444385241698420172748 0 0 0 0 0 0 0 0 0 0 0 0 0 0 0 0 0 0 0 0 0 0 0 0 0 0 0 0 0 0 0 0 0 0 0 0 0 0 0 0 0 0 0 0 0 0 0 0 0 0 0 0 0 0 0 0 0 0 0 0 0 0 0 0 0 0 0 0 1 0 0]
[2101393836685023921766605404670361668438764484751369419503970707864282796519198629544038052391030852110020951572819546150733518372218263829620937948272212468402440726853004574996117880152611099901872466229312134157666 0 0 0 0 0 0 0 0 0 0 0 0 0 0 0 0 0 0 0 0 0 0 0 0 0 0 0 0 0 0 0 0 0 0 0 0 0 0 0 0 0 0 0 0 0 0 0 0 0 0 0 0 0 0 0 0 0 0 0 0 0 0 0 0 0 0 0 0 0 1 0]
[1077519843408631922701775695199420549879427924511113473071453112461197516318027643628600872586822979897385430207935129194250815720244437698919740421355748959685809263325938976040303885550398805982670190158804212441951 0 0 0 0 0 0 0 0 0 0 0 0 0 0 0 0 0 0 0 0 0 0 0 0 0 0 0 0 0 0 0 0 0 0 0 0 0 0 0 0 0 0 0 0 0 0 0 0 0 0 0 0 0 0 0 0 0 0 0 0 0 0 0 0 0 0 0 0 0 0 1]
]
72 73 3
[1 1 1 1 1 1 1 1 1 1 1 1 1 1 1 1 1 1 1 1 1 1 1 1 1 1 1 1 1 1 1 1 1 1 1 1 1 1 1 1 1 1 1 1 1 1 1 1 1 1 1 1 1 1 1 1 1 1 1 1 1 1 1 1 1 1 1 1 1 1 1 1 1]
