[[3191285292263653563483152662885732566895300628183041296649144807432012372140161295197463889090772119762019185056795864887302225882986571280726212536693887371643763203715545402753220401460052355997595956744890219538223 0 0 0 0 0 0 0 0 0 0 0 0 0 0 0 0 0 0 0 0 0 0 0 0 0 0 0 0 0 0 0 0 0 0 0 0 0 0 0 0 0 0 0 0 0 0 0 0 0 0 0 0 0 0 0 0 0 0 0 0 0 0 0 0 0 0 0 0 0 0 0]
[1385412630589386829821858844943888805651053059215327453096460744130818617819525857061346191258592607118126277248865226652600530922904775429039651835731205486362969595207530130659331639310834820439519304039512431428270 1 0 0 0 0 0 0 0 0 0 0 0 0 0 0 0 0 0 0 0 0 0 0 0 0 0 0 0 0 0 0 0 0 0 0 0 0 0 0 0 0 0 0 0 0 0 0 0 0 0 0 0 0 0 0 0 0 0 0 0 0 0 0 0 0 0 0 0 0 0 0]
[1455031551642048978031458638417522163107359467964771566594297239907533737013640655773774868909166516935476260287397729846514389526951788167674232594544210134672051597720306284623824413218410590978119309367557404397574 0 1 0 0 0 0 0 0 0 0 0 0 0 0 0 0 0 0 0 0 0 0 0 0 0 0 0 0 0 0 0 0 0 0 0 0 0 0 0 0 0 0 0 0 0 0 0 0 0 0 0 0 0 0 0 0 0 0 0 0 0 0 0 0 0 0 0 0 0 0 0]
[136749171005001425208017889900142444343783142210798091745273880455050109325122219157663840888109172901122449911987370869257616143083626614647483676500641394537591122192550003433079254722482152181420015009347402646704 0 0 1 0 0 0 0 0 0 0 0 0 0 0 0 0 0 0 0 0 0 0 0 0 0 0 0 0 0 0 0 0 0 0 0 0 0 0 0 0 0 0 0 0 0 0 0 0 0 0 0 0 0 0 0 0 0 0 0 0 0 0 0 0 0 0 0 0 0 0 0]
[829265281808120224388258435910808282005106210350884091645189776757465361468210581559171003708818393859558329121265624687238759095316437728210027206308363229028238493042157655184085622123738393112210813931402238981117 0 0 0 1 0 0 0 0 0 0 0 0 0 0 0 0 0 0 0 0 0 0 0 0 0 0 0 0 0 0 0 0 0 0 0 0 0 0 0 0 0 0 0 0 0 0 0 0 0 0 0 0 0 0 0 0 0 0 0 0 0 0 0 0 0 0 0 0 0 0 0]
[1894354952808670726481905471861618008704171567578460532432291347348164986939038105809512995778184170999541506224123264368166665556131768245264031938204143915820937191635907698786005222076483894699256457329021189423148 0 0 0 0 1 0 0 0 0 0 0 0 0 0 0 0 0 0 0 0 0 0 0 0 0 0 0 0 0 0 0 0 0 0 0 0 0 0 0 0 0 0 0 0 0 0 0 0 0 0 0 0 0 0 0 0 0 0 0 0 0 0 0 0 0 0 0 0 0 0 0]
[319731661684456641979962262341470200051525457765112905711396905426738452612980192206423085551184121373714616460421548361289814106235509698052729943611177204008990683421221879909277135831024338754646660492267763653809 0 0 0 0 0 1 0 0 0 0 0 0 0 0 0 0 0 0 0 0 0 0 0 0 0 0 0 0 0 0 0 0 0 0 0 0 0 0 0 0 0 0 0 0 0 0 0 0 0 0 0 0 0 0 0 0 0 0 0 0 0 0 0 0 0 0 0 0 0 0 0]
[2741311994033406735036297274162546333579588464942154290121846258004386625215703957007265279986853517929206855021546122504345667352165511717291069315276515669025943567841105409821859228015355557594921642160190807320308 0 0 0 0 0 0 1 0 0 0 0 0 0 0 0 0 0 0 0 0 0 0 0 0 0 0 0 0 0 0 0 0 0 0 0 0 0 0 0 0 0 0 0 0 0 0 0 0 0 0 0 0 0 0 0 0 0 0 0 0 0 0 0 0 0 0 0 0 0 0 0]
[693043143413472288803653499215060959146113011263706487830756361854664463872993817356143531923094676380931886732521597722824129749774250645005499153235021830781537954414159740609896160896811633985032240673168365049339 0 0 0 0 0 0 0 1 0 0 0 0 0 0 0 0 0 0 0 0 0 0 0 0 0 0 0 0 0 0 0 0 0 0 0 0 0 0 0 0 0 0 0 0 0 0 0 0 0 0 0 0 0 0 0 0 0 0 0 0 0 0 0 0 0 0 0 0 0 0 0]
[2051921424298157207851488676192121485540959332627241857667060212922614970784116250500022251758957734437767298178605106737857311642751958586463731809591063559362959870623338200455067817903908677957814542336817123610671 0 0 0 0 0 0 0 0 1 0 0 0 0 0 0 0 0 0 0 0 0 0 0 0 0 0 0 0 0 0 0 0 0 0 0 0 0 0 0 0 0 0 0 0 0 0 0 0 0 0 0 0 0 0 0 0 0 0 0 0 0 0 0 0 0 0 0 0 0 0 0]
[352074450529775549468647157604441681929871694278652310825868412485753907884993470548524321723792474743287243116630031629375609352038291079373218265426049081009085389561256384537633563186032451345050104513666709252262 0 0 0 0 0 0 0 0 0 1 0 0 0 0 0 0 0 0 0 0 0 0 0 0 0 0 0 0 0 0 0 0 0 0 0 0 0 0 0 0 0 0 0 0 0 0 0 0 0 0 0 0 0 0 0 0 0 0 0 0 0 0 0 0 0 0 0 0 0 0 0]
[1804342068261111367483133698002247269069497113148648400879230638830539229616258860152376968209820132838553794624889081074251864869871349561436089353151916978973732597255062351131569512611597517156374169074099889493091 0 0 0 0 0 0 0 0 0 0 1 0 0 0 0 0 0 0 0 0 0 0 0 0 0 0 0 0 0 0 0 0 0 0 0 0 0 0 0 0 0 0 0 0 0 0 0 0 0 0 0 0 0 0 0 0 0 0 0 0 0 0 0 0 0 0 0 0 0 0 0]
[1479937317486952977704813629112810183459090390229540253867857096682897306172494983567821492690711244410604243839334630989813856465331800852792314328005764073649385266802666682537542053787983910176968735866996763507247 0 0 0 0 0 0 0 0 0 0 0 1 0 0 0 0 0 0 0 0 0 0 0 0 0 0 0 0 0 0 0 0 0 0 0 0 0 0 0 0 0 0 0 0 0 0 0 0 0 0 0 0 0 0 0 0 0 0 0 0 0 0 0 0 0 0 0 0 0 0 0]
[1126973449201578121016090782738135591322570204775226439356585285810818366173908392708080608621639005112158239438643856319515122335393527344331889554816648752579258123892108224050634930356527156332446143492896884031952 0 0 0 0 0 0 0 0 0 0 0 0 1 0 0 0 0 0 0 0 0 0 0 0 0 0 0 0 0 0 0 0 0 0 0 0 0 0 0 0 0 0 0 0 0 0 0 0 0 0 0 0 0 0 0 0 0 0 0 0 0 0 0 0 0 0 0 0 0 0 0]
[2120621201818563576994980283342214245549497915875316074955467170616293943574056913201576364350120254358948565165311187962685540995082088397743436179106517984860745097180117512307934946038116781191087598969592103445317 0 0 0 0 0 0 0 0 0 0 0 0 0 1 0 0 0 0 0 0 0 0 0 0 0 0 0 0 0 0 0 0 0 0 0 0 0 0 0 0 0 0 0 0 0 0 0 0 0 0 0 0 0 0 0 0 0 0 0 0 0 0 0 0 0 0 0 0 0 0 0]
[775539585149343775390159483863286498242850095397777622461119614518764386302291377933072287307381503995029485968829391914310217207817786190250552316279636414224333533754393953933145119544200682812452203464835166839413 0 0 0 0 0 0 0 0 0 0 0 0 0 0 1 0 0 0 0 0 0 0 0 0 0 0 0 0 0 0 0 0 0 0 0 0 0 0 0 0 0 0 0 0 0 0 0 0 0 0 0 0 0 0 0 0 0 0 0 0 0 0 0 0 0 0 0 0 0 0 0]
[1651425842210932951217873162573389876614943454675647062704104860507046122658555634401337796081252376610590921164174532519903479864101879518805926475337704691754982307034306919497885314636662182520311336781657442907250 0 0 0 0 0 0 0 0 0 0 0 0 0 0 0 1 0 0 0 0 0 0 0 0 0 0 0 0 0 0 0 0 0 0 0 0 0 0 0 0 0 0 0 0 0 0 0 0 0 0 0 0 0 0 0 0 0 0 0 0 0 0 0 0 0 0 0 0 0 0 0]
[1061981651668429276287172576695934747191924194499807587142768183637213089710967180125759438675158410122742021251288834619092465495745946628963469015368329093715002607489765421740454775508940699875770572779002587232693 0 0 0 0 0 0 0 0 0 0 0 0 0 0 0 0 1 0 0 0 0 0 0 0 0 0 0 0 0 0 0 0 0 0 0 0 0 0 0 0 0 0 0 0 0 0 0 0 0 0 0 0 0 0 0 0 0 0 0 0 0 0 0 0 0 0 0 0 0 0 0]
[2383967968785402227160660540158854260905558925583409988445626167534015528138204942299272508124495546580490239187051181810750776473860327163921016353580090545948262291771960355353800777884466311646691178699379145934933 0 0 0 0 0 0 0 0 0 0 0 0 0 0 0 0 0 1 0 0 0 0 0 0 0 0 0 0 0 0 0 0 0 0 0 0 0 0 0 0 0 0 0 0 0 0 0 0 0 0 0 0 0 0 0 0 0 0 0 0 0 0 0 0 0 0 0 0 0 0 0]
[596038121563274664506329008646096444863891332355120186188735956773615466842896359288729745256672353762174843979730593102591447773317910595709999188225627507108059861095022350266187704629434930482126237750714450649483 0 0 0 0 0 0 0 0 0 0 0 0 0 0 0 0 0 0 1 0 0 0 0 0 0 0 0 0 0 0 0 0 0 0 0 0 0 0 0 0 0 0 0 0 0 0 0 0 0 0 0 0 0 0 0 0 0 0 0 0 0 0 0 0 0 0 0 0 0 0 0]
[492292706122449883531829267980469830576672834335622009190543821437749100655469990820236236882665281999364680183595317581443885073546418344434862208928612851661687230909445763975103354571768845569364319202023986456577 0 0 0 0 0 0 0 0 0 0 0 0 0 0 0 0 0 0 0 1 0 0 0 0 0 0 0 0 0 0 0 0 0 0 0 0 0 0 0 0 0 0 0 0 0 0 0 0 0 0 0 0 0 0 0 0 0 0 0 0 0 0 0 0 0 0 0 0 0 0 0]
[1943785123892911927167198314312975796119604251939954413133434311765578303992576034584194345438191409995704245208167593550637406617595697350524190536761241090342755065117875331386602448982819604616290175279257167379409 0 0 0 0 0 0 0 0 0 0 0 0 0 0 0 0 0 0 0 0 1 0 0 0 0 0 0 0 0 0 0 0 0 0 0 0 0 0 0 0 0 0 0 0 0 0 0 0 0 0 0 0 0 0 0 0 0 0 0 0 0 0 0 0 0 0 0 0 0 0 0]
[3153435423251316901505576411563066195635496177540049766663695671169747621812187164931020832509330080710095027974475760648506104341399288165723334373193025809791267282956202485637167033388953137183081681411626802758718 0 0 0 0 0 0 0 0 0 0 0 0 0 0 0 0 0 0 0 0 0 1 0 0 0 0 0 0 0 0 0 0 0 0 0 0 0 0 0 0 0 0 0 0 0 0 0 0 0 0 0 0 0 0 0 0 0 0 0 0 0 0 0 0 0 0 0 0 0 0 0]
[3054340547898976265280501485055084127429212524236531936831289589928317206546305934459879479376573786092040250387380931212167724192408927575092211425626255649272253581891970728671189806615242893559707344623508670429805 0 0 0 0 0 0 0 0 0 0 0 0 0 0 0 0 0 0 0 0 0 0 1 0 0 0 0 0 0 0 0 0 0 0 0 0 0 0 0 0 0 0 0 0 0 0 0 0 0 0 0 0 0 0 0 0 0 0 0 0 0 0 0 0 0 0 0 0 0 0 0]
[605341422264757011271137920290268627018619267027022093368377532296305434024317348287684567984765976609704427342465830483385757517498680820493008562025626177582981446400369794087227806074819660930981865576871286807184 0 0 0 0 0 0 0 0 0 0 0 0 0 0 0 0 0 0 0 0 0 0 0 1 0 0 0 0 0 0 0 0 0 0 0 0 0 0 0 0 0 0 0 0 0 0 0 0 0 0 0 0 0 0 0 0 0 0 0 0 0 0 0 0 0 0 0 0 0 0 0]
[758438437964993100091700988761454897371760496033702879849518223429190174312653859227973274427146049253250262700067728163674431434184316318087034167558510234515243761810764125649182287517481289649006854426921017436658 0 0 0 0 0 0 0 0 0 0 0 0 0 0 0 0 0 0 0 0 0 0 0 0 1 0 0 0 0 0 0 0 0 0 0 0 0 0 0 0 0 0 0 0 0 0 0 0 0 0 0 0 0 0 0 0 0 0 0 0 0 0 0 0 0 0 0 0 0 0 0]
[330306368331652129246791444812893622692154036651634338387993101284716342888044118145096823096650998842941118003082068912462021318523801005018453310429832733785801807955840534708472584508353581361118776576912891327062 0 0 0 0 0 0 0 0 0 0 0 0 0 0 0 0 0 0 0 0 0 0 0 0 0 1 0 0 0 0 0 0 0 0 0 0 0 0 0 0 0 0 0 0 0 0 0 0 0 0 0 0 0 0 0 0 0 0 0 0 0 0 0 0 0 0 0 0 0 0 0]
[1062343123158327586630422669162368675866260754958857851146115439704793470822571819740223030377526400290258433035514083159403089514081033700147492754658967686351694964127354468024201664943308267411018527228902731555869 0 0 0 0 0 0 0 0 0 0 0 0 0 0 0 0 0 0 0 0 0 0 0 0 0 0 1 0 0 0 0 0 0 0 0 0 0 0 0 0 0 0 0 0 0 0 0 0 0 0 0 0 0 0 0 0 0 0 0 0 0 0 0 0 0 0 0 0 0 0 0]
[3141591413154469748540007691695651541962940812494756058407431976860975159109400732662143807509566296121168667783988659770504992198690817524034988890968898083267178124410141315211241836017357929060509639857392938791778 0 0 0 0 0 0 0 0 0 0 0 0 0 0 0 0 0 0 0 0 0 0 0 0 0 0 0 1 0 0 0 0 0 0 0 0 0 0 0 0 0 0 0 0 0 0 0 0 0 0 0 0 0 0 0 0 0 0 0 0 0 0 0 0 0 0 0 0 0 0 0]
[1847992424926399209722342018177859023009198834858412025644681321611575236697129511092016923622562476555753551805182161506219180390504366598650422280014311441285991728045925414267750628606022340949464604527052331239162 0 0 0 0 0 0 0 0 0 0 0 0 0 0 0 0 0 0 0 0 0 0 0 0 0 0 0 0 1 0 0 0 0 0 0 0 0 0 0 0 0 0 0 0 0 0 0 0 0 0 0 0 0 0 0 0 0 0 0 0 0 0 0 0 0 0 0 0 0 0 0]
[680593913001349474283576300238895195685366711374668345877948375649276990093499386232614025569724898411622167537618321307373692386431624601588877515080408841980946746504644909223646362960580021743976308447558501521889 0 0 0 0 0 0 0 0 0 0 0 0 0 0 0 0 0 0 0 0 0 0 0 0 0 0 0 0 0 1 0 0 0 0 0 0 0 0 0 0 0 0 0 0 0 0 0 0 0 0 0 0 0 0 0 0 0 0 0 0 0 0 0 0 0 0 0 0 0 0 0]
[1169882154901941845907226518656590135856765698659177437540104895522092141158632351620255241876326542331795491087373919457602589555071012481489846870577045957119581814623228647260478066548001143707233941118492310031476 0 0 0 0 0 0 0 0 0 0 0 0 0 0 0 0 0 0 0 0 0 0 0 0 0 0 0 0 0 0 1 0 0 0 0 0 0 0 0 0 0 0 0 0 0 0 0 0 0 0 0 0 0 0 0 0 0 0 0 0 0 0 0 0 0 0 0 0 0 0 0]
[585765003472661075470192145909279056706816933106681710736167084500128404483481223574884265986994314330670211107728105560844329652215149630732439193364000055761466171264818798600648693511127194333172849921801064572219 0 0 0 0 0 0 0 0 0 0 0 0 0 0 0 0 0 0 0 0 0 0 0 0 0 0 0 0 0 0 0 1 0 0 0 0 0 0 0 0 0 0 0 0 0 0 0 0 0 0 0 0 0 0 0 0 0 0 0 0 0 0 0 0 0 0 0 0 0 0 0]
[2597749410009854061095023553695515305090131807210115158255891156414794543355463474979246462045652437437733981138803298304308810367138605654128248759126570558636230381582295282968145025863336638094351505698070642538194 0 0 0 0 0 0 0 0 0 0 0 0 0 0 0 0 0 0 0 0 0 0 0 0 0 0 0 0 0 0 0 0 1 0 0 0 0 0 0 0 0 0 0 0 0 0 0 0 0 0 0 0 0 0 0 0 0 0 0 0 0 0 0 0 0 0 0 0 0 0 0]
[964057951713808503313021610871592996428966986356672272540660091244857805443552964408284753271259429858097583863012794775710150887028561055333624823886962215649680951279925899340972775689804478102999644345869921043850 0 0 0 0 0 0 0 0 0 0 0 0 0 0 0 0 0 0 0 0 0 0 0 0 0 0 0 0 0 0 0 0 0 1 0 0 0 0 0 0 0 0 0 0 0 0 0 0 0 0 0 0 0 0 0 0 0 0 0 0 0 0 0 0 0 0 0 0 0 0 0]
[2866753665295737202325433287803559329809509671405311202612636369253062178187885814779372875881288680727716978432807834251930180024917234910768964022421359160284058195450465426332947149464184931963253479659379055357581 0 0 0 0 0 0 0 0 0 0 0 0 0 0 0 0 0 0 0 0 0 0 0 0 0 0 0 0 0 0 0 0 0 0 1 0 0 0 0 0 0 0 0 0 0 0 0 0 0 0 0 0 0 0 0 0 0 0 0 0 0 0 0 0 0 0 0 0 0 0 0]
[2531173349729993507096787152008651823415725258797703258854905346809695198076638784407630563474561726271027372347043668698451301033690715683430903732865517103512780297560449051655921863784947346684553373041554390481230 0 0 0 0 0 0 0 0 0 0 0 0 0 0 0 0 0 0 0 0 0 0 0 0 0 0 0 0 0 0 0 0 0 0 0 1 0 0 0 0 0 0 0 0 0 0 0 0 0 0 0 0 0 0 0 0 0 0 0 0 0 0 0 0 0 0 0 0 0 0 0]
[2295176562646585309751487328937572272853999319720173783343772210527983547058142583657537115071703790953271279519675430209447485899258410053312553844513324518956204890618090333939184182614726751433407115566493753696204 0 0 0 0 0 0 0 0 0 0 0 0 0 0 0 0 0 0 0 0 0 0 0 0 0 0 0 0 0 0 0 0 0 0 0 0 1 0 0 0 0 0 0 0 0 0 0 0 0 0 0 0 0 0 0 0 0 0 0 0 0 0 0 0 0 0 0 0 0 0 0]
[1241998369543982848978874888547250095029896386231568909968749591434866860718254199859415271817526734396828106113380672488318126808702010746622763799102931398325681662359680356742456129485042127979919374336738024520095 0 0 0 0 0 0 0 0 0 0 0 0 0 0 0 0 0 0 0 0 0 0 0 0 0 0 0 0 0 0 0 0 0 0 0 0 0 1 0 0 0 0 0 0 0 0 0 0 0 0 0 0 0 0 0 0 0 0 0 0 0 0 0 0 0 0 0 0 0 0 0]
[782710873455361738234428854476657155153838136521296148866181517633685005817711564283987015375245799139310402796532280751579638144157629251055171846007437016543837494171643920493945957688355103888392512261821053442948 0 0 0 0 0 0 0 0 0 0 0 0 0 0 0 0 0 0 0 0 0 0 0 0 0 0 0 0 0 0 0 0 0 0 0 0 0 0 1 0 0 0 0 0 0 0 0 0 0 0 0 0 0 0 0 0 0 0 0 0 0 0 0 0 0 0 0 0 0 0 0]
[961488490198640508786699999321339324986630898483437524914056617346933852036909784990267002744525200683099036163019847771072149230183203199869218916058039787636277319717436280519897870048965851400405263352840548985709 0 0 0 0 0 0 0 0 0 0 0 0 0 0 0 0 0 0 0 0 0 0 0 0 0 0 0 0 0 0 0 0 0 0 0 0 0 0 0 1 0 0 0 0 0 0 0 0 0 0 0 0 0 0 0 0 0 0 0 0 0 0 0 0 0 0 0 0 0 0 0]
[1107148801132165078282435077744031555390940374959585384450416960916961515166586277620281368728752890751204368140823106292043134946548289404021267987657879978136690110503317383794925006493855203480292024972598020676150 0 0 0 0 0 0 0 0 0 0 0 0 0 0 0 0 0 0 0 0 0 0 0 0 0 0 0 0 0 0 0 0 0 0 0 0 0 0 0 0 1 0 0 0 0 0 0 0 0 0 0 0 0 0 0 0 0 0 0 0 0 0 0 0 0 0 0 0 0 0 0]
[2263139238186885800263872535986434338011006799003379468080109331350377499536345771922207447844695791101190187805713563120266458947277975453700002331449503614929990264255739293216951187597013817869537319965364775868562 0 0 0 0 0 0 0 0 0 0 0 0 0 0 0 0 0 0 0 0 0 0 0 0 0 0 0 0 0 0 0 0 0 0 0 0 0 0 0 0 0 1 0 0 0 0 0 0 0 0 0 0 0 0 0 0 0 0 0 0 0 0 0 0 0 0 0 0 0 0 0]
[3058932090486529660728573786762320112812912937889410606705496166440374519605980002849194099064567205127696436361590982692678512289306326689551300990223196330578089331251394804146140902359335614843819085841047394256331 0 0 0 0 0 0 0 0 0 0 0 0 0 0 0 0 0 0 0 0 0 0 0 0 0 0 0 0 0 0 0 0 0 0 0 0 0 0 0 0 0 0 1 0 0 0 0 0 0 0 0 0 0 0 0 0 0 0 0 0 0 0 0 0 0 0 0 0 0 0 0]
[2981579529704945252766916609095079582496524044790771242654268359520226096040077527806040717289877045439170405369478594344580101715739024520763971851824994032203527993142819750369498333666292697144871468997029941499918 0 0 0 0 0 0 0 0 0 0 0 0 0 0 0 0 0 0 0 0 0 0 0 0 0 0 0 0 0 0 0 0 0 0 0 0 0 0 0 0 0 0 0 1 0 0 0 0 0 0 0 0 0 0 0 0 0 0 0 0 0 0 0 0 0 0 0 0 0 0 0]
[1881274139093467978820953749726922779892047462052199727586500636644605056779863738469057240672590850749856559421134885572431718903330544073743342161138001890983169529433670674331630136590513022554455359662525931264974 0 0 0 0 0 0 0 0 0 0 0 0 0 0 0 0 0 0 0 0 0 0 0 0 0 0 0 0 0 0 0 0 0 0 0 0 0 0 0 0 0 0 0 0 1 0 0 0 0 0 0 0 0 0 0 0 0 0 0 0 0 0 0 0 0 0 0 0 0 0 0]
[2531335501814410731608908795463573316780673026678355838164148843129575719969582352061560812765249846122396995597595054830171653884570837834025653264308483344102791530075285079328079244315145242319941431716246882582644 0 0 0 0 0 0 0 0 0 0 0 0 0 0 0 0 0 0 0 0 0 0 0 0 0 0 0 0 0 0 0 0 0 0 0 0 0 0 0 0 0 0 0 0 0 1 0 0 0 0 0 0 0 0 0 0 0 0 0 0 0 0 0 0 0 0 0 0 0 0 0]
[2584974733219669433734581743715405610498063168327907570199960466501240506201771437258470117880669977495392248281083406917953243360197678266013259226958960003512840715257898641062984118069149315622744061883335684505932 0 0 0 0 0 0 0 0 0 0 0 0 0 0 0 0 0 0 0 0 0 0 0 0 0 0 0 0 0 0 0 0 0 0 0 0 0 0 0 0 0 0 0 0 0 0 1 0 0 0 0 0 0 0 0 0 0 0 0 0 0 0 0 0 0 0 0 0 0 0 0]
[1476622482288018160057910557627838866458064413359394868222409150662303514708264536810016940414800987550328694443818220204814600220061389234689020999231846775023718977518845752343193747247136429658566142413425053126108 0 0 0 0 0 0 0 0 0 0 0 0 0 0 0 0 0 0 0 0 0 0 0 0 0 0 0 0 0 0 0 0 0 0 0 0 0 0 0 0 0 0 0 0 0 0 0 1 0 0 0 0 0 0 0 0 0 0 0 0 0 0 0 0 0 0 0 0 0 0 0]
[133395925700364805186628355637641260889482009304810134913060864011817147971543126708643223496037156296084320134877556860738704047260480578404164508129322633396924693564394668632258222704309318411064280952440242161319 0 0 0 0 0 0 0 0 0 0 0 0 0 0 0 0 0 0 0 0 0 0 0 0 0 0 0 0 0 0 0 0 0 0 0 0 0 0 0 0 0 0 0 0 0 0 0 0 1 0 0 0 0 0 0 0 0 0 0 0 0 0 0 0 0 0 0 0 0 0 0]
[263967133892033783802284970561953205352939691286210669473199311593547069317848448779335895851471296637403775883261972873453598720086721058105290499880414938575194871838766635893127291119629422161020523355020370813947 0 0 0 0 0 0 0 0 0 0 0 0 0 0 0 0 0 0 0 0 0 0 0 0 0 0 0 0 0 0 0 0 0 0 0 0 0 0 0 0 0 0 0 0 0 0 0 0 0 1 0 0 0 0 0 0 0 0 0 0 0 0 0 0 0 0 0 0 0 0 0]
[405462461571241717665503036002125827472525356001222188195238912845661914510110459856470453422510023581309751180371045827160165032491600449403515870428895847461025186692364468061312842588773790745216327222403665337578 0 0 0 0 0 0 0 0 0 0 0 0 0 0 0 0 0 0 0 0 0 0 0 0 0 0 0 0 0 0 0 0 0 0 0 0 0 0 0 0 0 0 0 0 0 0 0 0 0 0 1 0 0 0 0 0 0 0 0 0 0 0 0 0 0 0 0 0 0 0 0]
[2398881232967825401112168158396046929059874603754305192254569263237353775920346788365799290608493986824855524921080366764883629000918879469370008571977012048574184594107310165633264433753946823134705089658925630897167 0 0 0 0 0 0 0 0 0 0 0 0 0 0 0 0 0 0 0 0 0 0 0 0 0 0 0 0 0 0 0 0 0 0 0 0 0 0 0 0 0 0 0 0 0 0 0 0 0 0 0 1 0 0 0 0 0 0 0 0 0 0 0 0 0 0 0 0 0 0 0]
[241206589194772578835863758338675401015949531538910903537506035416795873931695755771957056936628761816781000256271480432430198785437762571302716554686399741050850391832941412755926409108754740223462159361748034411508 0 0 0 0 0 0 0 0 0 0 0 0 0 0 0 0 0 0 0 0 0 0 0 0 0 0 0 0 0 0 0 0 0 0 0 0 0 0 0 0 0 0 0 0 0 0 0 0 0 0 0 0 1 0 0 0 0 0 0 0 0 0 0 0 0 0 0 0 0 0 0]
[3075957763128192668966030123850245447651428124999431431208298259064482173438087300552712517889873081721846142717976047549847920423232585816298604143433363648458807350034641673968730067159693980698749870762614962158216 0 0 0 0 0 0 0 0 0 0 0 0 0 0 0 0 0 0 0 0 0 0 0 0 0 0 0 0 0 0 0 0 0 0 0 0 0 0 0 0 0 0 0 0 0 0 0 0 0 0 0 0 0 1 0 0 0 0 0 0 0 0 0 0 0 0 0 0 0 0 0]
[1020687539726384880566261427498620885154227677793203908256242434482607063094866605331405811244863558691899433401826299049347904285327210662659451621118894483053473826941801767773413447140001366349069624091384903217563 0 0 0 0 0 0 0 0 0 0 0 0 0 0 0 0 0 0 0 0 0 0 0 0 0 0 0 0 0 0 0 0 0 0 0 0 0 0 0 0 0 0 0 0 0 0 0 0 0 0 0 0 0 0 1 0 0 0 0 0 0 0 0 0 0 0 0 0 0 0 0]
[1013827985555912845759899348282192299360035486879432126071011804648583081447199985661035643967712760824628129361214124949290036897136095544277318086730628364990784809581560499795605705234697797058569245608536194071830 0 0 0 0 0 0 0 0 0 0 0 0 0 0 0 0 0 0 0 0 0 0 0 0 0 0 0 0 0 0 0 0 0 0 0 0 0 0 0 0 0 0 0 0 0 0 0 0 0 0 0 0 0 0 0 1 0 0 0 0 0 0 0 0 0 0 0 0 0 0 0]
[1448541141319347461309385067020048154615563427584884610760221082877734079425583177763790192562620940581454122702425060820413323417628084197120414499263129136293175274884120068967210085069205665136542668706032116685839 0 0 0 0 0 0 0 0 0 0 0 0 0 0 0 0 0 0 0 0 0 0 0 0 0 0 0 0 0 0 0 0 0 0 0 0 0 0 0 0 0 0 0 0 0 0 0 0 0 0 0 0 0 0 0 0 1 0 0 0 0 0 0 0 0 0 0 0 0 0 0]
[2105882390972741479922557656986364308280125867835761978077826822435454437040492103155442483257152047348649460683901635817334660005463298732855109471967303418238517522884964920328300116565954622765803889125331845125340 0 0 0 0 0 0 0 0 0 0 0 0 0 0 0 0 0 0 0 0 0 0 0 0 0 0 0 0 0 0 0 0 0 0 0 0 0 0 0 0 0 0 0 0 0 0 0 0 0 0 0 0 0 0 0 0 0 1 0 0 0 0 0 0 0 0 0 0 0 0 0]
[2895309292633646247152958883429876044329607385697698442830678320481590874669397230577121708778713623900155195011252419086842891926221698378808691952412215942787346608372855621090555075011180664203907316839849324457476 0 0 0 0 0 0 0 0 0 0 0 0 0 0 0 0 0 0 0 0 0 0 0 0 0 0 0 0 0 0 0 0 0 0 0 0 0 0 0 0 0 0 0 0 0 0 0 0 0 0 0 0 0 0 0 0 0 0 1 0 0 0 0 0 0 0 0 0 0 0 0]
[2446200078265228074179330215158777028669578209094267709986581310200001477899358898987810533444422748123975655479599887952286884678644233024173687925336496564881125897122637969983654671833624304979832821059729631970530 0 0 0 0 0 0 0 0 0 0 0 0 0 0 0 0 0 0 0 0 0 0 0 0 0 0 0 0 0 0 0 0 0 0 0 0 0 0 0 0 0 0 0 0 0 0 0 0 0 0 0 0 0 0 0 0 0 0 0 1 0 0 0 0 0 0 0 0 0 0 0]
[1421761209375347573625528486101851481096524470460540509328640489907595842591752461539933566443145387872442647593410830545702329577951040164180007257053388333849526669773863251025380090221437345973233847335423910640962 0 0 0 0 0 0 0 0 0 0 0 0 0 0 0 0 0 0 0 0 0 0 0 0 0 0 0 0 0 0 0 0 0 0 0 0 0 0 0 0 0 0 0 0 0 0 0 0 0 0 0 0 0 0 0 0 0 0 0 0 1 0 0 0 0 0 0 0 0 0 0]
[155697529716363543635697045062893196013960390405471329740901371272305298808675698018863513307466963538721739630623835052421740100327828978914619789316955116658157626392112577548479745139946326372932155627902714777872 0 0 0 0 0 0 0 0 0 0 0 0 0 0 0 0 0 0 0 0 0 0 0 0 0 0 0 0 0 0 0 0 0 0 0 0 0 0 0 0 0 0 0 0 0 0 0 0 0 0 0 0 0 0 0 0 0 0 0 0 0 1 0 0 0 0 0 0 0 0 0]
[1663481004508464383295502387110652001521649785196789833610127349493299455469055462190185381793859785350956886154579840474583061644326911262539824883977988173981917483592645956795835045972477729801845120362647160314854 0 0 0 0 0 0 0 0 0 0 0 0 0 0 0 0 0 0 0 0 0 0 0 0 0 0 0 0 0 0 0 0 0 0 0 0 0 0 0 0 0 0 0 0 0 0 0 0 0 0 0 0 0 0 0 0 0 0 0 0 0 0 1 0 0 0 0 0 0 0 0]
[806816302851427576310571666856326177704856661558951722191686169308048281682789688654876972370808666957300474086533116675566172920917913928166910469044087035219722386941829906201451850461524487116334033149686307208134 0 0 0 0 0 0 0 0 0 0 0 0 0 0 0 0 0 0 0 0 0 0 0 0 0 0 0 0 0 0 0 0 0 0 0 0 0 0 0 0 0 0 0 0 0 0 0 0 0 0 0 0 0 0 0 0 0 0 0 0 0 0 0 1 0 0 0 0 0 0 0]
[2579072426377744561286842893301613723001747696226118478322546606976097208897514415473578149029854564057697758893313022543057638399340548764549112320889913323232018175991970079339736119220924006517294249629295228419951 0 0 0 0 0 0 0 0 0 0 0 0 0 0 0 0 0 0 0 0 0 0 0 0 0 0 0 0 0 0 0 0 0 0 0 0 0 0 0 0 0 0 0 0 0 0 0 0 0 0 0 0 0 0 0 0 0 0 0 0 0 0 0 0 1 0 0 0 0 0 0]
[384643306954682472163707719819354473286544191059578073614936131250394004491252479698984847281859855985631071724588317262097134013012717512162782344487400144605076501906637104711341052415054566749456056273091706887871 0 0 0 0 0 0 0 0 0 0 0 0 0 0 0 0 0 0 0 0 0 0 0 0 0 0 0 0 0 0 0 0 0 0 0 0 0 0 0 0 0 0 0 0 0 0 0 0 0 0 0 0 0 0 0 0 0 0 0 0 0 0 0 0 0 1 0 0 0 0 0]
[2474911571744369601855082591144004571415051065556160728299960370031158570682109481363425238171848570560203806364484055777822486731379321230248578048161059041045792021807088525948056783371596134019939793633372061068789 0 0 0 0 0 0 0 0 0 0 0 0 0 0 0 0 0 0 0 0 0 0 0 0 0 0 0 0 0 0 0 0 0 0 0 0 0 0 0 0 0 0 0 0 0 0 0 0 0 0 0 0 0 0 0 0 0 0 0 0 0 0 0 0 0 0 1 0 0 0 0]
[2532842538855101050448612260544787785133788657306197437828330316528975899833006447146467102202028599697421792817716896402805832595229829755866794578852643577622251997160025014620693303629273463645871456927507765737575 0 0 0 0 0 0 0 0 0 0 0 0 0 0 0 0 0 0 0 0 0 0 0 0 0 0 0 0 0 0 0 0 0 0 0 0 0 0 0 0 0 0 0 0 0 0 0 0 0 0 0 0 0 0 0 0 0 0 0 0 0 0 0 0 0 0 0 1 0 0 0]
[2270073886768345775367344900262661447107012847784336886917598156072193051512015903545021281477649319944839879003542678335102825356631445867082928620940872493636487725386810857673660976570438585762306215272034524837379 0 0 0 0 0 0 0 0 0 0 0 0 0 0 0 0 0 0 0 0 0 0 0 0 0 0 0 0 0 0 0 0 0 0 0 0 0 0 0 0 0 0 0 0 0 0 0 0 0 0 0 0 0 0 0 0 0 0 0 0 0 0 0 0 0 0 0 0 1 0 0]
[2907382307852124336349582240601797924246586407695032896016849994714398734874114185770916988748729694101306088448737161279754409746883377512566572502203426552475749041558959102819465248637803097222727943864267765928117 0 0 0 0 0 0 0 0 0 0 0 0 0 0 0 0 0 0 0 0 0 0 0 0 0 0 0 0 0 0 0 0 0 0 0 0 0 0 0 0 0 0 0 0 0 0 0 0 0 0 0 0 0 0 0 0 0 0 0 0 0 0 0 0 0 0 0 0 0 1 0]
[383792964066286701317916348629923233074730063644878374762624419891015653302749057524477594062418990280828784715123368552145944034184251358024886757320222543550362123123073570338388541746563974063008317084517121244908 0 0 0 0 0 0 0 0 0 0 0 0 0 0 0 0 0 0 0 0 0 0 0 0 0 0 0 0 0 0 0 0 0 0 0 0 0 0 0 0 0 0 0 0 0 0 0 0 0 0 0 0 0 0 0 0 0 0 0 0 0 0 0 0 0 0 0 0 0 0 1]
]
72 73 4
[1 1 1 1 1 1 1 1 1 1 1 1 1 1 1 1 1 1 1 1 1 1 1 1 1 1 1 1 1 1 1 1 1 1 1 1 1 1 1 1 1 1 1 1 1 1 1 1 1 1 1 1 1 1 1 1 1 1 1 1 1 1 1 1 1 1 1 1 1 1 1 1 1]
