[[4626224823085722673851553096124438467180976971300632230300414462913748291118189169417954461836483298548072563842616164646384699515017096236537260745073106229712966316205633053243942974958042275786924401854461878267349 0 0 0 0 0 0 0 0 0 0 0 0 0 0 0 0 0 0 0 0 0 0 0 0 0 0 0 0 0 0 0 0 0 0 0 0 0 0 0 0 0 0 0 0 0 0 0 0 0 0 0 0 0 0 0 0 0 0 0 0 0 0 0 0 0 0 0 0 0 0 0]
[2063083289812836748341273444622157332742146492201359308258520292129321151843188737268977762713074346714026181521319649782826020131408059983966580839135010164894937701778815569223689823631456060899806749009546746768712 1 0 0 0 0 0 0 0 0 0 0 0 0 0 0 0 0 0 0 0 0 0 0 0 0 0 0 0 0 0 0 0 0 0 0 0 0 0 0 0 0 0 0 0 0 0 0 0 0 0 0 0 0 0 0 0 0 0 0 0 0 0 0 0 0 0 0 0 0 0 0]
[4095626946328863810869781159784626163801873663870054949934782669670845593802820151267723404568633892682956614267930875266683777813595075751514990593824784036625786834827883431328819743821637567241688671350492868208565 0 1 0 0 0 0 0 0 0 0 0 0 0 0 0 0 0 0 0 0 0 0 0 0 0 0 0 0 0 0 0 0 0 0 0 0 0 0 0 0 0 0 0 0 0 0 0 0 0 0 0 0 0 0 0 0 0 0 0 0 0 0 0 0 0 0 0 0 0 0 0]
[2629502047502946161161458564958236652768254697186650730772008207557543676918204742852879186417059519882527895827947334294068584989653868039169344273586858346660892218437594474208777919871801285600173559841342418748555 0 0 1 0 0 0 0 0 0 0 0 0 0 0 0 0 0 0 0 0 0 0 0 0 0 0 0 0 0 0 0 0 0 0 0 0 0 0 0 0 0 0 0 0 0 0 0 0 0 0 0 0 0 0 0 0 0 0 0 0 0 0 0 0 0 0 0 0 0 0 0]
[898707802286859241685588630974511393268968754602507618174547588449373294080091508825638879734213304703193220694641107449073587000601167440919797977757077207563317538860904018554927876983947171651000159181988556165587 0 0 0 1 0 0 0 0 0 0 0 0 0 0 0 0 0 0 0 0 0 0 0 0 0 0 0 0 0 0 0 0 0 0 0 0 0 0 0 0 0 0 0 0 0 0 0 0 0 0 0 0 0 0 0 0 0 0 0 0 0 0 0 0 0 0 0 0 0 0 0]
[3763267535380926563584089952888404690897159280825702682261901110176592607731508964222554217021783130751837514592873166424129934126324433639787669414450388173070479178239132514281235332775344241371422917380108481515342 0 0 0 0 1 0 0 0 0 0 0 0 0 0 0 0 0 0 0 0 0 0 0 0 0 0 0 0 0 0 0 0 0 0 0 0 0 0 0 0 0 0 0 0 0 0 0 0 0 0 0 0 0 0 0 0 0 0 0 0 0 0 0 0 0 0 0 0 0 0 0]
[2302536092955987907601794961913522974808371536257078741362798347773730259106312407042358619378697816181627199286964274009042080288864282094473611991606615342831591549976732212447293426719163116624473401592470957338300 0 0 0 0 0 1 0 0 0 0 0 0 0 0 0 0 0 0 0 0 0 0 0 0 0 0 0 0 0 0 0 0 0 0 0 0 0 0 0 0 0 0 0 0 0 0 0 0 0 0 0 0 0 0 0 0 0 0 0 0 0 0 0 0 0 0 0 0 0 0 0]
[1409288886582597945330855604984955378880146700508748115380612443764002044456451514253424164252165748879123751983031897953257477602253407127958441487572766439099235725774777483588732322772863340432233498242933438954634 0 0 0 0 0 0 1 0 0 0 0 0 0 0 0 0 0 0 0 0 0 0 0 0 0 0 0 0 0 0 0 0 0 0 0 0 0 0 0 0 0 0 0 0 0 0 0 0 0 0 0 0 0 0 0 0 0 0 0 0 0 0 0 0 0 0 0 0 0 0 0]
[2856009037859245320470510731125160292509824584066986504526174031428417668985188572091227837674703651401211845594390224332818838733303690095832677296247020742224335977661631654874293338152074401129383175594219489731705 0 0 0 0 0 0 0 1 0 0 0 0 0 0 0 0 0 0 0 0 0 0 0 0 0 0 0 0 0 0 0 0 0 0 0 0 0 0 0 0 0 0 0 0 0 0 0 0 0 0 0 0 0 0 0 0 0 0 0 0 0 0 0 0 0 0 0 0 0 0 0]
[2245474435014382206350684790957463727852602640716555411205645995362450635842187671224809388859425069024628246000354467511341050052642891603198527562788155967774453884036987248097157039782583567023447339055439327843968 0 0 0 0 0 0 0 0 1 0 0 0 0 0 0 0 0 0 0 0 0 0 0 0 0 0 0 0 0 0 0 0 0 0 0 0 0 0 0 0 0 0 0 0 0 0 0 0 0 0 0 0 0 0 0 0 0 0 0 0 0 0 0 0 0 0 0 0 0 0 0]
[1565898891152432328768944910949473515720334779637507312939587180598925862407633664935830728158339613750179285341099795807267072961272366106443638890535699978228004418164547888286112462880773121480542980441026721980805 0 0 0 0 0 0 0 0 0 1 0 0 0 0 0 0 0 0 0 0 0 0 0 0 0 0 0 0 0 0 0 0 0 0 0 0 0 0 0 0 0 0 0 0 0 0 0 0 0 0 0 0 0 0 0 0 0 0 0 0 0 0 0 0 0 0 0 0 0 0 0]
[2518501571820991123934545293880428840422891778810866869346068178118057210236241042660605300842725103586921260316140184296173632199363042828858257864749091785070355261648991539127011125533417453951292278512527370484473 0 0 0 0 0 0 0 0 0 0 1 0 0 0 0 0 0 0 0 0 0 0 0 0 0 0 0 0 0 0 0 0 0 0 0 0 0 0 0 0 0 0 0 0 0 0 0 0 0 0 0 0 0 0 0 0 0 0 0 0 0 0 0 0 0 0 0 0 0 0 0]
[2006803456132897889696741223378542861413361684038339589418383696813697136432447337636992071288832232638753009144474317699038654318508735650289903397618331184077272363335360776615338455103572123111506644428119497461350 0 0 0 0 0 0 0 0 0 0 0 1 0 0 0 0 0 0 0 0 0 0 0 0 0 0 0 0 0 0 0 0 0 0 0 0 0 0 0 0 0 0 0 0 0 0 0 0 0 0 0 0 0 0 0 0 0 0 0 0 0 0 0 0 0 0 0 0 0 0 0]
[247305033263407774375967092148587533123692187389376694738387110554207216310298597999647828167978997684645565437510880201204131569909970563261203815779882889948458569979815065949826975386791938728000764277242781021281 0 0 0 0 0 0 0 0 0 0 0 0 1 0 0 0 0 0 0 0 0 0 0 0 0 0 0 0 0 0 0 0 0 0 0 0 0 0 0 0 0 0 0 0 0 0 0 0 0 0 0 0 0 0 0 0 0 0 0 0 0 0 0 0 0 0 0 0 0 0 0]
[4301367384353285187260625809883068664232323544326126080048648885650958687447677675882154373049059177409160776540916871308595091183243078892310982723815854958660897873486780328427238500163270096928133918162469866433186 0 0 0 0 0 0 0 0 0 0 0 0 0 1 0 0 0 0 0 0 0 0 0 0 0 0 0 0 0 0 0 0 0 0 0 0 0 0 0 0 0 0 0 0 0 0 0 0 0 0 0 0 0 0 0 0 0 0 0 0 0 0 0 0 0 0 0 0 0 0 0]
[2249144737040683878912395812868310645701654696362148789552572530671821557822882496697541766630199801548055943328429959624989081084616443789491286322230671123943445179898879293559635924945849052812619737893855418452831 0 0 0 0 0 0 0 0 0 0 0 0 0 0 1 0 0 0 0 0 0 0 0 0 0 0 0 0 0 0 0 0 0 0 0 0 0 0 0 0 0 0 0 0 0 0 0 0 0 0 0 0 0 0 0 0 0 0 0 0 0 0 0 0 0 0 0 0 0 0 0]
[4596477560097141056553633650174811448998768013829792099258178658594856920775442123022114945016541524599588437974216268414705949874787505140381653478280240005550657480146397960894026427308704922966626084796025378988545 0 0 0 0 0 0 0 0 0 0 0 0 0 0 0 1 0 0 0 0 0 0 0 0 0 0 0 0 0 0 0 0 0 0 0 0 0 0 0 0 0 0 0 0 0 0 0 0 0 0 0 0 0 0 0 0 0 0 0 0 0 0 0 0 0 0 0 0 0 0 0]
[3845635187863930017162380546862813369428125976335584379645923801743354069137198835693817407270385640423562969514763462364143255213304198319195405502837427835585314251149360428957962292704518241291211782739628998754629 0 0 0 0 0 0 0 0 0 0 0 0 0 0 0 0 1 0 0 0 0 0 0 0 0 0 0 0 0 0 0 0 0 0 0 0 0 0 0 0 0 0 0 0 0 0 0 0 0 0 0 0 0 0 0 0 0 0 0 0 0 0 0 0 0 0 0 0 0 0 0]
[3038322489225635670329529847511457763630296742457997884536757067963819721944658856861509363693024347560594781260146034542963292823088734489322906554475031798192452004934205866365384868697219753817838882776340174751211 0 0 0 0 0 0 0 0 0 0 0 0 0 0 0 0 0 1 0 0 0 0 0 0 0 0 0 0 0 0 0 0 0 0 0 0 0 0 0 0 0 0 0 0 0 0 0 0 0 0 0 0 0 0 0 0 0 0 0 0 0 0 0 0 0 0 0 0 0 0 0]
[4594573507599408378277806086779662286096604575550255621455811720255115329126930255222313108188179294053682232109559962466639961827174385637201892774556035566082864552985759898258533712606821798702740220520051475228073 0 0 0 0 0 0 0 0 0 0 0 0 0 0 0 0 0 0 1 0 0 0 0 0 0 0 0 0 0 0 0 0 0 0 0 0 0 0 0 0 0 0 0 0 0 0 0 0 0 0 0 0 0 0 0 0 0 0 0 0 0 0 0 0 0 0 0 0 0 0 0]
[2980670671378127263142332710062980611551384267472139684862209563257605388102763648468719729681276710650986723509896610755251004630404822830938772207970762048721984780346147999483721236938012029547922830439744474480523 0 0 0 0 0 0 0 0 0 0 0 0 0 0 0 0 0 0 0 1 0 0 0 0 0 0 0 0 0 0 0 0 0 0 0 0 0 0 0 0 0 0 0 0 0 0 0 0 0 0 0 0 0 0 0 0 0 0 0 0 0 0 0 0 0 0 0 0 0 0 0]
[2848262190851095252160233746572608487974564645322578916362618677316671072972007802799718851191252963722813700596910231943068158039539268303892251466690851728590803172102105385124790930806600951878183186997632132884164 0 0 0 0 0 0 0 0 0 0 0 0 0 0 0 0 0 0 0 0 1 0 0 0 0 0 0 0 0 0 0 0 0 0 0 0 0 0 0 0 0 0 0 0 0 0 0 0 0 0 0 0 0 0 0 0 0 0 0 0 0 0 0 0 0 0 0 0 0 0 0]
[2793413011884507080140343285696510952853018270517590300560978930418115077853226547791238748990332245963327485305533659777095018919834213244714983703197330583600910031702354817540975339170913877813302077859389565985419 0 0 0 0 0 0 0 0 0 0 0 0 0 0 0 0 0 0 0 0 0 1 0 0 0 0 0 0 0 0 0 0 0 0 0 0 0 0 0 0 0 0 0 0 0 0 0 0 0 0 0 0 0 0 0 0 0 0 0 0 0 0 0 0 0 0 0 0 0 0 0]
[1396960924291446988078860962906263366836234690809277969135742649720260479255123715559217344187439958960316520471324374942717920403049732409142541589592460848823154894792514829261006295707551613888963058794608595769917 0 0 0 0 0 0 0 0 0 0 0 0 0 0 0 0 0 0 0 0 0 0 1 0 0 0 0 0 0 0 0 0 0 0 0 0 0 0 0 0 0 0 0 0 0 0 0 0 0 0 0 0 0 0 0 0 0 0 0 0 0 0 0 0 0 0 0 0 0 0 0]
[3038764937506292203683614350074935630740596637748689526214773114220182677323265888971758257897802973663845905700247227333607642617306257341277001725298642018118216335033511643100365669257125632318755771066017985553738 0 0 0 0 0 0 0 0 0 0 0 0 0 0 0 0 0 0 0 0 0 0 0 1 0 0 0 0 0 0 0 0 0 0 0 0 0 0 0 0 0 0 0 0 0 0 0 0 0 0 0 0 0 0 0 0 0 0 0 0 0 0 0 0 0 0 0 0 0 0 0]
[1756724344604699216885564980445972263085777811833345918119126256380375001114513114261001426635456450031685745162461429488190706467633276502459712843722001121399467885555987697859639489273660220436848012350144171927505 0 0 0 0 0 0 0 0 0 0 0 0 0 0 0 0 0 0 0 0 0 0 0 0 1 0 0 0 0 0 0 0 0 0 0 0 0 0 0 0 0 0 0 0 0 0 0 0 0 0 0 0 0 0 0 0 0 0 0 0 0 0 0 0 0 0 0 0 0 0 0]
[1356130790678702742098130587490853263047497219163560601546920489876438922387255200244013394144379440981153520482007374654940326151515666667048345533268375208093729484678898112429907005222932521390424543697198564843771 0 0 0 0 0 0 0 0 0 0 0 0 0 0 0 0 0 0 0 0 0 0 0 0 0 1 0 0 0 0 0 0 0 0 0 0 0 0 0 0 0 0 0 0 0 0 0 0 0 0 0 0 0 0 0 0 0 0 0 0 0 0 0 0 0 0 0 0 0 0 0]
[4103513901851294854444645536075526025083432536082957573022678361880164399227332331643305744788636777234226432359063112108094930153151270165221704174540653420191446385712321992098176220211097291796302515003909847540452 0 0 0 0 0 0 0 0 0 0 0 0 0 0 0 0 0 0 0 0 0 0 0 0 0 0 1 0 0 0 0 0 0 0 0 0 0 0 0 0 0 0 0 0 0 0 0 0 0 0 0 0 0 0 0 0 0 0 0 0 0 0 0 0 0 0 0 0 0 0 0]
[747419314449773440128321485632932623840803540056527198310054803723560070410658075593746591276137689430751459754555284537681109011700753463962741274436404874036202784604125016798007708518834137500110012423142573836959 0 0 0 0 0 0 0 0 0 0 0 0 0 0 0 0 0 0 0 0 0 0 0 0 0 0 0 1 0 0 0 0 0 0 0 0 0 0 0 0 0 0 0 0 0 0 0 0 0 0 0 0 0 0 0 0 0 0 0 0 0 0 0 0 0 0 0 0 0 0 0]
[3565067269306848585645987605449346603824754127399209607503448256778044214681523479019323377370804610630793391729214687402283681012716707264355945554950366768620979814220706673497906075042102792669138895239730992312630 0 0 0 0 0 0 0 0 0 0 0 0 0 0 0 0 0 0 0 0 0 0 0 0 0 0 0 0 1 0 0 0 0 0 0 0 0 0 0 0 0 0 0 0 0 0 0 0 0 0 0 0 0 0 0 0 0 0 0 0 0 0 0 0 0 0 0 0 0 0 0]
[1257269260115551090251736814382144988399264157289255746535545433007530805424811630681688857831863438828470283411931381540404059388991943263247917546607789333153524957124072043891330475111123763805097899962224451082012 0 0 0 0 0 0 0 0 0 0 0 0 0 0 0 0 0 0 0 0 0 0 0 0 0 0 0 0 0 1 0 0 0 0 0 0 0 0 0 0 0 0 0 0 0 0 0 0 0 0 0 0 0 0 0 0 0 0 0 0 0 0 0 0 0 0 0 0 0 0 0]
[145694428145858875561996544975277968130438566106174051269967589392324498454585603736902452470336115874119127357129537440692195469066703170203034116645176425487683904131334696288708328878513895683377188842902045873962 0 0 0 0 0 0 0 0 0 0 0 0 0 0 0 0 0 0 0 0 0 0 0 0 0 0 0 0 0 0 1 0 0 0 0 0 0 0 0 0 0 0 0 0 0 0 0 0 0 0 0 0 0 0 0 0 0 0 0 0 0 0 0 0 0 0 0 0 0 0 0]
[4037053080283013340566182348978985248852480773653258982850786691994667766731143631783406395852671958876330658583888859622124850572985936410705064450756714012435859782283253656676460710074980253135469675979005265072360 0 0 0 0 0 0 0 0 0 0 0 0 0 0 0 0 0 0 0 0 0 0 0 0 0 0 0 0 0 0 0 1 0 0 0 0 0 0 0 0 0 0 0 0 0 0 0 0 0 0 0 0 0 0 0 0 0 0 0 0 0 0 0 0 0 0 0 0 0 0 0]
[3141611275668727031306206734687866057526769663570826573522983320358005555575818870927916924368477806371185091533121879712358574740341537584287403377452229074461836179965959205828875096214146911050654772579782345444325 0 0 0 0 0 0 0 0 0 0 0 0 0 0 0 0 0 0 0 0 0 0 0 0 0 0 0 0 0 0 0 0 1 0 0 0 0 0 0 0 0 0 0 0 0 0 0 0 0 0 0 0 0 0 0 0 0 0 0 0 0 0 0 0 0 0 0 0 0 0 0]
[3778772600663221167908380190000406122428052643560466433985898446068793775866718795939342877400089268830267374111519835197677966686705318221971375091104945653403615415248429059990500399414325619791142898354209959798821 0 0 0 0 0 0 0 0 0 0 0 0 0 0 0 0 0 0 0 0 0 0 0 0 0 0 0 0 0 0 0 0 0 1 0 0 0 0 0 0 0 0 0 0 0 0 0 0 0 0 0 0 0 0 0 0 0 0 0 0 0 0 0 0 0 0 0 0 0 0 0]
[1013430067596110830866484318156403516879257902643886487441113700208890924226107352958675324198631215886607016436950565473235114378956400872886098568790409295438249604047125199627010373506142850898006476342705149387669 0 0 0 0 0 0 0 0 0 0 0 0 0 0 0 0 0 0 0 0 0 0 0 0 0 0 0 0 0 0 0 0 0 0 1 0 0 0 0 0 0 0 0 0 0 0 0 0 0 0 0 0 0 0 0 0 0 0 0 0 0 0 0 0 0 0 0 0 0 0 0]
[46761851147770145287325913681891833673980705167930289677900487923295937831438901507949454616135130845012915417287493301156530720275512318785477019246874622316321834708792541536988692988585204422272383050858653915159 0 0 0 0 0 0 0 0 0 0 0 0 0 0 0 0 0 0 0 0 0 0 0 0 0 0 0 0 0 0 0 0 0 0 0 1 0 0 0 0 0 0 0 0 0 0 0 0 0 0 0 0 0 0 0 0 0 0 0 0 0 0 0 0 0 0 0 0 0 0 0]
[355398952697950444625358370923158733921233952053393827744382742186989019992170395152229545951100913476112139661325791823748805591353662917729767460366364601215029307468428345945152852478775231967012709803483959149101 0 0 0 0 0 0 0 0 0 0 0 0 0 0 0 0 0 0 0 0 0 0 0 0 0 0 0 0 0 0 0 0 0 0 0 0 1 0 0 0 0 0 0 0 0 0 0 0 0 0 0 0 0 0 0 0 0 0 0 0 0 0 0 0 0 0 0 0 0 0 0]
[1871928832065102967041932524908092184021293307475065744755720595415167469099611629983884939692389787160283040706775425929453032389360240551820871087488921168773889444763189202560965710529405050529614792645937968208836 0 0 0 0 0 0 0 0 0 0 0 0 0 0 0 0 0 0 0 0 0 0 0 0 0 0 0 0 0 0 0 0 0 0 0 0 0 1 0 0 0 0 0 0 0 0 0 0 0 0 0 0 0 0 0 0 0 0 0 0 0 0 0 0 0 0 0 0 0 0 0]
[3654102180316839211577878443348251047364181945983240816296031931930269757407590822854848646974996083815321118887761922725318768752718602984721655360208496985465549264903932430358457240868504474412054212443821858679530 0 0 0 0 0 0 0 0 0 0 0 0 0 0 0 0 0 0 0 0 0 0 0 0 0 0 0 0 0 0 0 0 0 0 0 0 0 0 1 0 0 0 0 0 0 0 0 0 0 0 0 0 0 0 0 0 0 0 0 0 0 0 0 0 0 0 0 0 0 0 0]
[102454741286226748990368158579609500395272800045107981379339445397946751873255476647768189351267647311783179204611003052419698216710647226604114437030507752045153325350637717546311128915442087124792446838480921361774 0 0 0 0 0 0 0 0 0 0 0 0 0 0 0 0 0 0 0 0 0 0 0 0 0 0 0 0 0 0 0 0 0 0 0 0 0 0 0 1 0 0 0 0 0 0 0 0 0 0 0 0 0 0 0 0 0 0 0 0 0 0 0 0 0 0 0 0 0 0 0]
[1919015190723624170430660685014665213919128490788475225075125837649386983960361365103912351505780782527741260402681905703043975281027976370677240402978530535278029684780105772804680657133524680208156901736219232766640 0 0 0 0 0 0 0 0 0 0 0 0 0 0 0 0 0 0 0 0 0 0 0 0 0 0 0 0 0 0 0 0 0 0 0 0 0 0 0 0 1 0 0 0 0 0 0 0 0 0 0 0 0 0 0 0 0 0 0 0 0 0 0 0 0 0 0 0 0 0 0]
[865948310806980099858187243541131288978822498472773745058545166022155965915088933510347045619310061188428251084402210360990120522654766676106336674108712162086604474130109872058547264805977595008106203078036881167557 0 0 0 0 0 0 0 0 0 0 0 0 0 0 0 0 0 0 0 0 0 0 0 0 0 0 0 0 0 0 0 0 0 0 0 0 0 0 0 0 0 1 0 0 0 0 0 0 0 0 0 0 0 0 0 0 0 0 0 0 0 0 0 0 0 0 0 0 0 0 0]
[526581210915456422183191644549913080511144173719061174440022125772472075504215690882053037429665651377697398287860456486481134094928517394672546512334229966689157237513957464267710843686362786686911902598184894839220 0 0 0 0 0 0 0 0 0 0 0 0 0 0 0 0 0 0 0 0 0 0 0 0 0 0 0 0 0 0 0 0 0 0 0 0 0 0 0 0 0 0 1 0 0 0 0 0 0 0 0 0 0 0 0 0 0 0 0 0 0 0 0 0 0 0 0 0 0 0 0]
[1432412087572867569127678622930835360308902625519126718592872829466281070033353167588512586717988553814106239695237883347904415606777904834104995693596585934383183868690500014054401788278280964735457550975536688321964 0 0 0 0 0 0 0 0 0 0 0 0 0 0 0 0 0 0 0 0 0 0 0 0 0 0 0 0 0 0 0 0 0 0 0 0 0 0 0 0 0 0 0 1 0 0 0 0 0 0 0 0 0 0 0 0 0 0 0 0 0 0 0 0 0 0 0 0 0 0 0]
[181931526914350323677262505440289334763648835953171924173051279503629994481402115009461390145344140855970166730295167184059289634318567376386411668968675777395581765537731678468757719004186073662385991906801398807462 0 0 0 0 0 0 0 0 0 0 0 0 0 0 0 0 0 0 0 0 0 0 0 0 0 0 0 0 0 0 0 0 0 0 0 0 0 0 0 0 0 0 0 0 1 0 0 0 0 0 0 0 0 0 0 0 0 0 0 0 0 0 0 0 0 0 0 0 0 0 0]
[2103927819255711252664407279245444492594294103474384270617773257568166136268944166560304264093189526579192683853923573031192630872636655278224718472217383626903800215779915505932168619543727020718780890442398042297336 0 0 0 0 0 0 0 0 0 0 0 0 0 0 0 0 0 0 0 0 0 0 0 0 0 0 0 0 0 0 0 0 0 0 0 0 0 0 0 0 0 0 0 0 0 1 0 0 0 0 0 0 0 0 0 0 0 0 0 0 0 0 0 0 0 0 0 0 0 0 0]
[439859571947385387751465977030161738759336370659957226264925914335745102663915530818824290803097565610387068829439420650723399530909880546530910538469391962709622274110676876873551178311562657625677444525125906689244 0 0 0 0 0 0 0 0 0 0 0 0 0 0 0 0 0 0 0 0 0 0 0 0 0 0 0 0 0 0 0 0 0 0 0 0 0 0 0 0 0 0 0 0 0 0 1 0 0 0 0 0 0 0 0 0 0 0 0 0 0 0 0 0 0 0 0 0 0 0 0]
[371220626040776738635760033952391471165702131412839844867699899650099971377142588524013838124218627716518824511036354327687632128192111764140677336620124788474572075649656423853093739564052282256236456880455234073755 0 0 0 0 0 0 0 0 0 0 0 0 0 0 0 0 0 0 0 0 0 0 0 0 0 0 0 0 0 0 0 0 0 0 0 0 0 0 0 0 0 0 0 0 0 0 0 1 0 0 0 0 0 0 0 0 0 0 0 0 0 0 0 0 0 0 0 0 0 0 0]
[2186725631878942175646384767098643332589527951859943135650987735032231638191599924966484474312436776387736090760329241878880599005424861884698824642410376086307499454777361098031207905366009435089594527836458833777591 0 0 0 0 0 0 0 0 0 0 0 0 0 0 0 0 0 0 0 0 0 0 0 0 0 0 0 0 0 0 0 0 0 0 0 0 0 0 0 0 0 0 0 0 0 0 0 0 1 0 0 0 0 0 0 0 0 0 0 0 0 0 0 0 0 0 0 0 0 0 0]
[4422058083127958673284787390719578967415735188969517683167623914001507795363099581248597308692401989549824668770804654638779805328978167953299406225204138456808607612030314610512440230351709988815439654528939750628400 0 0 0 0 0 0 0 0 0 0 0 0 0 0 0 0 0 0 0 0 0 0 0 0 0 0 0 0 0 0 0 0 0 0 0 0 0 0 0 0 0 0 0 0 0 0 0 0 0 1 0 0 0 0 0 0 0 0 0 0 0 0 0 0 0 0 0 0 0 0 0]
[3262316803695915997844577541438765667573373154153189623491202125771254485322746742444106426752517491632861190366994871240115101873886874778104918265309723159994255868798771487838380569013585646185295675123435989119137 0 0 0 0 0 0 0 0 0 0 0 0 0 0 0 0 0 0 0 0 0 0 0 0 0 0 0 0 0 0 0 0 0 0 0 0 0 0 0 0 0 0 0 0 0 0 0 0 0 0 1 0 0 0 0 0 0 0 0 0 0 0 0 0 0 0 0 0 0 0 0]
[3183711301945632219777155087723796946197674117151287213768536775075216698930260777041714693634700843191057220145992984131733239121054893513731165025708129791368728835479257405728851816512997270186868113691858248152359 0 0 0 0 0 0 0 0 0 0 0 0 0 0 0 0 0 0 0 0 0 0 0 0 0 0 0 0 0 0 0 0 0 0 0 0 0 0 0 0 0 0 0 0 0 0 0 0 0 0 0 1 0 0 0 0 0 0 0 0 0 0 0 0 0 0 0 0 0 0 0]
[1966886495186589324829655701776252537421429117606174261203220968662899559885968867675050478739900319881760146979894460191816253826501265638723681680183420098845491818064360122260390232131620263307269559507774904754529 0 0 0 0 0 0 0 0 0 0 0 0 0 0 0 0 0 0 0 0 0 0 0 0 0 0 0 0 0 0 0 0 0 0 0 0 0 0 0 0 0 0 0 0 0 0 0 0 0 0 0 0 1 0 0 0 0 0 0 0 0 0 0 0 0 0 0 0 0 0 0]
[569573896885256765660087024877586151176064086154125960287901277437982011107893342281291506665908553488245043911579160615923909564665379849011828289693659881137057716843599644889362681616619642577874673790675733154379 0 0 0 0 0 0 0 0 0 0 0 0 0 0 0 0 0 0 0 0 0 0 0 0 0 0 0 0 0 0 0 0 0 0 0 0 0 0 0 0 0 0 0 0 0 0 0 0 0 0 0 0 0 1 0 0 0 0 0 0 0 0 0 0 0 0 0 0 0 0 0]
[2297114027028404202300916401352618058605558671684057651334625419764848320306314406441806558811388262795478690281116894592904986270215516931938557114105378543622341971244565828167514810573986841756601201252878054994662 0 0 0 0 0 0 0 0 0 0 0 0 0 0 0 0 0 0 0 0 0 0 0 0 0 0 0 0 0 0 0 0 0 0 0 0 0 0 0 0 0 0 0 0 0 0 0 0 0 0 0 0 0 0 1 0 0 0 0 0 0 0 0 0 0 0 0 0 0 0 0]
[2186469225549567970579298455395262987180584924748403270379008733384024778695258968993931162122766605762352702278473262082638334904775733865367115120614634516394694907845113240203872141542160256361897263742830595032404 0 0 0 0 0 0 0 0 0 0 0 0 0 0 0 0 0 0 0 0 0 0 0 0 0 0 0 0 0 0 0 0 0 0 0 0 0 0 0 0 0 0 0 0 0 0 0 0 0 0 0 0 0 0 0 1 0 0 0 0 0 0 0 0 0 0 0 0 0 0 0]
[3057423624607893574877827985218139563030274122854289205395742879070769303720030735005512042953050006205605603459056844629715488420286923385692956405728803299563233277617718436304641025774472481472854915120784214072178 0 0 0 0 0 0 0 0 0 0 0 0 0 0 0 0 0 0 0 0 0 0 0 0 0 0 0 0 0 0 0 0 0 0 0 0 0 0 0 0 0 0 0 0 0 0 0 0 0 0 0 0 0 0 0 0 1 0 0 0 0 0 0 0 0 0 0 0 0 0 0]
[292967246462542431291355341086236694943341152281871900522325350662552372053821412836749980595786576706431523016278910717302082039682368465171829532308573290542196312021651538964378784337203991405600846527624298325865 0 0 0 0 0 0 0 0 0 0 0 0 0 0 0 0 0 0 0 0 0 0 0 0 0 0 0 0 0 0 0 0 0 0 0 0 0 0 0 0 0 0 0 0 0 0 0 0 0 0 0 0 0 0 0 0 0 1 0 0 0 0 0 0 0 0 0 0 0 0 0]
[2809110802611841704811339432702663636144222246692283017386854613589603348294960102920928007343361957397759400970172868355011057377229283381238649215474419845562304366076525743124563646424896506426390444703524633868662 0 0 0 0 0 0 0 0 0 0 0 0 0 0 0 0 0 0 0 0 0 0 0 0 0 0 0 0 0 0 0 0 0 0 0 0 0 0 0 0 0 0 0 0 0 0 0 0 0 0 0 0 0 0 0 0 0 0 1 0 0 0 0 0 0 0 0 0 0 0 0]
[3995270547146294616408046094881533830286577332434305986948503536143932430424104623782207233211843370475946218411852728903395482536735884870497894859671788167266355259963161573108480292836853499863314840641459248552720 0 0 0 0 0 0 0 0 0 0 0 0 0 0 0 0 0 0 0 0 0 0 0 0 0 0 0 0 0 0 0 0 0 0 0 0 0 0 0 0 0 0 0 0 0 0 0 0 0 0 0 0 0 0 0 0 0 0 0 1 0 0 0 0 0 0 0 0 0 0 0]
[2327451050056222655357495804703393831638168261832303130826221428931186095769406543221778010400326601381108043906333901841843179921401902474995290245997786570988400365917810599793573983599365630413940339892969299715373 0 0 0 0 0 0 0 0 0 0 0 0 0 0 0 0 0 0 0 0 0 0 0 0 0 0 0 0 0 0 0 0 0 0 0 0 0 0 0 0 0 0 0 0 0 0 0 0 0 0 0 0 0 0 0 0 0 0 0 0 1 0 0 0 0 0 0 0 0 0 0]
[1569435763172918054501656730737641563737944551789966944227116525313651540393339492184672369188883677835588203050879259583633990761718802629717963324684056762519009792193481731959887726101785315700130174625827586311339 0 0 0 0 0 0 0 0 0 0 0 0 0 0 0 0 0 0 0 0 0 0 0 0 0 0 0 0 0 0 0 0 0 0 0 0 0 0 0 0 0 0 0 0 0 0 0 0 0 0 0 0 0 0 0 0 0 0 0 0 0 1 0 0 0 0 0 0 0 0 0]
[1751348966834528045730068678886384918771292585935723826686710688290739078352863521798629755120206954839315574277775642107558447917094904323039268810974833083379906692380242204706014051572871872105278635703870354301603 0 0 0 0 0 0 0 0 0 0 0 0 0 0 0 0 0 0 0 0 0 0 0 0 0 0 0 0 0 0 0 0 0 0 0 0 0 0 0 0 0 0 0 0 0 0 0 0 0 0 0 0 0 0 0 0 0 0 0 0 0 0 1 0 0 0 0 0 0 0 0]
[4497759191893058471437364557099942709884654011106378217098627835848765331119155102911007796466639355954055969769540762645082849684161438756890411548108329761602570795200366826211223822173235076581599486591926092682039 0 0 0 0 0 0 0 0 0 0 0 0 0 0 0 0 0 0 0 0 0 0 0 0 0 0 0 0 0 0 0 0 0 0 0 0 0 0 0 0 0 0 0 0 0 0 0 0 0 0 0 0 0 0 0 0 0 0 0 0 0 0 0 1 0 0 0 0 0 0 0]
[3116625910637033188924916705664041484524595786065245156956839233536074991310455613085133431716160606353326985677289997105757862163884070551560062457282509346258046515705532029089055361186987002185394313571904655955440 0 0 0 0 0 0 0 0 0 0 0 0 0 0 0 0 0 0 0 0 0 0 0 0 0 0 0 0 0 0 0 0 0 0 0 0 0 0 0 0 0 0 0 0 0 0 0 0 0 0 0 0 0 0 0 0 0 0 0 0 0 0 0 0 1 0 0 0 0 0 0]
[2855849569006120563255734375491152951718387722971264172669852404603874332040741253848066532621281729923724480058770658018005806071783051946598364688744157006598231462652504047916208352524999802739208817773570137317064 0 0 0 0 0 0 0 0 0 0 0 0 0 0 0 0 0 0 0 0 0 0 0 0 0 0 0 0 0 0 0 0 0 0 0 0 0 0 0 0 0 0 0 0 0 0 0 0 0 0 0 0 0 0 0 0 0 0 0 0 0 0 0 0 0 1 0 0 0 0 0]
[3819891791891390858402922566546453214118112836948811863173772794631304944889151464260463675730546335311359410490601599769661916166098469199300960567452053474010244891230105489032099400186697948183562330697444433861412 0 0 0 0 0 0 0 0 0 0 0 0 0 0 0 0 0 0 0 0 0 0 0 0 0 0 0 0 0 0 0 0 0 0 0 0 0 0 0 0 0 0 0 0 0 0 0 0 0 0 0 0 0 0 0 0 0 0 0 0 0 0 0 0 0 0 1 0 0 0 0]
[1427642744938044042252473689206857547875226718916269152974371391434125789370869189211813962518146328817650589576438992147058645194145097698040348600268148839591794453842104326884166439448298664671503838164653331536437 0 0 0 0 0 0 0 0 0 0 0 0 0 0 0 0 0 0 0 0 0 0 0 0 0 0 0 0 0 0 0 0 0 0 0 0 0 0 0 0 0 0 0 0 0 0 0 0 0 0 0 0 0 0 0 0 0 0 0 0 0 0 0 0 0 0 0 1 0 0 0]
[337716933744558353281587645629005049724755352026497330378578386223238110668387894234230055450849035557145523010615826847209081993934719464459275901813072959518366466350074013756835848565684941253694093273742267527691 0 0 0 0 0 0 0 0 0 0 0 0 0 0 0 0 0 0 0 0 0 0 0 0 0 0 0 0 0 0 0 0 0 0 0 0 0 0 0 0 0 0 0 0 0 0 0 0 0 0 0 0 0 0 0 0 0 0 0 0 0 0 0 0 0 0 0 0 1 0 0]
[4473994601478169408461733711808763496405699582229064044625036151734140228833504420416687380573934519235968421866576022336036792208853880092645297322083798338615518520175570343716141029060499747335060098810917234849432 0 0 0 0 0 0 0 0 0 0 0 0 0 0 0 0 0 0 0 0 0 0 0 0 0 0 0 0 0 0 0 0 0 0 0 0 0 0 0 0 0 0 0 0 0 0 0 0 0 0 0 0 0 0 0 0 0 0 0 0 0 0 0 0 0 0 0 0 0 1 0]
[2058323038194730814137249776612460740823455846177211013912783332691287264229936446822489256428742281351515363073616219486644173831512780806566976898058446202090571782148344602700926507463219168304691894445329689091622 0 0 0 0 0 0 0 0 0 0 0 0 0 0 0 0 0 0 0 0 0 0 0 0 0 0 0 0 0 0 0 0 0 0 0 0 0 0 0 0 0 0 0 0 0 0 0 0 0 0 0 0 0 0 0 0 0 0 0 0 0 0 0 0 0 0 0 0 0 0 1]
]
72 73 6
[1 1 1 1 1 1 1 1 1 1 1 1 1 1 1 1 1 1 1 1 1 1 1 1 1 1 1 1 1 1 1 1 1 1 1 1 1 1 1 1 1 1 1 1 1 1 1 1 1 1 1 1 1 1 1 1 1 1 1 1 1 1 1 1 1 1 1 1 1 1 1 1 1]
