[[3799263464035696514232134217132084881768236128780876061698044632951996517180967749851572899741926324434433551477898866698753927952134662759769493088325808581596149309248121364694214941968206211994652626521166101898773 0 0 0 0 0 0 0 0 0 0 0 0 0 0 0 0 0 0 0 0 0 0 0 0 0 0 0 0 0 0 0 0 0 0 0 0 0 0 0 0 0 0 0 0 0 0 0 0 0 0 0 0 0 0 0 0 0 0 0 0 0 0 0 0 0 0 0 0 0 0 0]
[3245919659075629729092118184889394792587585564043680337999080666028726870137956510860534111012805069048277390992673580980207278966400866057710081291832900338655908201033535636267105392295716356897895326680300166312591 1 0 0 0 0 0 0 0 0 0 0 0 0 0 0 0 0 0 0 0 0 0 0 0 0 0 0 0 0 0 0 0 0 0 0 0 0 0 0 0 0 0 0 0 0 0 0 0 0 0 0 0 0 0 0 0 0 0 0 0 0 0 0 0 0 0 0 0 0 0 0]
[3630035838971038781361853879107253865939863408694025568793466999059380685651994325019239250348125994063597910350635184741304441395028229446050450830185877376175457840044926843572979783685693104075299800665234247925205 0 1 0 0 0 0 0 0 0 0 0 0 0 0 0 0 0 0 0 0 0 0 0 0 0 0 0 0 0 0 0 0 0 0 0 0 0 0 0 0 0 0 0 0 0 0 0 0 0 0 0 0 0 0 0 0 0 0 0 0 0 0 0 0 0 0 0 0 0 0 0]
[2128683337264409859527709005182274000874268456531944662709449218266019143203265692924867307308963111602923710737916815419851056165343947405517365504191927431468587313519049370143553518758366433964903501978612621093598 0 0 1 0 0 0 0 0 0 0 0 0 0 0 0 0 0 0 0 0 0 0 0 0 0 0 0 0 0 0 0 0 0 0 0 0 0 0 0 0 0 0 0 0 0 0 0 0 0 0 0 0 0 0 0 0 0 0 0 0 0 0 0 0 0 0 0 0 0 0 0]
[2125982916517429684054918769880823505663855187843425264868046421076289335820262338921350452106550506877566479606492788611759481276427306667019561143271290091242007343540927540798292035453901571977809015283519512963205 0 0 0 1 0 0 0 0 0 0 0 0 0 0 0 0 0 0 0 0 0 0 0 0 0 0 0 0 0 0 0 0 0 0 0 0 0 0 0 0 0 0 0 0 0 0 0 0 0 0 0 0 0 0 0 0 0 0 0 0 0 0 0 0 0 0 0 0 0 0 0]
[1422127101843689404328536920124610784153333745679717035213804002293147491986947556968726842096278078757548808967994208284035161882323651874784866020813389309763856177374638184107808179743329170915805469275093000839866 0 0 0 0 1 0 0 0 0 0 0 0 0 0 0 0 0 0 0 0 0 0 0 0 0 0 0 0 0 0 0 0 0 0 0 0 0 0 0 0 0 0 0 0 0 0 0 0 0 0 0 0 0 0 0 0 0 0 0 0 0 0 0 0 0 0 0 0 0 0 0]
[1889445667728561095082599863544749011625754870080375826190524196725846127436874401198608286802658061237589246542253955436552678465487996347594357362770926132219142174304984948341817498400365944258563674688434710594089 0 0 0 0 0 1 0 0 0 0 0 0 0 0 0 0 0 0 0 0 0 0 0 0 0 0 0 0 0 0 0 0 0 0 0 0 0 0 0 0 0 0 0 0 0 0 0 0 0 0 0 0 0 0 0 0 0 0 0 0 0 0 0 0 0 0 0 0 0 0 0]
[3363218150430280650068814978381690745806264832922800253489368537157904640974301947586803006896009645841446772535147687612787974043622771377725063428767539759191899476641981969370104488850165501860478498719584949640289 0 0 0 0 0 0 1 0 0 0 0 0 0 0 0 0 0 0 0 0 0 0 0 0 0 0 0 0 0 0 0 0 0 0 0 0 0 0 0 0 0 0 0 0 0 0 0 0 0 0 0 0 0 0 0 0 0 0 0 0 0 0 0 0 0 0 0 0 0 0 0]
[3229589313066170196685982792399054754092811944688554556526611924294674663684464890735614521297759137447486267759754418698387898369426267199274186436882682928644848747578819510955253451980136659947550651171703310779148 0 0 0 0 0 0 0 1 0 0 0 0 0 0 0 0 0 0 0 0 0 0 0 0 0 0 0 0 0 0 0 0 0 0 0 0 0 0 0 0 0 0 0 0 0 0 0 0 0 0 0 0 0 0 0 0 0 0 0 0 0 0 0 0 0 0 0 0 0 0 0]
[2667516788069510223754769190869034286638703761757873294050485854758015788403406945681935004694223414430287969101911328641701270650842190208637316859334804234377341351400847464439541488027663743032284548722412722763744 0 0 0 0 0 0 0 0 1 0 0 0 0 0 0 0 0 0 0 0 0 0 0 0 0 0 0 0 0 0 0 0 0 0 0 0 0 0 0 0 0 0 0 0 0 0 0 0 0 0 0 0 0 0 0 0 0 0 0 0 0 0 0 0 0 0 0 0 0 0 0]
[185622720917879345995833951460720566395705351168184234648903549073556254438177896508140905572162484194059299824823269150827224839689089124616062890496807630090587402996774104495744675358497760366394866261228924331694 0 0 0 0 0 0 0 0 0 1 0 0 0 0 0 0 0 0 0 0 0 0 0 0 0 0 0 0 0 0 0 0 0 0 0 0 0 0 0 0 0 0 0 0 0 0 0 0 0 0 0 0 0 0 0 0 0 0 0 0 0 0 0 0 0 0 0 0 0 0 0]
[37899395586958330194362178005295319295880113951749397034162221321996442110715882467258365788319422422047037751983363788500847164616058620595434185718258461963720866769822410257904157571801172138192121596466770160859 0 0 0 0 0 0 0 0 0 0 1 0 0 0 0 0 0 0 0 0 0 0 0 0 0 0 0 0 0 0 0 0 0 0 0 0 0 0 0 0 0 0 0 0 0 0 0 0 0 0 0 0 0 0 0 0 0 0 0 0 0 0 0 0 0 0 0 0 0 0 0]
[2595887938995762695574192232032524600361196458822458302799913422943873768600594050901131607039132927525518117962040083793297947892122278061215532633838112260670198024515881133203130739612040516619533877342869875884823 0 0 0 0 0 0 0 0 0 0 0 1 0 0 0 0 0 0 0 0 0 0 0 0 0 0 0 0 0 0 0 0 0 0 0 0 0 0 0 0 0 0 0 0 0 0 0 0 0 0 0 0 0 0 0 0 0 0 0 0 0 0 0 0 0 0 0 0 0 0 0]
[1456566595909762526528375976295915970919594294033538948786333603187332374744882912192885009721927070146387151457387220364320089270299933123071715062758946928438699715294037894962528785301244827963308963940398591894240 0 0 0 0 0 0 0 0 0 0 0 0 1 0 0 0 0 0 0 0 0 0 0 0 0 0 0 0 0 0 0 0 0 0 0 0 0 0 0 0 0 0 0 0 0 0 0 0 0 0 0 0 0 0 0 0 0 0 0 0 0 0 0 0 0 0 0 0 0 0 0]
[2042229538089491584530908911684737813482561328339908271062053654965310856188763547809035895046624616621461758056299866592491673755907471500969227123983742352786966451601077550659749808482887465661111766020099197428778 0 0 0 0 0 0 0 0 0 0 0 0 0 1 0 0 0 0 0 0 0 0 0 0 0 0 0 0 0 0 0 0 0 0 0 0 0 0 0 0 0 0 0 0 0 0 0 0 0 0 0 0 0 0 0 0 0 0 0 0 0 0 0 0 0 0 0 0 0 0 0]
[1832619861506726228297928506413526671825728932022747695690001533136717683814618381878018887871870097306836664474711103220230030220095446355026961792556819358933409183195234881028671923618808770042253362058140814230614 0 0 0 0 0 0 0 0 0 0 0 0 0 0 1 0 0 0 0 0 0 0 0 0 0 0 0 0 0 0 0 0 0 0 0 0 0 0 0 0 0 0 0 0 0 0 0 0 0 0 0 0 0 0 0 0 0 0 0 0 0 0 0 0 0 0 0 0 0 0 0]
[2983549899555416432941420768332389390986969138788068207872658007381060427117829447055630040704869733006025757301842053714799277110565941165045113667785598171065593923738054645927581802728834493818224029494645276196369 0 0 0 0 0 0 0 0 0 0 0 0 0 0 0 1 0 0 0 0 0 0 0 0 0 0 0 0 0 0 0 0 0 0 0 0 0 0 0 0 0 0 0 0 0 0 0 0 0 0 0 0 0 0 0 0 0 0 0 0 0 0 0 0 0 0 0 0 0 0 0]
[334392424802423469455662133563613403195197547378340571487356232009140835783544278895415408682484022413286522839097904414910165392843904082287332856797736401276489688481165762877514450381542043911794772229953518655111 0 0 0 0 0 0 0 0 0 0 0 0 0 0 0 0 1 0 0 0 0 0 0 0 0 0 0 0 0 0 0 0 0 0 0 0 0 0 0 0 0 0 0 0 0 0 0 0 0 0 0 0 0 0 0 0 0 0 0 0 0 0 0 0 0 0 0 0 0 0 0]
[827938351292897891951155135377707078126033752273465479590177059616862367988730813129312208415273952696699764381105120406732350419539219912658881749232276317156731854785464379508690707903479361526006702074627079316547 0 0 0 0 0 0 0 0 0 0 0 0 0 0 0 0 0 1 0 0 0 0 0 0 0 0 0 0 0 0 0 0 0 0 0 0 0 0 0 0 0 0 0 0 0 0 0 0 0 0 0 0 0 0 0 0 0 0 0 0 0 0 0 0 0 0 0 0 0 0 0]
[115446816179258888937846745018143073494407304701479973827044269535728532914772396436596031278552705650918195963223003317292764527087841867940125454983066439931594918425967470950019651046976193288202800094981552883075 0 0 0 0 0 0 0 0 0 0 0 0 0 0 0 0 0 0 1 0 0 0 0 0 0 0 0 0 0 0 0 0 0 0 0 0 0 0 0 0 0 0 0 0 0 0 0 0 0 0 0 0 0 0 0 0 0 0 0 0 0 0 0 0 0 0 0 0 0 0 0]
[3296434389600002438450703160553085134259146854684869003400762843045388881673773265718247327974935313723576640806164577632404337446977629547423397377556178885431290866143585767372837936116485656949314250171371774701913 0 0 0 0 0 0 0 0 0 0 0 0 0 0 0 0 0 0 0 1 0 0 0 0 0 0 0 0 0 0 0 0 0 0 0 0 0 0 0 0 0 0 0 0 0 0 0 0 0 0 0 0 0 0 0 0 0 0 0 0 0 0 0 0 0 0 0 0 0 0 0]
[3477130006494078993860397978026031378613761889906391505738468498086106480458815679217972770243431846626809114468836651358906144015893188770540538986391402877549446396951155298088213692039747330756080499040365564314057 0 0 0 0 0 0 0 0 0 0 0 0 0 0 0 0 0 0 0 0 1 0 0 0 0 0 0 0 0 0 0 0 0 0 0 0 0 0 0 0 0 0 0 0 0 0 0 0 0 0 0 0 0 0 0 0 0 0 0 0 0 0 0 0 0 0 0 0 0 0 0]
[1158490905517623101261857682416787191790739228947959660379108121890386399332397142272575100354149172372864235873073001453493448765604633366391311456682398716463169826280262792140588844226430757896820810826081578298403 0 0 0 0 0 0 0 0 0 0 0 0 0 0 0 0 0 0 0 0 0 1 0 0 0 0 0 0 0 0 0 0 0 0 0 0 0 0 0 0 0 0 0 0 0 0 0 0 0 0 0 0 0 0 0 0 0 0 0 0 0 0 0 0 0 0 0 0 0 0 0]
[2711309243232829303120365111774888135542711822397211673652229871027735267318829435351698139995422977480284088399337111054246309351586998151174680004001410055632153430708011260775208044299480498996971511716498726721781 0 0 0 0 0 0 0 0 0 0 0 0 0 0 0 0 0 0 0 0 0 0 1 0 0 0 0 0 0 0 0 0 0 0 0 0 0 0 0 0 0 0 0 0 0 0 0 0 0 0 0 0 0 0 0 0 0 0 0 0 0 0 0 0 0 0 0 0 0 0 0]
[307069971530618531705869910443216331955276211612795175517831332542145858149926124264460245130167429222967552237137802349966280054831626012731948835083004607293565444965279501353556881564323190520685386932163994318449 0 0 0 0 0 0 0 0 0 0 0 0 0 0 0 0 0 0 0 0 0 0 0 1 0 0 0 0 0 0 0 0 0 0 0 0 0 0 0 0 0 0 0 0 0 0 0 0 0 0 0 0 0 0 0 0 0 0 0 0 0 0 0 0 0 0 0 0 0 0 0]
[3662540639980494819004058419945921977973519546863633827300939735139453778557356410558727792881097706146359510102540230673563606733437781042912670433271755232292682978652720516075739972645571630362821405745628801596763 0 0 0 0 0 0 0 0 0 0 0 0 0 0 0 0 0 0 0 0 0 0 0 0 1 0 0 0 0 0 0 0 0 0 0 0 0 0 0 0 0 0 0 0 0 0 0 0 0 0 0 0 0 0 0 0 0 0 0 0 0 0 0 0 0 0 0 0 0 0 0]
[2796556057785076267103882541298605478787452433954988706712539828775067787963643549834208155195462958543801307437278830421251427362153782657475649565709930295798494916078784570722759032678942998242325050884259247341366 0 0 0 0 0 0 0 0 0 0 0 0 0 0 0 0 0 0 0 0 0 0 0 0 0 1 0 0 0 0 0 0 0 0 0 0 0 0 0 0 0 0 0 0 0 0 0 0 0 0 0 0 0 0 0 0 0 0 0 0 0 0 0 0 0 0 0 0 0 0 0]
[2403741264252638001987224974749492283417671719958791557423379478377341893112460748802330309225483976928829000429313071492128678134049483739754960486718485763927974120021549546840083399347205505869456356918749778989703 0 0 0 0 0 0 0 0 0 0 0 0 0 0 0 0 0 0 0 0 0 0 0 0 0 0 1 0 0 0 0 0 0 0 0 0 0 0 0 0 0 0 0 0 0 0 0 0 0 0 0 0 0 0 0 0 0 0 0 0 0 0 0 0 0 0 0 0 0 0 0]
[1638412488210073830907801664811327468045261942315780042197380505390404002708999617232040000689482140037526766173044650289555969553426527400134518190276040621365046821354693771472509773370997176842515139493258816347953 0 0 0 0 0 0 0 0 0 0 0 0 0 0 0 0 0 0 0 0 0 0 0 0 0 0 0 1 0 0 0 0 0 0 0 0 0 0 0 0 0 0 0 0 0 0 0 0 0 0 0 0 0 0 0 0 0 0 0 0 0 0 0 0 0 0 0 0 0 0 0]
[2428688074603318701922773199251573625080568309745575244707854119893260965705371750645010409470638981692879724668326745236876380657714278433927397181431758322038007453165164232645615983545086928686031127056733925624968 0 0 0 0 0 0 0 0 0 0 0 0 0 0 0 0 0 0 0 0 0 0 0 0 0 0 0 0 1 0 0 0 0 0 0 0 0 0 0 0 0 0 0 0 0 0 0 0 0 0 0 0 0 0 0 0 0 0 0 0 0 0 0 0 0 0 0 0 0 0 0]
[672828335843839340681220029403309084768556820693725987977019832681211387238915611481183584950506402699998753167689553992701837847368837985167279637413482037801978622437631831414448376072864298140227567155571184103006 0 0 0 0 0 0 0 0 0 0 0 0 0 0 0 0 0 0 0 0 0 0 0 0 0 0 0 0 0 1 0 0 0 0 0 0 0 0 0 0 0 0 0 0 0 0 0 0 0 0 0 0 0 0 0 0 0 0 0 0 0 0 0 0 0 0 0 0 0 0 0]
[3001667740536255102551177753865264208592863965027368006474925046725314981481972645038183279454855431045833461448145783362886690778842896447315551185514837445834254158700510488814280664989736264029897661126680208368298 0 0 0 0 0 0 0 0 0 0 0 0 0 0 0 0 0 0 0 0 0 0 0 0 0 0 0 0 0 0 1 0 0 0 0 0 0 0 0 0 0 0 0 0 0 0 0 0 0 0 0 0 0 0 0 0 0 0 0 0 0 0 0 0 0 0 0 0 0 0 0]
[1046075504607650569782217756014667485832457460053217448303382891097778257055253185931036869821044188766831430874297086030412459814265341056612442509177060252262524588221471944500557986880950920977364944600705138081610 0 0 0 0 0 0 0 0 0 0 0 0 0 0 0 0 0 0 0 0 0 0 0 0 0 0 0 0 0 0 0 1 0 0 0 0 0 0 0 0 0 0 0 0 0 0 0 0 0 0 0 0 0 0 0 0 0 0 0 0 0 0 0 0 0 0 0 0 0 0 0]
[2440406185848601096515900724207414584707165628634111795376861077716334284082938225911028131917033433739475359858748519922890661698864375947624431672731860273669323175528960200325622410928149800412716721487776674764613 0 0 0 0 0 0 0 0 0 0 0 0 0 0 0 0 0 0 0 0 0 0 0 0 0 0 0 0 0 0 0 0 1 0 0 0 0 0 0 0 0 0 0 0 0 0 0 0 0 0 0 0 0 0 0 0 0 0 0 0 0 0 0 0 0 0 0 0 0 0 0]
[1309791248613919577482502760494595401805337933418625772781386782296339274386387756017717555920806359629166627222738696274372967578243325130811954623982832404488418202066611616326119833092933266991246751090796593775763 0 0 0 0 0 0 0 0 0 0 0 0 0 0 0 0 0 0 0 0 0 0 0 0 0 0 0 0 0 0 0 0 0 1 0 0 0 0 0 0 0 0 0 0 0 0 0 0 0 0 0 0 0 0 0 0 0 0 0 0 0 0 0 0 0 0 0 0 0 0 0]
[2617637708177099324399838252748025870071476680258907378969788551471345869520889978596612583998599972183044420605185143995685370564390953876673832373201620410930387110199853668332543702751378527159318712585893982911796 0 0 0 0 0 0 0 0 0 0 0 0 0 0 0 0 0 0 0 0 0 0 0 0 0 0 0 0 0 0 0 0 0 0 1 0 0 0 0 0 0 0 0 0 0 0 0 0 0 0 0 0 0 0 0 0 0 0 0 0 0 0 0 0 0 0 0 0 0 0 0]
[584942363875914507130286200159268697971361849076299141687701225805189433552955755382233099473911367838081115221142066811104944767920257208740757223886993106331966700534924838094351964282551559666962133226197081341293 0 0 0 0 0 0 0 0 0 0 0 0 0 0 0 0 0 0 0 0 0 0 0 0 0 0 0 0 0 0 0 0 0 0 0 1 0 0 0 0 0 0 0 0 0 0 0 0 0 0 0 0 0 0 0 0 0 0 0 0 0 0 0 0 0 0 0 0 0 0 0]
[1423345541937460027655263545399087998830935794800199752834567953036810742060910386573084492789915365432090275127500511223027627271527479111353496416606712027022683975572508451457083842443973572231516080330260581172698 0 0 0 0 0 0 0 0 0 0 0 0 0 0 0 0 0 0 0 0 0 0 0 0 0 0 0 0 0 0 0 0 0 0 0 0 1 0 0 0 0 0 0 0 0 0 0 0 0 0 0 0 0 0 0 0 0 0 0 0 0 0 0 0 0 0 0 0 0 0 0]
[3098137025682864629621934889698829686607639935008411553883577207213465667428045493288881298765080259067522307022696873004686993585506558337261629941696471118017018868829404022388478327324503119723685765231152554601425 0 0 0 0 0 0 0 0 0 0 0 0 0 0 0 0 0 0 0 0 0 0 0 0 0 0 0 0 0 0 0 0 0 0 0 0 0 1 0 0 0 0 0 0 0 0 0 0 0 0 0 0 0 0 0 0 0 0 0 0 0 0 0 0 0 0 0 0 0 0 0]
[3614170634917739272599904843356268389665302834847876369718013287012470504301814162654684240038480554356948715139855895229075367946514148302211446917431459856915961135334497328294088159267708518371447978223276209373113 0 0 0 0 0 0 0 0 0 0 0 0 0 0 0 0 0 0 0 0 0 0 0 0 0 0 0 0 0 0 0 0 0 0 0 0 0 0 1 0 0 0 0 0 0 0 0 0 0 0 0 0 0 0 0 0 0 0 0 0 0 0 0 0 0 0 0 0 0 0 0]
[2304889866942989986009441583968569202807817797394993401112554923078460880116049342939390399949084261254648289848851981704401653231384082344642387000285745408775530979434543747361118130796271019925614430301868325966100 0 0 0 0 0 0 0 0 0 0 0 0 0 0 0 0 0 0 0 0 0 0 0 0 0 0 0 0 0 0 0 0 0 0 0 0 0 0 0 1 0 0 0 0 0 0 0 0 0 0 0 0 0 0 0 0 0 0 0 0 0 0 0 0 0 0 0 0 0 0 0]
[1823402775333564133043940608844969618283520820216134258706636408269054311686762612524602816507730544606319370056530283228616622913779168603755013633583896797533290322781664800502254047012691767528276651543312398644461 0 0 0 0 0 0 0 0 0 0 0 0 0 0 0 0 0 0 0 0 0 0 0 0 0 0 0 0 0 0 0 0 0 0 0 0 0 0 0 0 1 0 0 0 0 0 0 0 0 0 0 0 0 0 0 0 0 0 0 0 0 0 0 0 0 0 0 0 0 0 0]
[2464291288337941724779729726426519274110210121796184702967062244788691255879192516329998422144739948654594644872373430246215350540854421552572122989824380695608888282667715110152738049583959468366510635442931538345688 0 0 0 0 0 0 0 0 0 0 0 0 0 0 0 0 0 0 0 0 0 0 0 0 0 0 0 0 0 0 0 0 0 0 0 0 0 0 0 0 0 1 0 0 0 0 0 0 0 0 0 0 0 0 0 0 0 0 0 0 0 0 0 0 0 0 0 0 0 0 0]
[788808072151220236368028296963945738464217533873811808450806144232860185157989613184716137223675196741416370667546910762175400195964300479675619621527696756194299161172521330281663473779576750091402237790307356994429 0 0 0 0 0 0 0 0 0 0 0 0 0 0 0 0 0 0 0 0 0 0 0 0 0 0 0 0 0 0 0 0 0 0 0 0 0 0 0 0 0 0 1 0 0 0 0 0 0 0 0 0 0 0 0 0 0 0 0 0 0 0 0 0 0 0 0 0 0 0 0]
[457644533003981723576360906545640946665992453403360987765141414359826994814768088995548679918227367272724526929563757929003635137259647869811898632464672394350290171800389078162232745385541003699066430877107004123551 0 0 0 0 0 0 0 0 0 0 0 0 0 0 0 0 0 0 0 0 0 0 0 0 0 0 0 0 0 0 0 0 0 0 0 0 0 0 0 0 0 0 0 1 0 0 0 0 0 0 0 0 0 0 0 0 0 0 0 0 0 0 0 0 0 0 0 0 0 0 0]
[2034393032368822374368589315076420771667731789606903590368973737703157637284291156112066091772771482028182964750568753538970437816043815224470090855536468227238889509138941024985158149571090016679417748516943765186051 0 0 0 0 0 0 0 0 0 0 0 0 0 0 0 0 0 0 0 0 0 0 0 0 0 0 0 0 0 0 0 0 0 0 0 0 0 0 0 0 0 0 0 0 1 0 0 0 0 0 0 0 0 0 0 0 0 0 0 0 0 0 0 0 0 0 0 0 0 0 0]
[2350055833206460075940886944241993074061693073711529656479767357760623366619776460531364525239411029875793552051998265193293589175022544525848381233631256012501021710419403972027085744823035474663769653361991119346961 0 0 0 0 0 0 0 0 0 0 0 0 0 0 0 0 0 0 0 0 0 0 0 0 0 0 0 0 0 0 0 0 0 0 0 0 0 0 0 0 0 0 0 0 0 1 0 0 0 0 0 0 0 0 0 0 0 0 0 0 0 0 0 0 0 0 0 0 0 0 0]
[3611910209231900997915911570612972838510885553826913483484523353653326384161901060311435087150869040083703749017121826250986549060791086471834629921368171658263916736881910829208090783522881795836895507767735741109621 0 0 0 0 0 0 0 0 0 0 0 0 0 0 0 0 0 0 0 0 0 0 0 0 0 0 0 0 0 0 0 0 0 0 0 0 0 0 0 0 0 0 0 0 0 0 1 0 0 0 0 0 0 0 0 0 0 0 0 0 0 0 0 0 0 0 0 0 0 0 0]
[3017806705437865457705473869329093155337341651654814360551575652637088482761590947943806006553110512084751766358420283287241768234500270333703754300888874137405272884068192201072681791271839275936479132550703800356245 0 0 0 0 0 0 0 0 0 0 0 0 0 0 0 0 0 0 0 0 0 0 0 0 0 0 0 0 0 0 0 0 0 0 0 0 0 0 0 0 0 0 0 0 0 0 0 1 0 0 0 0 0 0 0 0 0 0 0 0 0 0 0 0 0 0 0 0 0 0 0]
[2358162820810261809196924526192759402423068025534133772077202759155343580602724501728616331082554275058580965047227887659749978600798186118354482364066494666832286995930180347310849961330692073767235757575559287453240 0 0 0 0 0 0 0 0 0 0 0 0 0 0 0 0 0 0 0 0 0 0 0 0 0 0 0 0 0 0 0 0 0 0 0 0 0 0 0 0 0 0 0 0 0 0 0 0 1 0 0 0 0 0 0 0 0 0 0 0 0 0 0 0 0 0 0 0 0 0 0]
[2321918895440674938681000850757288623440328176064604002746856838338832493475712648689555865439715228166580167816166701128526180685235412006829556555000077263323059235294313356783230159223489917406596225993839960932277 0 0 0 0 0 0 0 0 0 0 0 0 0 0 0 0 0 0 0 0 0 0 0 0 0 0 0 0 0 0 0 0 0 0 0 0 0 0 0 0 0 0 0 0 0 0 0 0 0 1 0 0 0 0 0 0 0 0 0 0 0 0 0 0 0 0 0 0 0 0 0]
[741208088300442078252485889153017989914665182178192212441304665094678402295372119104555469493922902115557440161310827896670925761388029516006880429342279013191300189069110347882263681986300808277766244852278110009916 0 0 0 0 0 0 0 0 0 0 0 0 0 0 0 0 0 0 0 0 0 0 0 0 0 0 0 0 0 0 0 0 0 0 0 0 0 0 0 0 0 0 0 0 0 0 0 0 0 0 1 0 0 0 0 0 0 0 0 0 0 0 0 0 0 0 0 0 0 0 0]
[1674022595251643424753815450737959300015425278790526689644469425584971735829755074645213230355796842836425204975834854600112879110476222031336557124998400874374179836415785905654895618599166713605859691374400816519773 0 0 0 0 0 0 0 0 0 0 0 0 0 0 0 0 0 0 0 0 0 0 0 0 0 0 0 0 0 0 0 0 0 0 0 0 0 0 0 0 0 0 0 0 0 0 0 0 0 0 0 1 0 0 0 0 0 0 0 0 0 0 0 0 0 0 0 0 0 0 0]
[1317695873687819807962503854787297929228972340632162115263253258622598363429696028635555754753423188199804962496240386249499993553014020182443701405719962429062008256066823485838831047820873017858645965995528724119546 0 0 0 0 0 0 0 0 0 0 0 0 0 0 0 0 0 0 0 0 0 0 0 0 0 0 0 0 0 0 0 0 0 0 0 0 0 0 0 0 0 0 0 0 0 0 0 0 0 0 0 0 1 0 0 0 0 0 0 0 0 0 0 0 0 0 0 0 0 0 0]
[2779812316182070860503126189705582060985256889787989172846662396131763416482122591388404513511341475794994850589247603339450652352430107201115550637487421883035094718350170001541444103129561768158197182430314185025719 0 0 0 0 0 0 0 0 0 0 0 0 0 0 0 0 0 0 0 0 0 0 0 0 0 0 0 0 0 0 0 0 0 0 0 0 0 0 0 0 0 0 0 0 0 0 0 0 0 0 0 0 0 1 0 0 0 0 0 0 0 0 0 0 0 0 0 0 0 0 0]
[1199419454866084011683484848737049838606015855094810435427339512931552176200236604397084389927106741743899670472091886559752563290090167312607153973808268570874827495915157346172283273517843828658999123763645302260720 0 0 0 0 0 0 0 0 0 0 0 0 0 0 0 0 0 0 0 0 0 0 0 0 0 0 0 0 0 0 0 0 0 0 0 0 0 0 0 0 0 0 0 0 0 0 0 0 0 0 0 0 0 0 1 0 0 0 0 0 0 0 0 0 0 0 0 0 0 0 0]
[526933026057977510188017183968403709875905972259380799384575827819551202948394884506848964149874010757789175793457907955954628243664923275042596360777111494314472082493337689160141555218252956227752511094007154541403 0 0 0 0 0 0 0 0 0 0 0 0 0 0 0 0 0 0 0 0 0 0 0 0 0 0 0 0 0 0 0 0 0 0 0 0 0 0 0 0 0 0 0 0 0 0 0 0 0 0 0 0 0 0 0 1 0 0 0 0 0 0 0 0 0 0 0 0 0 0 0]
[2727918654409417038120304528680234242696158987387503586379204451533121309180470720921131760403368680308813558524446070963564640801091937935773721097600944244236433896363297501646659444452386778699765738094778814937864 0 0 0 0 0 0 0 0 0 0 0 0 0 0 0 0 0 0 0 0 0 0 0 0 0 0 0 0 0 0 0 0 0 0 0 0 0 0 0 0 0 0 0 0 0 0 0 0 0 0 0 0 0 0 0 0 1 0 0 0 0 0 0 0 0 0 0 0 0 0 0]
[708899645842124603850994499004774841936335834964489065221193531982253769117925764463250457727080725675472653499445232405772004615116896262289462050434925346673746385404560643222721550249263592317565941021763958697997 0 0 0 0 0 0 0 0 0 0 0 0 0 0 0 0 0 0 0 0 0 0 0 0 0 0 0 0 0 0 0 0 0 0 0 0 0 0 0 0 0 0 0 0 0 0 0 0 0 0 0 0 0 0 0 0 0 1 0 0 0 0 0 0 0 0 0 0 0 0 0]
[1687654887089171416934966031140363166182874919196945694838570437043436284091501299170051887283015125883652330889996668820909095541867346562048115202015587066133175880074383887132091380784155025903931572384152306669671 0 0 0 0 0 0 0 0 0 0 0 0 0 0 0 0 0 0 0 0 0 0 0 0 0 0 0 0 0 0 0 0 0 0 0 0 0 0 0 0 0 0 0 0 0 0 0 0 0 0 0 0 0 0 0 0 0 0 1 0 0 0 0 0 0 0 0 0 0 0 0]
[3354477795923243459707100665987868928693903996851815298905527001497366760693035107299407600993534546419791701309209150820913001777469135992001665508334818334927384435329746875028799704778945485482966604991583475743376 0 0 0 0 0 0 0 0 0 0 0 0 0 0 0 0 0 0 0 0 0 0 0 0 0 0 0 0 0 0 0 0 0 0 0 0 0 0 0 0 0 0 0 0 0 0 0 0 0 0 0 0 0 0 0 0 0 0 0 1 0 0 0 0 0 0 0 0 0 0 0]
[2862381139978157222363768124808441628455623747557252245520781229145424307704949751666022055675835434120259485030840879071765795768747186546518487284822331939058463444701679597390370341263765946041407329685167716752658 0 0 0 0 0 0 0 0 0 0 0 0 0 0 0 0 0 0 0 0 0 0 0 0 0 0 0 0 0 0 0 0 0 0 0 0 0 0 0 0 0 0 0 0 0 0 0 0 0 0 0 0 0 0 0 0 0 0 0 0 1 0 0 0 0 0 0 0 0 0 0]
[1753553034078964978661290703442613065616852629750002266818131173222012052276040091982001424958555004130564086820084056127994791703104883002573667988410343901921828737201795696882162646118421129737976548795169100383999 0 0 0 0 0 0 0 0 0 0 0 0 0 0 0 0 0 0 0 0 0 0 0 0 0 0 0 0 0 0 0 0 0 0 0 0 0 0 0 0 0 0 0 0 0 0 0 0 0 0 0 0 0 0 0 0 0 0 0 0 0 1 0 0 0 0 0 0 0 0 0]
[2962454898772395831552691417288669813047930812875106270579730564901581366520819592830340590797105092491436366215108533754269032068485291869049195922231465775520919423970778202460204717325230910210068257320542922152403 0 0 0 0 0 0 0 0 0 0 0 0 0 0 0 0 0 0 0 0 0 0 0 0 0 0 0 0 0 0 0 0 0 0 0 0 0 0 0 0 0 0 0 0 0 0 0 0 0 0 0 0 0 0 0 0 0 0 0 0 0 0 1 0 0 0 0 0 0 0 0]
[206228204503733678534941756763070766017800358140325833468431247039453153427894597538598386206479684818445839479949987154196879811080158454652601756121160732937692360239792153390565311668146229363649013383496770655396 0 0 0 0 0 0 0 0 0 0 0 0 0 0 0 0 0 0 0 0 0 0 0 0 0 0 0 0 0 0 0 0 0 0 0 0 0 0 0 0 0 0 0 0 0 0 0 0 0 0 0 0 0 0 0 0 0 0 0 0 0 0 0 1 0 0 0 0 0 0 0]
[1740115101044375395469663647023147947256466762992282358058694009926522434722165053529706067713005224412337396256323498624934531848520430413474320873597771346252729548084849201969387693349844750524231455429319250911591 0 0 0 0 0 0 0 0 0 0 0 0 0 0 0 0 0 0 0 0 0 0 0 0 0 0 0 0 0 0 0 0 0 0 0 0 0 0 0 0 0 0 0 0 0 0 0 0 0 0 0 0 0 0 0 0 0 0 0 0 0 0 0 0 1 0 0 0 0 0 0]
[1255240403139396939043511174737187350987833431768805879156289983276737043188453911862586819488117323327900626938374103502961445634836366819362452773359174396058329305134797919624826423399224824426496082926087775178661 0 0 0 0 0 0 0 0 0 0 0 0 0 0 0 0 0 0 0 0 0 0 0 0 0 0 0 0 0 0 0 0 0 0 0 0 0 0 0 0 0 0 0 0 0 0 0 0 0 0 0 0 0 0 0 0 0 0 0 0 0 0 0 0 0 1 0 0 0 0 0]
[3002179227656093009542345615275189438119477562832954621116350692524549027765462235527337752829357828060234170931030871747799518080665511462956496683554955564272467872759263440128422850030054533173599465979669357219544 0 0 0 0 0 0 0 0 0 0 0 0 0 0 0 0 0 0 0 0 0 0 0 0 0 0 0 0 0 0 0 0 0 0 0 0 0 0 0 0 0 0 0 0 0 0 0 0 0 0 0 0 0 0 0 0 0 0 0 0 0 0 0 0 0 0 1 0 0 0 0]
[511894216729025823497603060995105372133300059023818688964440922915517010165648807157768657734026504452104551365067466580507439391141382093351674934209413060982090855528912014732507274733237696533848140669389316851320 0 0 0 0 0 0 0 0 0 0 0 0 0 0 0 0 0 0 0 0 0 0 0 0 0 0 0 0 0 0 0 0 0 0 0 0 0 0 0 0 0 0 0 0 0 0 0 0 0 0 0 0 0 0 0 0 0 0 0 0 0 0 0 0 0 0 0 1 0 0 0]
[556598621136758000893210217563177904170612886448287528178648021873157185132278146852849061464772788687203944937622295855636473169370705404003432133862769377827966854546252798873506504754129908580956450492069438909739 0 0 0 0 0 0 0 0 0 0 0 0 0 0 0 0 0 0 0 0 0 0 0 0 0 0 0 0 0 0 0 0 0 0 0 0 0 0 0 0 0 0 0 0 0 0 0 0 0 0 0 0 0 0 0 0 0 0 0 0 0 0 0 0 0 0 0 0 1 0 0]
[178462895646990404813149394251183439859300069458260700397571306531259899920131920196789474929274161481498067907672019413415165446912344575949217201749048618582813832254016370916339288275980604419678963008579875936926 0 0 0 0 0 0 0 0 0 0 0 0 0 0 0 0 0 0 0 0 0 0 0 0 0 0 0 0 0 0 0 0 0 0 0 0 0 0 0 0 0 0 0 0 0 0 0 0 0 0 0 0 0 0 0 0 0 0 0 0 0 0 0 0 0 0 0 0 0 1 0]
[2634302034559225402553178040200842676362510858651855181425904520276061889591075375558008495966949701572198930731020648606908340012126461072111811849381693673299648166853989094065294220555739978484889343893804021213400 0 0 0 0 0 0 0 0 0 0 0 0 0 0 0 0 0 0 0 0 0 0 0 0 0 0 0 0 0 0 0 0 0 0 0 0 0 0 0 0 0 0 0 0 0 0 0 0 0 0 0 0 0 0 0 0 0 0 0 0 0 0 0 0 0 0 0 0 0 0 1]
]
72 73 7
[1 1 1 1 1 1 1 1 1 1 1 1 1 1 1 1 1 1 1 1 1 1 1 1 1 1 1 1 1 1 1 1 1 1 1 1 1 1 1 1 1 1 1 1 1 1 1 1 1 1 1 1 1 1 1 1 1 1 1 1 1 1 1 1 1 1 1 1 1 1 1 1 1]
