[[2788056432778081786396214214253731965036913252938785967003429066486579123808581286119201012207637654439351279553502237200439240157382938835129903507857957631808508181219011013511591871387147672081772551072877526009013 0 0 0 0 0 0 0 0 0 0 0 0 0 0 0 0 0 0 0 0 0 0 0 0 0 0 0 0 0 0 0 0 0 0 0 0 0 0 0 0 0 0 0 0 0 0 0 0 0 0 0 0 0 0 0 0 0 0 0 0 0 0 0 0 0 0 0 0 0 0 0]
[248536076485339717219334670760139408941577900084616888506340376976975052458527449896813785917949915870427102415882038893583331174321362201752169431162458651444268709502783466495553415093314040204783226428349565087322 1 0 0 0 0 0 0 0 0 0 0 0 0 0 0 0 0 0 0 0 0 0 0 0 0 0 0 0 0 0 0 0 0 0 0 0 0 0 0 0 0 0 0 0 0 0 0 0 0 0 0 0 0 0 0 0 0 0 0 0 0 0 0 0 0 0 0 0 0 0 0]
[2782277943467258628738633110454582089003066318395922387561242952394519304117031302534701737370457800429522764650686154030847567306912659073791001151907160766614530944784844625934485996684381400033328533836372456352905 0 1 0 0 0 0 0 0 0 0 0 0 0 0 0 0 0 0 0 0 0 0 0 0 0 0 0 0 0 0 0 0 0 0 0 0 0 0 0 0 0 0 0 0 0 0 0 0 0 0 0 0 0 0 0 0 0 0 0 0 0 0 0 0 0 0 0 0 0 0 0]
[1908053928749322335069460914346617644239898312515351849123427262946731998671320384112196547129805599296379289398931767740137610599987154010045384999650978711597182472085377598345336255434481089920930166609826703542029 0 0 1 0 0 0 0 0 0 0 0 0 0 0 0 0 0 0 0 0 0 0 0 0 0 0 0 0 0 0 0 0 0 0 0 0 0 0 0 0 0 0 0 0 0 0 0 0 0 0 0 0 0 0 0 0 0 0 0 0 0 0 0 0 0 0 0 0 0 0 0]
[2737645021595030333743208146918168840224518456980085017932495526947752349101743575344571134401393419726818403193233728392287426023627426479929893701707978989555200768375559738326221033309287564076952629158385144447614 0 0 0 1 0 0 0 0 0 0 0 0 0 0 0 0 0 0 0 0 0 0 0 0 0 0 0 0 0 0 0 0 0 0 0 0 0 0 0 0 0 0 0 0 0 0 0 0 0 0 0 0 0 0 0 0 0 0 0 0 0 0 0 0 0 0 0 0 0 0 0]
[2539944448770226892135552736159448268032630647913217363869368409221368753175188901919148492183387812231923113824718869652602057993496348466325574208420920932007499310863899532862376909040946343650313053298736845664989 0 0 0 0 1 0 0 0 0 0 0 0 0 0 0 0 0 0 0 0 0 0 0 0 0 0 0 0 0 0 0 0 0 0 0 0 0 0 0 0 0 0 0 0 0 0 0 0 0 0 0 0 0 0 0 0 0 0 0 0 0 0 0 0 0 0 0 0 0 0 0]
[2368210829035548215013653081087951546424724156164380808139563277842473039839892945924629767439029524737524249702948893043407862911342917054850822976128196953842634283012427222989500441138379470845484221446310223548130 0 0 0 0 0 1 0 0 0 0 0 0 0 0 0 0 0 0 0 0 0 0 0 0 0 0 0 0 0 0 0 0 0 0 0 0 0 0 0 0 0 0 0 0 0 0 0 0 0 0 0 0 0 0 0 0 0 0 0 0 0 0 0 0 0 0 0 0 0 0 0]
[75300190173517760290880546419463082486781767943319384536220507927335465914683998796105136386277698635396516047512737463315799913184449537499048130203212218475618855187438171035034997841403106920828695179637377647891 0 0 0 0 0 0 1 0 0 0 0 0 0 0 0 0 0 0 0 0 0 0 0 0 0 0 0 0 0 0 0 0 0 0 0 0 0 0 0 0 0 0 0 0 0 0 0 0 0 0 0 0 0 0 0 0 0 0 0 0 0 0 0 0 0 0 0 0 0 0 0]
[770863328372435698137118060437313761910029912303838770195853584779489737182703127253856803739102687835901914863918431433773612589060714867067297097108590098871817536932974188965755168331844657724902366281637984782268 0 0 0 0 0 0 0 1 0 0 0 0 0 0 0 0 0 0 0 0 0 0 0 0 0 0 0 0 0 0 0 0 0 0 0 0 0 0 0 0 0 0 0 0 0 0 0 0 0 0 0 0 0 0 0 0 0 0 0 0 0 0 0 0 0 0 0 0 0 0 0]
[44644415253837959765022878450269385463263242548260639971125454222155038937962528225753102286843385556539217259516280203893827732328687049128608056736219321530012147366957819375478287949603248326604894447857582359226 0 0 0 0 0 0 0 0 1 0 0 0 0 0 0 0 0 0 0 0 0 0 0 0 0 0 0 0 0 0 0 0 0 0 0 0 0 0 0 0 0 0 0 0 0 0 0 0 0 0 0 0 0 0 0 0 0 0 0 0 0 0 0 0 0 0 0 0 0 0 0]
[168440410681363777141697925266791044149279471819528614905024454302138948146590952731751974873172397286033778780034948248089903785630381920587366432100309263199673081253916351156330114607349994822684577359628709397996 0 0 0 0 0 0 0 0 0 1 0 0 0 0 0 0 0 0 0 0 0 0 0 0 0 0 0 0 0 0 0 0 0 0 0 0 0 0 0 0 0 0 0 0 0 0 0 0 0 0 0 0 0 0 0 0 0 0 0 0 0 0 0 0 0 0 0 0 0 0 0]
[533160845228984168820463691974570826132463427087329296360720703715001528693364254328156729843159136660245150380893982295797402746520377608398679654534900834551118088333593611560487383618394669973897945837446442348091 0 0 0 0 0 0 0 0 0 0 1 0 0 0 0 0 0 0 0 0 0 0 0 0 0 0 0 0 0 0 0 0 0 0 0 0 0 0 0 0 0 0 0 0 0 0 0 0 0 0 0 0 0 0 0 0 0 0 0 0 0 0 0 0 0 0 0 0 0 0 0]
[1699779416068203902457798591691970784766250607949995969445658470745756561409320773693271704851734587132815331969559203528545086881099451735119485197058764831516676032187588498323996807702766563033465420812413894601986 0 0 0 0 0 0 0 0 0 0 0 1 0 0 0 0 0 0 0 0 0 0 0 0 0 0 0 0 0 0 0 0 0 0 0 0 0 0 0 0 0 0 0 0 0 0 0 0 0 0 0 0 0 0 0 0 0 0 0 0 0 0 0 0 0 0 0 0 0 0 0]
[102642351945445840929802149991273787748575665565195415282592002074938327584001831760668645449120755476356681352309704508637066217465483360880522016280296144359028014729742561049898767972421886404789610533720601147859 0 0 0 0 0 0 0 0 0 0 0 0 1 0 0 0 0 0 0 0 0 0 0 0 0 0 0 0 0 0 0 0 0 0 0 0 0 0 0 0 0 0 0 0 0 0 0 0 0 0 0 0 0 0 0 0 0 0 0 0 0 0 0 0 0 0 0 0 0 0 0]
[2419149357174654225391309722489567926467684090526912334464714236023982387211112383172976312965878732166567071635975918332088873474476791412995254925647199523908240833089738953810737512887160241946807231238798410054100 0 0 0 0 0 0 0 0 0 0 0 0 0 1 0 0 0 0 0 0 0 0 0 0 0 0 0 0 0 0 0 0 0 0 0 0 0 0 0 0 0 0 0 0 0 0 0 0 0 0 0 0 0 0 0 0 0 0 0 0 0 0 0 0 0 0 0 0 0 0 0]
[2344546218221942765690372349208885238947593706968822514594226774136615714630197922021053436217382001191423179799908085673594939251442159085195976448434527578287240114985120897288406725546371163950843787213400791284302 0 0 0 0 0 0 0 0 0 0 0 0 0 0 1 0 0 0 0 0 0 0 0 0 0 0 0 0 0 0 0 0 0 0 0 0 0 0 0 0 0 0 0 0 0 0 0 0 0 0 0 0 0 0 0 0 0 0 0 0 0 0 0 0 0 0 0 0 0 0 0]
[766133343623541652330837985068467646797644531440915366407635288973740597132040745166213578325836785274911053256007198628996884422900883890013224986753800053052687088388161299125784720482182567097445946248062869319452 0 0 0 0 0 0 0 0 0 0 0 0 0 0 0 1 0 0 0 0 0 0 0 0 0 0 0 0 0 0 0 0 0 0 0 0 0 0 0 0 0 0 0 0 0 0 0 0 0 0 0 0 0 0 0 0 0 0 0 0 0 0 0 0 0 0 0 0 0 0 0]
[1222758833515456825156051311725528770710008812783102236918359482317343662188381313227418111585904202009315766908326376834117343560324234781157364893114786891075752927261383302672596888941668347508458969352836325361711 0 0 0 0 0 0 0 0 0 0 0 0 0 0 0 0 1 0 0 0 0 0 0 0 0 0 0 0 0 0 0 0 0 0 0 0 0 0 0 0 0 0 0 0 0 0 0 0 0 0 0 0 0 0 0 0 0 0 0 0 0 0 0 0 0 0 0 0 0 0 0]
[2070468898813429988318906636671833622728943794385856526816347639786532942262502304959702364991480619402976372750294225957481958409440600712000430711722759154473078349637436033326333181268876559373134278840799928964997 0 0 0 0 0 0 0 0 0 0 0 0 0 0 0 0 0 1 0 0 0 0 0 0 0 0 0 0 0 0 0 0 0 0 0 0 0 0 0 0 0 0 0 0 0 0 0 0 0 0 0 0 0 0 0 0 0 0 0 0 0 0 0 0 0 0 0 0 0 0 0]
[2019630387000550048256646645521757907929832809288356683718891559366319912840318260323126104383823084970914280061012324092857153787545274923999695622263580143370505542836956119779368634651221327311817679227714460876155 0 0 0 0 0 0 0 0 0 0 0 0 0 0 0 0 0 0 1 0 0 0 0 0 0 0 0 0 0 0 0 0 0 0 0 0 0 0 0 0 0 0 0 0 0 0 0 0 0 0 0 0 0 0 0 0 0 0 0 0 0 0 0 0 0 0 0 0 0 0 0]
[2095826311471899301461310037354236469513627666008462789067516195027683402541652091015969938978924728579708370694421026029861890461013506887279610429163542052310383319346545850881304573131977129662706248284389081614458 0 0 0 0 0 0 0 0 0 0 0 0 0 0 0 0 0 0 0 1 0 0 0 0 0 0 0 0 0 0 0 0 0 0 0 0 0 0 0 0 0 0 0 0 0 0 0 0 0 0 0 0 0 0 0 0 0 0 0 0 0 0 0 0 0 0 0 0 0 0 0]
[1732949193171738106671833673076321614896816634439015061925854966934778489115282490459161100937996581288563422420251293487025744965567877190486147994328141672794318495902021034990323455299883744125942461875114407942720 0 0 0 0 0 0 0 0 0 0 0 0 0 0 0 0 0 0 0 0 1 0 0 0 0 0 0 0 0 0 0 0 0 0 0 0 0 0 0 0 0 0 0 0 0 0 0 0 0 0 0 0 0 0 0 0 0 0 0 0 0 0 0 0 0 0 0 0 0 0 0]
[2319146321285404194397635228738836297587532319993944097616517292168878816769839652516774905963169486714838883804666788904547721028579792945674112010121400360922948111514820817138107106074647321627287523242774076754114 0 0 0 0 0 0 0 0 0 0 0 0 0 0 0 0 0 0 0 0 0 1 0 0 0 0 0 0 0 0 0 0 0 0 0 0 0 0 0 0 0 0 0 0 0 0 0 0 0 0 0 0 0 0 0 0 0 0 0 0 0 0 0 0 0 0 0 0 0 0 0]
[1159673813037209709846670323920790272147364767477372383726433908808797781499746512816009693868821514264220511682776642478304908812777555442152830149484565631254889766530772972987984644188757945866863902950624093556232 0 0 0 0 0 0 0 0 0 0 0 0 0 0 0 0 0 0 0 0 0 0 1 0 0 0 0 0 0 0 0 0 0 0 0 0 0 0 0 0 0 0 0 0 0 0 0 0 0 0 0 0 0 0 0 0 0 0 0 0 0 0 0 0 0 0 0 0 0 0 0]
[1702812452744049559996882863042985506445519608575058719727189937311393891688177678135866601322423890426810415076331876595511721469405944699715146328777457063385609297147859874369904780381187814442853205219577838934701 0 0 0 0 0 0 0 0 0 0 0 0 0 0 0 0 0 0 0 0 0 0 0 1 0 0 0 0 0 0 0 0 0 0 0 0 0 0 0 0 0 0 0 0 0 0 0 0 0 0 0 0 0 0 0 0 0 0 0 0 0 0 0 0 0 0 0 0 0 0 0]
[1460305745538823798311108635471559512584296264703005514809326882315467807680878287071514217242112269020111609244254323495291830819770778767323767793509593990289729622878347904547769707114441870692645741219397980086976 0 0 0 0 0 0 0 0 0 0 0 0 0 0 0 0 0 0 0 0 0 0 0 0 1 0 0 0 0 0 0 0 0 0 0 0 0 0 0 0 0 0 0 0 0 0 0 0 0 0 0 0 0 0 0 0 0 0 0 0 0 0 0 0 0 0 0 0 0 0 0]
[2422245896447512899479334131814171486199676295183112326395171711290397129630102166814286793714962993459996915014652939633127111964164571966776102963557004839802148940641425744599622059233799766109729678729504463607936 0 0 0 0 0 0 0 0 0 0 0 0 0 0 0 0 0 0 0 0 0 0 0 0 0 1 0 0 0 0 0 0 0 0 0 0 0 0 0 0 0 0 0 0 0 0 0 0 0 0 0 0 0 0 0 0 0 0 0 0 0 0 0 0 0 0 0 0 0 0 0]
[389580530812610571345406254917722998989532804525289517525641273952129162461164937033465666869232092432046020108925923020746440928613106121859396968571127531245293840460860046789369628528764542830067309404344082821792 0 0 0 0 0 0 0 0 0 0 0 0 0 0 0 0 0 0 0 0 0 0 0 0 0 0 1 0 0 0 0 0 0 0 0 0 0 0 0 0 0 0 0 0 0 0 0 0 0 0 0 0 0 0 0 0 0 0 0 0 0 0 0 0 0 0 0 0 0 0 0]
[724948887211011379194328403321060035960848264116881780443508569919253759360523358352753588016349657319461978885794635325439684282817874044123887516662232095193918740681973381660511495299308274069936079923339492943038 0 0 0 0 0 0 0 0 0 0 0 0 0 0 0 0 0 0 0 0 0 0 0 0 0 0 0 1 0 0 0 0 0 0 0 0 0 0 0 0 0 0 0 0 0 0 0 0 0 0 0 0 0 0 0 0 0 0 0 0 0 0 0 0 0 0 0 0 0 0 0]
[892182572473069826666409397973533035088128412917294313753119196761450283319824664313594842208948637714029697399872738480009935556978294599936952431368511412062096804410631476986238557788961397311774177387370213720281 0 0 0 0 0 0 0 0 0 0 0 0 0 0 0 0 0 0 0 0 0 0 0 0 0 0 0 0 1 0 0 0 0 0 0 0 0 0 0 0 0 0 0 0 0 0 0 0 0 0 0 0 0 0 0 0 0 0 0 0 0 0 0 0 0 0 0 0 0 0 0]
[33646156780305947355173946982740496997271053559905304303322024051119444979117100091969196658375546464718546224478590038473654371941942441882783078413425451169057553134734627160929890997025334641394473507436893578482 0 0 0 0 0 0 0 0 0 0 0 0 0 0 0 0 0 0 0 0 0 0 0 0 0 0 0 0 0 1 0 0 0 0 0 0 0 0 0 0 0 0 0 0 0 0 0 0 0 0 0 0 0 0 0 0 0 0 0 0 0 0 0 0 0 0 0 0 0 0 0]
[1759821692873331216961743164421123086072308013576711386171190258606919467631607121383733918806163950908409805345394388303473151694224186340498372016879578035370303485925046469327648746497411459033319877878672667672991 0 0 0 0 0 0 0 0 0 0 0 0 0 0 0 0 0 0 0 0 0 0 0 0 0 0 0 0 0 0 1 0 0 0 0 0 0 0 0 0 0 0 0 0 0 0 0 0 0 0 0 0 0 0 0 0 0 0 0 0 0 0 0 0 0 0 0 0 0 0 0]
[48226391141325805595091549806699508341661196602616731872295825422215153125771422106775503084587511680175785643769837452451578911979187465240821112925307891751323959360280946665357025353697055113407612149064360409101 0 0 0 0 0 0 0 0 0 0 0 0 0 0 0 0 0 0 0 0 0 0 0 0 0 0 0 0 0 0 0 1 0 0 0 0 0 0 0 0 0 0 0 0 0 0 0 0 0 0 0 0 0 0 0 0 0 0 0 0 0 0 0 0 0 0 0 0 0 0 0]
[2680334599948842235192542016920439234482048146938017361935250727796784797577361455064754934882925352209829388851731149008854464624661690142601882789736320745344330685411964047360923707399697511792124185593965596144483 0 0 0 0 0 0 0 0 0 0 0 0 0 0 0 0 0 0 0 0 0 0 0 0 0 0 0 0 0 0 0 0 1 0 0 0 0 0 0 0 0 0 0 0 0 0 0 0 0 0 0 0 0 0 0 0 0 0 0 0 0 0 0 0 0 0 0 0 0 0 0]
[2166886198880153760636735772083580301574727702737578659242359546583934120965558226481324894684749478036388718261728512792551743108292330750880091378653151951948945460552289169182017483777045747860918679349413829242935 0 0 0 0 0 0 0 0 0 0 0 0 0 0 0 0 0 0 0 0 0 0 0 0 0 0 0 0 0 0 0 0 0 1 0 0 0 0 0 0 0 0 0 0 0 0 0 0 0 0 0 0 0 0 0 0 0 0 0 0 0 0 0 0 0 0 0 0 0 0 0]
[2494788008358635669485281118199139212378687475654668188116785022384638189623192344758490747775886310591102013734222843369984484128330252253235061823924154306240165355157771695161235617277584386182056903099611885737130 0 0 0 0 0 0 0 0 0 0 0 0 0 0 0 0 0 0 0 0 0 0 0 0 0 0 0 0 0 0 0 0 0 0 1 0 0 0 0 0 0 0 0 0 0 0 0 0 0 0 0 0 0 0 0 0 0 0 0 0 0 0 0 0 0 0 0 0 0 0 0]
[1607991028726127308747566015221154503888343871187892956257288764640820997378455291000078362114930774496004821092257074740040154103577294133866905216998648900817928329719746940580997305150398152352983558383508503044491 0 0 0 0 0 0 0 0 0 0 0 0 0 0 0 0 0 0 0 0 0 0 0 0 0 0 0 0 0 0 0 0 0 0 0 1 0 0 0 0 0 0 0 0 0 0 0 0 0 0 0 0 0 0 0 0 0 0 0 0 0 0 0 0 0 0 0 0 0 0 0]
[1670065676212667418594112256799859658708286224684204391447728702891602970573548058926192067122698108356094189580146398090395106726109700272443256886499105136490634011877729549603456018785145514671466145929762115002059 0 0 0 0 0 0 0 0 0 0 0 0 0 0 0 0 0 0 0 0 0 0 0 0 0 0 0 0 0 0 0 0 0 0 0 0 1 0 0 0 0 0 0 0 0 0 0 0 0 0 0 0 0 0 0 0 0 0 0 0 0 0 0 0 0 0 0 0 0 0 0]
[171790781981722077629333125956807924465003176397084441366521044991663768982980576489526528972144438452211425391728523732675277125851780627543755756646323575230832348634098746101322972854316878347665057135227258582699 0 0 0 0 0 0 0 0 0 0 0 0 0 0 0 0 0 0 0 0 0 0 0 0 0 0 0 0 0 0 0 0 0 0 0 0 0 1 0 0 0 0 0 0 0 0 0 0 0 0 0 0 0 0 0 0 0 0 0 0 0 0 0 0 0 0 0 0 0 0 0]
[601286345503189459099105811888726480243240056451668686248048226102385214089760880214289366863565783587673620906254834309679022877948134322703401444312909628147425957299736156048138315577078567220863266382662681503841 0 0 0 0 0 0 0 0 0 0 0 0 0 0 0 0 0 0 0 0 0 0 0 0 0 0 0 0 0 0 0 0 0 0 0 0 0 0 1 0 0 0 0 0 0 0 0 0 0 0 0 0 0 0 0 0 0 0 0 0 0 0 0 0 0 0 0 0 0 0 0]
[2032606101906331595519235202552056192996818714545900084812761280805229484450944621961237874626104260673791659349556791611972760949769986784394953850979704774353666585830901229194693448679071566495042930587028080241360 0 0 0 0 0 0 0 0 0 0 0 0 0 0 0 0 0 0 0 0 0 0 0 0 0 0 0 0 0 0 0 0 0 0 0 0 0 0 0 1 0 0 0 0 0 0 0 0 0 0 0 0 0 0 0 0 0 0 0 0 0 0 0 0 0 0 0 0 0 0 0]
[159930089812927210467583563183484844731059421109633819012353379330786017151020059286651356453748872406951737103257865123790632905157788284855375083913958586759057030554591124830896191129157232140934116888088626727015 0 0 0 0 0 0 0 0 0 0 0 0 0 0 0 0 0 0 0 0 0 0 0 0 0 0 0 0 0 0 0 0 0 0 0 0 0 0 0 0 1 0 0 0 0 0 0 0 0 0 0 0 0 0 0 0 0 0 0 0 0 0 0 0 0 0 0 0 0 0 0]
[418501246706105449698248195896678921765198744166023158430968293359824850936518375710537604266205849696485358685342017570190567845520204978964710336405750898699272878498468395003664844527492957938307053138907079865704 0 0 0 0 0 0 0 0 0 0 0 0 0 0 0 0 0 0 0 0 0 0 0 0 0 0 0 0 0 0 0 0 0 0 0 0 0 0 0 0 0 1 0 0 0 0 0 0 0 0 0 0 0 0 0 0 0 0 0 0 0 0 0 0 0 0 0 0 0 0 0]
[2625794861841547867925320761655484006467938080985842734530832295204636306147160004073400631407930081899799038916574435564439933061356349111547311214905753055990911649374048519401887051909665537039501565000885892305589 0 0 0 0 0 0 0 0 0 0 0 0 0 0 0 0 0 0 0 0 0 0 0 0 0 0 0 0 0 0 0 0 0 0 0 0 0 0 0 0 0 0 1 0 0 0 0 0 0 0 0 0 0 0 0 0 0 0 0 0 0 0 0 0 0 0 0 0 0 0 0]
[2564629640510614348159914260249856984578683235116374047642361221842992013541302072251472144547294649201074354630762084526056282555960127643911131642043618438079814378758306624796728879174137309227473110177029097487345 0 0 0 0 0 0 0 0 0 0 0 0 0 0 0 0 0 0 0 0 0 0 0 0 0 0 0 0 0 0 0 0 0 0 0 0 0 0 0 0 0 0 0 1 0 0 0 0 0 0 0 0 0 0 0 0 0 0 0 0 0 0 0 0 0 0 0 0 0 0 0]
[2137510205561756077045612391464701813265406024335541226097408818334658898884906947903109583417154920494995461403469345090615477590640298062738201354595038429979756814680675104421601470458421442089130398937646545698940 0 0 0 0 0 0 0 0 0 0 0 0 0 0 0 0 0 0 0 0 0 0 0 0 0 0 0 0 0 0 0 0 0 0 0 0 0 0 0 0 0 0 0 0 1 0 0 0 0 0 0 0 0 0 0 0 0 0 0 0 0 0 0 0 0 0 0 0 0 0 0]
[1629597725867229709532205008227898412474920529568985349274516449280814688141092941449941812083363245765400308339616965695293135458448011320456525210404162468275717164648594669753069103773633716847204439542729249438116 0 0 0 0 0 0 0 0 0 0 0 0 0 0 0 0 0 0 0 0 0 0 0 0 0 0 0 0 0 0 0 0 0 0 0 0 0 0 0 0 0 0 0 0 0 1 0 0 0 0 0 0 0 0 0 0 0 0 0 0 0 0 0 0 0 0 0 0 0 0 0]
[2669703159752578360893307474164110130781796903555378668101281899116654230696101684042646504952348045686518113238728208575247571654522949301090441057938211434376690104230735323035563837674643667641657016990238808955468 0 0 0 0 0 0 0 0 0 0 0 0 0 0 0 0 0 0 0 0 0 0 0 0 0 0 0 0 0 0 0 0 0 0 0 0 0 0 0 0 0 0 0 0 0 0 1 0 0 0 0 0 0 0 0 0 0 0 0 0 0 0 0 0 0 0 0 0 0 0 0]
[367564266720717648252810338683557298301005313524906893996312841372915965044949769980391923365961936656310899684554122586171021373344316240574776100984429143346573245675973150905253419787587335249661625455859343248889 0 0 0 0 0 0 0 0 0 0 0 0 0 0 0 0 0 0 0 0 0 0 0 0 0 0 0 0 0 0 0 0 0 0 0 0 0 0 0 0 0 0 0 0 0 0 0 1 0 0 0 0 0 0 0 0 0 0 0 0 0 0 0 0 0 0 0 0 0 0 0]
[2475350472424777219273141533837941743763739286491952485129614488220394666051496967667815944708082773669575667151209040636146614705341126047902158281267251280686731501095676029105675476894641261258499875490366480471984 0 0 0 0 0 0 0 0 0 0 0 0 0 0 0 0 0 0 0 0 0 0 0 0 0 0 0 0 0 0 0 0 0 0 0 0 0 0 0 0 0 0 0 0 0 0 0 0 1 0 0 0 0 0 0 0 0 0 0 0 0 0 0 0 0 0 0 0 0 0 0]
[1244071570695158494779206331705512128366109808543847781666160121424094355347000137879563227681717531365512445846453547640966371053565046174068690188471405753597494201917163484325443562438453500120268950623716591426877 0 0 0 0 0 0 0 0 0 0 0 0 0 0 0 0 0 0 0 0 0 0 0 0 0 0 0 0 0 0 0 0 0 0 0 0 0 0 0 0 0 0 0 0 0 0 0 0 0 1 0 0 0 0 0 0 0 0 0 0 0 0 0 0 0 0 0 0 0 0 0]
[524734175871432399636228168633434662095472268736649780514984638704254427571927046710231737269512865996739999804932737203800181762711533559774650794092417686586038898595906642938456954985390717539543681676498810821275 0 0 0 0 0 0 0 0 0 0 0 0 0 0 0 0 0 0 0 0 0 0 0 0 0 0 0 0 0 0 0 0 0 0 0 0 0 0 0 0 0 0 0 0 0 0 0 0 0 0 1 0 0 0 0 0 0 0 0 0 0 0 0 0 0 0 0 0 0 0 0]
[606513225601203387617700189846159402815082187138013592467431117478331931983962675713954204936798088163126530862198276378543481944149023348014442692397043693975531641575389848460916609111205311499564434976045770594801 0 0 0 0 0 0 0 0 0 0 0 0 0 0 0 0 0 0 0 0 0 0 0 0 0 0 0 0 0 0 0 0 0 0 0 0 0 0 0 0 0 0 0 0 0 0 0 0 0 0 0 1 0 0 0 0 0 0 0 0 0 0 0 0 0 0 0 0 0 0 0]
[1662657391629433847566908460822646350682307866618465554082141866265372734599050151406763444833813869506975000513204905438635885011295222325112925036554007655761700928969429893994680734259190833917300989337509512671978 0 0 0 0 0 0 0 0 0 0 0 0 0 0 0 0 0 0 0 0 0 0 0 0 0 0 0 0 0 0 0 0 0 0 0 0 0 0 0 0 0 0 0 0 0 0 0 0 0 0 0 0 1 0 0 0 0 0 0 0 0 0 0 0 0 0 0 0 0 0 0]
[766694352550778363854053087580137561241781334022597139301783525371934848507805013012925771898187073004996927353679722759671734212342590869195777959558447263999659979049372990308023390389718547667488130506286660707098 0 0 0 0 0 0 0 0 0 0 0 0 0 0 0 0 0 0 0 0 0 0 0 0 0 0 0 0 0 0 0 0 0 0 0 0 0 0 0 0 0 0 0 0 0 0 0 0 0 0 0 0 0 1 0 0 0 0 0 0 0 0 0 0 0 0 0 0 0 0 0]
[1375621666099207543165807968956961768962052530703641876893164458424317242030751474122190167307115657881303951129253855073648713131032536237835500857092799384482124822761472125004458984380076594575846856142922166533312 0 0 0 0 0 0 0 0 0 0 0 0 0 0 0 0 0 0 0 0 0 0 0 0 0 0 0 0 0 0 0 0 0 0 0 0 0 0 0 0 0 0 0 0 0 0 0 0 0 0 0 0 0 0 1 0 0 0 0 0 0 0 0 0 0 0 0 0 0 0 0]
[123425360382021133669647836562458229819833946965637102787843045727131786259349790118813139243897420870749977001649873101808950563506340516137693563043519831671463616532552067049108273681727282730881590657074502727866 0 0 0 0 0 0 0 0 0 0 0 0 0 0 0 0 0 0 0 0 0 0 0 0 0 0 0 0 0 0 0 0 0 0 0 0 0 0 0 0 0 0 0 0 0 0 0 0 0 0 0 0 0 0 0 1 0 0 0 0 0 0 0 0 0 0 0 0 0 0 0]
[2365173692910451526146791835703091643535782718762790070219212403268396727366141690759648827197430526479974106225807556239886082931135243947363944512073997798473827472866393864779192344986317229155796408737622158661451 0 0 0 0 0 0 0 0 0 0 0 0 0 0 0 0 0 0 0 0 0 0 0 0 0 0 0 0 0 0 0 0 0 0 0 0 0 0 0 0 0 0 0 0 0 0 0 0 0 0 0 0 0 0 0 0 1 0 0 0 0 0 0 0 0 0 0 0 0 0 0]
[1213087060103065531273810163599919975928152401008087470313753666291858708874067415667216040844736942942493024777070449147042304224801338768763364795962439303745745528970641893085396989047253046043658024545756897783287 0 0 0 0 0 0 0 0 0 0 0 0 0 0 0 0 0 0 0 0 0 0 0 0 0 0 0 0 0 0 0 0 0 0 0 0 0 0 0 0 0 0 0 0 0 0 0 0 0 0 0 0 0 0 0 0 0 1 0 0 0 0 0 0 0 0 0 0 0 0 0]
[800124990741291285519908880937509068594204181967377149007141195442522276171889968826399825942859067707318814345634777341204462713692248035432059301122095098511681222103164377149355200759037570788715251148254546138721 0 0 0 0 0 0 0 0 0 0 0 0 0 0 0 0 0 0 0 0 0 0 0 0 0 0 0 0 0 0 0 0 0 0 0 0 0 0 0 0 0 0 0 0 0 0 0 0 0 0 0 0 0 0 0 0 0 0 1 0 0 0 0 0 0 0 0 0 0 0 0]
[1397503884414330775477626508812852193531906790583247499784522757232169540286739830738202534792303946553137003769731183256385172801075517812806929793517707821136003094476100913163017693332836543403432505129033939675881 0 0 0 0 0 0 0 0 0 0 0 0 0 0 0 0 0 0 0 0 0 0 0 0 0 0 0 0 0 0 0 0 0 0 0 0 0 0 0 0 0 0 0 0 0 0 0 0 0 0 0 0 0 0 0 0 0 0 0 1 0 0 0 0 0 0 0 0 0 0 0]
[1995333315735554367945811091396165538731559110976708821920716806950793075196438489308905872442543294601125978218476708037864964761257650317506869520755943214828050294551763795222470008265443545131005452541916330292136 0 0 0 0 0 0 0 0 0 0 0 0 0 0 0 0 0 0 0 0 0 0 0 0 0 0 0 0 0 0 0 0 0 0 0 0 0 0 0 0 0 0 0 0 0 0 0 0 0 0 0 0 0 0 0 0 0 0 0 0 1 0 0 0 0 0 0 0 0 0 0]
[2444040410650589808768737433912425257788070056289316744522328438376125055511745466251718559120085036726811611871432074110308746591431719410449476906871309762237881921254645556247439934113255567700125743447557668593273 0 0 0 0 0 0 0 0 0 0 0 0 0 0 0 0 0 0 0 0 0 0 0 0 0 0 0 0 0 0 0 0 0 0 0 0 0 0 0 0 0 0 0 0 0 0 0 0 0 0 0 0 0 0 0 0 0 0 0 0 0 1 0 0 0 0 0 0 0 0 0]
[1358762110754482897342633448880741480390991093816182991488068193882204864189990762893876239002082207363742294334126152683981324796434993164799178977166278609129868507560192419455830047229563707525101214545568704322132 0 0 0 0 0 0 0 0 0 0 0 0 0 0 0 0 0 0 0 0 0 0 0 0 0 0 0 0 0 0 0 0 0 0 0 0 0 0 0 0 0 0 0 0 0 0 0 0 0 0 0 0 0 0 0 0 0 0 0 0 0 0 1 0 0 0 0 0 0 0 0]
[1379844386977733126837167455116350372619943456243822618110020978971934483142519086378389458962622988521810208051735034640182506882389710323820634321892823881163741434508414316893959951506048650806555696466168061925976 0 0 0 0 0 0 0 0 0 0 0 0 0 0 0 0 0 0 0 0 0 0 0 0 0 0 0 0 0 0 0 0 0 0 0 0 0 0 0 0 0 0 0 0 0 0 0 0 0 0 0 0 0 0 0 0 0 0 0 0 0 0 0 1 0 0 0 0 0 0 0]
[1868931145999149128634030929834918382654888433127752267752037732908338642882020284745981550830887721226130550583311780659733962129926606437887356265294777383084415003186813889911997841734524703985908947697931796328062 0 0 0 0 0 0 0 0 0 0 0 0 0 0 0 0 0 0 0 0 0 0 0 0 0 0 0 0 0 0 0 0 0 0 0 0 0 0 0 0 0 0 0 0 0 0 0 0 0 0 0 0 0 0 0 0 0 0 0 0 0 0 0 0 1 0 0 0 0 0 0]
[1223159268243858770025229337819723044014594463702176398312307916645646187004689429467111069445402097386360783057154262920310511639651654938424004552079545614001398055970107656909605587547941087268981416309940731837081 0 0 0 0 0 0 0 0 0 0 0 0 0 0 0 0 0 0 0 0 0 0 0 0 0 0 0 0 0 0 0 0 0 0 0 0 0 0 0 0 0 0 0 0 0 0 0 0 0 0 0 0 0 0 0 0 0 0 0 0 0 0 0 0 0 1 0 0 0 0 0]
[1496420376475452553148890637876065630876621668911197987445595404744437325508220733075661062255433258390913543014817523550046244768564056588088570930282883176353295775334678745722476399811382110837279114617981982487179 0 0 0 0 0 0 0 0 0 0 0 0 0 0 0 0 0 0 0 0 0 0 0 0 0 0 0 0 0 0 0 0 0 0 0 0 0 0 0 0 0 0 0 0 0 0 0 0 0 0 0 0 0 0 0 0 0 0 0 0 0 0 0 0 0 0 1 0 0 0 0]
[571946074051886551171838716246406067347349027756738823177101416126246934433654731429530381882511405946922129337965972950915688915448332794679650891120550627943760288396890376473019480561196609054966955207665882960993 0 0 0 0 0 0 0 0 0 0 0 0 0 0 0 0 0 0 0 0 0 0 0 0 0 0 0 0 0 0 0 0 0 0 0 0 0 0 0 0 0 0 0 0 0 0 0 0 0 0 0 0 0 0 0 0 0 0 0 0 0 0 0 0 0 0 0 1 0 0 0]
[2767270730376705479009406125032050587070700208974645458215844735352105703892348931863901678650801271627493734274147929923148031546565244799976088735862853736228797418585810174758498356037958145204274060058521714790289 0 0 0 0 0 0 0 0 0 0 0 0 0 0 0 0 0 0 0 0 0 0 0 0 0 0 0 0 0 0 0 0 0 0 0 0 0 0 0 0 0 0 0 0 0 0 0 0 0 0 0 0 0 0 0 0 0 0 0 0 0 0 0 0 0 0 0 0 1 0 0]
[691960884578239655499422079724585993564538487283325676145785229916529413618434531453507234389322214337542615401199102560836653601175340910377651863406242741327484539180758332947262386226103201687599601738424031411570 0 0 0 0 0 0 0 0 0 0 0 0 0 0 0 0 0 0 0 0 0 0 0 0 0 0 0 0 0 0 0 0 0 0 0 0 0 0 0 0 0 0 0 0 0 0 0 0 0 0 0 0 0 0 0 0 0 0 0 0 0 0 0 0 0 0 0 0 0 1 0]
[1836748465282957995728930664048818390326792201544584843771139571794536162535311823687992458228427887624510129526393452019396026525028216110485615248882989798917311164871778237554447975836996006739106726978948002032896 0 0 0 0 0 0 0 0 0 0 0 0 0 0 0 0 0 0 0 0 0 0 0 0 0 0 0 0 0 0 0 0 0 0 0 0 0 0 0 0 0 0 0 0 0 0 0 0 0 0 0 0 0 0 0 0 0 0 0 0 0 0 0 0 0 0 0 0 0 0 1]
]
72 73 8
[1 1 1 1 1 1 1 1 1 1 1 1 1 1 1 1 1 1 1 1 1 1 1 1 1 1 1 1 1 1 1 1 1 1 1 1 1 1 1 1 1 1 1 1 1 1 1 1 1 1 1 1 1 1 1 1 1 1 1 1 1 1 1 1 1 1 1 1 1 1 1 1 1]
