[[3724534926804448105411078556890079047813795939934654356027751424846924240516212566942760922641393036887460751145732308345074818227251142902596644487274957501079788235608760177307119944695435460688148882947851176146029 0 0 0 0 0 0 0 0 0 0 0 0 0 0 0 0 0 0 0 0 0 0 0 0 0 0 0 0 0 0 0 0 0 0 0 0 0 0 0 0 0 0 0 0 0 0 0 0 0 0 0 0 0 0 0 0 0 0 0 0 0 0 0 0 0 0 0 0 0 0 0]
[3694316185072379200177941066570813860542400379631257776504136856179031619992513724167453083007848542023071237050003886472742159697013251349244213392557998016506114265076104029235369119451354145294546537907913327527510 1 0 0 0 0 0 0 0 0 0 0 0 0 0 0 0 0 0 0 0 0 0 0 0 0 0 0 0 0 0 0 0 0 0 0 0 0 0 0 0 0 0 0 0 0 0 0 0 0 0 0 0 0 0 0 0 0 0 0 0 0 0 0 0 0 0 0 0 0 0 0]
[1371460867485946712126162239449488105321229534390731286381583854109085545421191984870516491679033340074102965388384719900605922207443814756433174364679231263639031611156113200194922956436009168089015157768087670299095 0 1 0 0 0 0 0 0 0 0 0 0 0 0 0 0 0 0 0 0 0 0 0 0 0 0 0 0 0 0 0 0 0 0 0 0 0 0 0 0 0 0 0 0 0 0 0 0 0 0 0 0 0 0 0 0 0 0 0 0 0 0 0 0 0 0 0 0 0 0 0]
[639642129072079423364331522273222153938073776436439622716961363228449854937625492899390040541320275632755012025021109798315319916801557909382588972986798621645269346069939013473530375498615305485736352113726662219680 0 0 1 0 0 0 0 0 0 0 0 0 0 0 0 0 0 0 0 0 0 0 0 0 0 0 0 0 0 0 0 0 0 0 0 0 0 0 0 0 0 0 0 0 0 0 0 0 0 0 0 0 0 0 0 0 0 0 0 0 0 0 0 0 0 0 0 0 0 0 0]
[1552451544414121055775638806978845645280432814866002405324069377813496300636019846918484727338260942000831782274047397953354203558450891459528581753286731019109370741256815649381754977886528728217855413031807570966062 0 0 0 1 0 0 0 0 0 0 0 0 0 0 0 0 0 0 0 0 0 0 0 0 0 0 0 0 0 0 0 0 0 0 0 0 0 0 0 0 0 0 0 0 0 0 0 0 0 0 0 0 0 0 0 0 0 0 0 0 0 0 0 0 0 0 0 0 0 0 0]
[2833661167185986968456085370982171809668258891044031997337806442220807089813477213202203507810103858923765604512957202433983686430818265251397147777300364318772023791266118937837030932785030221089380913005624401105175 0 0 0 0 1 0 0 0 0 0 0 0 0 0 0 0 0 0 0 0 0 0 0 0 0 0 0 0 0 0 0 0 0 0 0 0 0 0 0 0 0 0 0 0 0 0 0 0 0 0 0 0 0 0 0 0 0 0 0 0 0 0 0 0 0 0 0 0 0 0 0]
[2992030079827847549523812012220741328794888918381374295892987816305815723961628275242800385016217306589141310546879771947312020858251040665543350128882880673596186035708811653036083626872899093630578121946527019055453 0 0 0 0 0 1 0 0 0 0 0 0 0 0 0 0 0 0 0 0 0 0 0 0 0 0 0 0 0 0 0 0 0 0 0 0 0 0 0 0 0 0 0 0 0 0 0 0 0 0 0 0 0 0 0 0 0 0 0 0 0 0 0 0 0 0 0 0 0 0 0]
[241672978330875121488133317701131788243080724537344347609980197576289382366211997782129831287865595422625210806206527123860194414902438989309112273904266463811614435939832709375171377048566251205465973469639609298306 0 0 0 0 0 0 1 0 0 0 0 0 0 0 0 0 0 0 0 0 0 0 0 0 0 0 0 0 0 0 0 0 0 0 0 0 0 0 0 0 0 0 0 0 0 0 0 0 0 0 0 0 0 0 0 0 0 0 0 0 0 0 0 0 0 0 0 0 0 0 0]
[2886818311579838411822768161754087148062933092184080870676570993949071244792062029916807174913392691073697237203110741467782195899493891904207465765182184443266121155545720149589384226500222869160424659237985547536100 0 0 0 0 0 0 0 1 0 0 0 0 0 0 0 0 0 0 0 0 0 0 0 0 0 0 0 0 0 0 0 0 0 0 0 0 0 0 0 0 0 0 0 0 0 0 0 0 0 0 0 0 0 0 0 0 0 0 0 0 0 0 0 0 0 0 0 0 0 0 0]
[2463324061530773251161189248223857289370631913507513989303680420566220623909446182919589852081540354651704041330707552697456094308663171002023034684349540421612720335702592775325202867350157968951363850537262122711870 0 0 0 0 0 0 0 0 1 0 0 0 0 0 0 0 0 0 0 0 0 0 0 0 0 0 0 0 0 0 0 0 0 0 0 0 0 0 0 0 0 0 0 0 0 0 0 0 0 0 0 0 0 0 0 0 0 0 0 0 0 0 0 0 0 0 0 0 0 0 0]
[1658261659134852849349661248773020997873362322581271920070980814514876772147186500879127884828718258222556411263813762722368833517620612642621657320349588235262482298082877604610843731933210038449353211226619599928531 0 0 0 0 0 0 0 0 0 1 0 0 0 0 0 0 0 0 0 0 0 0 0 0 0 0 0 0 0 0 0 0 0 0 0 0 0 0 0 0 0 0 0 0 0 0 0 0 0 0 0 0 0 0 0 0 0 0 0 0 0 0 0 0 0 0 0 0 0 0 0]
[1614576612461079478083922358714327865157015103026506863058035207247101288885379632871558703119593135645778115586023274296039458323542987328459073776688590647410676579812635381042602918672610985741452434131471894012788 0 0 0 0 0 0 0 0 0 0 1 0 0 0 0 0 0 0 0 0 0 0 0 0 0 0 0 0 0 0 0 0 0 0 0 0 0 0 0 0 0 0 0 0 0 0 0 0 0 0 0 0 0 0 0 0 0 0 0 0 0 0 0 0 0 0 0 0 0 0 0]
[45137729137817926444239413341717535595168792366874704266164104329222299117298540437773918475805690682507685554994323705925475075057769449776638393657779862824519592073411503704612561516954341820967041571623679463396 0 0 0 0 0 0 0 0 0 0 0 1 0 0 0 0 0 0 0 0 0 0 0 0 0 0 0 0 0 0 0 0 0 0 0 0 0 0 0 0 0 0 0 0 0 0 0 0 0 0 0 0 0 0 0 0 0 0 0 0 0 0 0 0 0 0 0 0 0 0 0]
[3018758827514180427039947140487798060655085142171719260362968007036976402895882876115722803034218389209656388692887261328434454837876297319928957812198473661602343741739075046607542935869635062544948447886740524243313 0 0 0 0 0 0 0 0 0 0 0 0 1 0 0 0 0 0 0 0 0 0 0 0 0 0 0 0 0 0 0 0 0 0 0 0 0 0 0 0 0 0 0 0 0 0 0 0 0 0 0 0 0 0 0 0 0 0 0 0 0 0 0 0 0 0 0 0 0 0 0]
[2203646490741282135098636948023877136973562457204841332137052856960894519957044512690823593720296923749764102074003549131861440433021980674674674782695805140698466599349745196915390606285041232748413730233739295463147 0 0 0 0 0 0 0 0 0 0 0 0 0 1 0 0 0 0 0 0 0 0 0 0 0 0 0 0 0 0 0 0 0 0 0 0 0 0 0 0 0 0 0 0 0 0 0 0 0 0 0 0 0 0 0 0 0 0 0 0 0 0 0 0 0 0 0 0 0 0 0]
[2139895260768257808490908367648688054970097690639995053865982777864411028832323512382868128286637324970012470815269622843235187774122313790688712193447453027645685082272298451984572267747548954690538913516315494931223 0 0 0 0 0 0 0 0 0 0 0 0 0 0 1 0 0 0 0 0 0 0 0 0 0 0 0 0 0 0 0 0 0 0 0 0 0 0 0 0 0 0 0 0 0 0 0 0 0 0 0 0 0 0 0 0 0 0 0 0 0 0 0 0 0 0 0 0 0 0 0]
[1919132492383141450799548290988089846300162597602265121722899295039393621954946570349927398288690681704259393342126918772171259645532612236588713615493860545917742905887042925397612596570899699228102758470223516479999 0 0 0 0 0 0 0 0 0 0 0 0 0 0 0 1 0 0 0 0 0 0 0 0 0 0 0 0 0 0 0 0 0 0 0 0 0 0 0 0 0 0 0 0 0 0 0 0 0 0 0 0 0 0 0 0 0 0 0 0 0 0 0 0 0 0 0 0 0 0 0]
[67389829957858500226612946932689299453700936001580650949712372327418902633059146642009560503443907807404318588433355652950977807248087139508237662153393426544042316232404639566298181163406303977750122578924235030481 0 0 0 0 0 0 0 0 0 0 0 0 0 0 0 0 1 0 0 0 0 0 0 0 0 0 0 0 0 0 0 0 0 0 0 0 0 0 0 0 0 0 0 0 0 0 0 0 0 0 0 0 0 0 0 0 0 0 0 0 0 0 0 0 0 0 0 0 0 0 0]
[2038670048133472957130909808656770360830831960699386975161384516297160733724162784181793935617864557258831891881905041948071212208656741890393541881675304417958388833376039019618685066433816054071605840229742379717248 0 0 0 0 0 0 0 0 0 0 0 0 0 0 0 0 0 1 0 0 0 0 0 0 0 0 0 0 0 0 0 0 0 0 0 0 0 0 0 0 0 0 0 0 0 0 0 0 0 0 0 0 0 0 0 0 0 0 0 0 0 0 0 0 0 0 0 0 0 0 0]
[75832141894382969553096007125044399512284790223459724239382291183769217455485977140970142876805672941704615960699186653678444709001790513158966703084046642913180587213269313569014523071132531323080633108149577603671 0 0 0 0 0 0 0 0 0 0 0 0 0 0 0 0 0 0 1 0 0 0 0 0 0 0 0 0 0 0 0 0 0 0 0 0 0 0 0 0 0 0 0 0 0 0 0 0 0 0 0 0 0 0 0 0 0 0 0 0 0 0 0 0 0 0 0 0 0 0 0]
[433596280762076024313991414711014274022580123347422381939068898176386653762171618986687194477956150047021611215777468552386986457103840319836723555590983224917204288990089298701767881057801680518026918431315632219539 0 0 0 0 0 0 0 0 0 0 0 0 0 0 0 0 0 0 0 1 0 0 0 0 0 0 0 0 0 0 0 0 0 0 0 0 0 0 0 0 0 0 0 0 0 0 0 0 0 0 0 0 0 0 0 0 0 0 0 0 0 0 0 0 0 0 0 0 0 0 0]
[209386960645788216679683511280370133358515782339715615897277797065013238654863452600839067955765604947649271005732512260060521472973841520858339096547577442955521708420122356556402897693149744956152589709522365479814 0 0 0 0 0 0 0 0 0 0 0 0 0 0 0 0 0 0 0 0 1 0 0 0 0 0 0 0 0 0 0 0 0 0 0 0 0 0 0 0 0 0 0 0 0 0 0 0 0 0 0 0 0 0 0 0 0 0 0 0 0 0 0 0 0 0 0 0 0 0 0]
[2886621466833366773115093512495189816184364679835218352768022286305750678322840860486374647054875394781743650052524923426850249147626678479732953769652674976642483950151064150179998484626065112393138336351576404583108 0 0 0 0 0 0 0 0 0 0 0 0 0 0 0 0 0 0 0 0 0 1 0 0 0 0 0 0 0 0 0 0 0 0 0 0 0 0 0 0 0 0 0 0 0 0 0 0 0 0 0 0 0 0 0 0 0 0 0 0 0 0 0 0 0 0 0 0 0 0 0]
[3464575504909149963521339835116586330937436405656535973529292563299874954533463322358032933415265432226573742579089256175145905766399570574268437574483259770432709110786234939942033826145275658038081157652427033585936 0 0 0 0 0 0 0 0 0 0 0 0 0 0 0 0 0 0 0 0 0 0 1 0 0 0 0 0 0 0 0 0 0 0 0 0 0 0 0 0 0 0 0 0 0 0 0 0 0 0 0 0 0 0 0 0 0 0 0 0 0 0 0 0 0 0 0 0 0 0 0]
[1491246003326365070402826711539124321026991108580111977638016407327110001582682010732671980369431791068036492375966490292951548942835973652139749060850848341476165714675707286378317253741317198983056112309109444387332 0 0 0 0 0 0 0 0 0 0 0 0 0 0 0 0 0 0 0 0 0 0 0 1 0 0 0 0 0 0 0 0 0 0 0 0 0 0 0 0 0 0 0 0 0 0 0 0 0 0 0 0 0 0 0 0 0 0 0 0 0 0 0 0 0 0 0 0 0 0 0]
[2242214570894282979413636642363590974518924341311862569583414825946720257962032469608261268732060841687235313957031078021677930190086147686440851429279591799462288141885599506171488897696235761232257261664982473958269 0 0 0 0 0 0 0 0 0 0 0 0 0 0 0 0 0 0 0 0 0 0 0 0 1 0 0 0 0 0 0 0 0 0 0 0 0 0 0 0 0 0 0 0 0 0 0 0 0 0 0 0 0 0 0 0 0 0 0 0 0 0 0 0 0 0 0 0 0 0 0]
[1180772341003687618838308916385014608526419888513569586451428060680397516085113435436685482466670658695123427577212322530577650316670061830745612254519063828834813316458453591003178229751802003450586955056597901851148 0 0 0 0 0 0 0 0 0 0 0 0 0 0 0 0 0 0 0 0 0 0 0 0 0 1 0 0 0 0 0 0 0 0 0 0 0 0 0 0 0 0 0 0 0 0 0 0 0 0 0 0 0 0 0 0 0 0 0 0 0 0 0 0 0 0 0 0 0 0 0]
[3065324669430705625225067368521695718168977402295685612941512532457309661610104688679860637462680186190674405297847820977332088038131368903566871264653212403641693379990979188214482802973760769473770850889313667937039 0 0 0 0 0 0 0 0 0 0 0 0 0 0 0 0 0 0 0 0 0 0 0 0 0 0 1 0 0 0 0 0 0 0 0 0 0 0 0 0 0 0 0 0 0 0 0 0 0 0 0 0 0 0 0 0 0 0 0 0 0 0 0 0 0 0 0 0 0 0 0]
[2310196684194073585229118197777851171411498369336719530747469282353777611530277940000881554095242928655754082404152094351522015022580202935314851975965087874869224447583511462254060850587611646825057314951212968124428 0 0 0 0 0 0 0 0 0 0 0 0 0 0 0 0 0 0 0 0 0 0 0 0 0 0 0 1 0 0 0 0 0 0 0 0 0 0 0 0 0 0 0 0 0 0 0 0 0 0 0 0 0 0 0 0 0 0 0 0 0 0 0 0 0 0 0 0 0 0 0]
[1413536254874600311444088412712471859573843837089853447598681175165137309963584750193438733169682091061735236450262105015651240427495762294266770850527615119521720249641990928120306172250187431431668856898406359473974 0 0 0 0 0 0 0 0 0 0 0 0 0 0 0 0 0 0 0 0 0 0 0 0 0 0 0 0 1 0 0 0 0 0 0 0 0 0 0 0 0 0 0 0 0 0 0 0 0 0 0 0 0 0 0 0 0 0 0 0 0 0 0 0 0 0 0 0 0 0 0]
[3003405083226623651225503857166099636051742849556136725290814074104974709077668936456359086240801599895401888404956549046989937699079031012407490089390766190417005092911022011806489889373976611749538681219613017743985 0 0 0 0 0 0 0 0 0 0 0 0 0 0 0 0 0 0 0 0 0 0 0 0 0 0 0 0 0 1 0 0 0 0 0 0 0 0 0 0 0 0 0 0 0 0 0 0 0 0 0 0 0 0 0 0 0 0 0 0 0 0 0 0 0 0 0 0 0 0 0]
[2757401424477356882680694458250904281520420374339335978537957732388846073252201138086750954617894091586067932486774929409612718076053315502237992371345976648852226702508470728613861902800380265202815256746724985432337 0 0 0 0 0 0 0 0 0 0 0 0 0 0 0 0 0 0 0 0 0 0 0 0 0 0 0 0 0 0 1 0 0 0 0 0 0 0 0 0 0 0 0 0 0 0 0 0 0 0 0 0 0 0 0 0 0 0 0 0 0 0 0 0 0 0 0 0 0 0 0]
[3333022435532374727596572092298671852570542274614257553810480661006556542559771631479402845603635225645220956344431950963003733734430386176321188765872711487887804632288886907258670523402874139177944693429034761278593 0 0 0 0 0 0 0 0 0 0 0 0 0 0 0 0 0 0 0 0 0 0 0 0 0 0 0 0 0 0 0 1 0 0 0 0 0 0 0 0 0 0 0 0 0 0 0 0 0 0 0 0 0 0 0 0 0 0 0 0 0 0 0 0 0 0 0 0 0 0 0]
[2545420958710862826983291518722780932784401456803263726450161748745961637535300122211306696363158135683821604793436729152885083198465503676222251630342623765303790570968022179617095896572143858945578480924285405499604 0 0 0 0 0 0 0 0 0 0 0 0 0 0 0 0 0 0 0 0 0 0 0 0 0 0 0 0 0 0 0 0 1 0 0 0 0 0 0 0 0 0 0 0 0 0 0 0 0 0 0 0 0 0 0 0 0 0 0 0 0 0 0 0 0 0 0 0 0 0 0]
[2270837527713192265775580577499842813178988132476997617376099922279355743026950428262502718198403580459584553230467984100126119358797950538718741518489742982967698256978014206717356099800275231847431851542117726572645 0 0 0 0 0 0 0 0 0 0 0 0 0 0 0 0 0 0 0 0 0 0 0 0 0 0 0 0 0 0 0 0 0 1 0 0 0 0 0 0 0 0 0 0 0 0 0 0 0 0 0 0 0 0 0 0 0 0 0 0 0 0 0 0 0 0 0 0 0 0 0]
[282143720461875698485232063074842963568155736007733599146768725412581457635358392038658722440481568935079288381609127135521644597380438770054665207364356451763198849995739562006724041345278800543167524939566128416467 0 0 0 0 0 0 0 0 0 0 0 0 0 0 0 0 0 0 0 0 0 0 0 0 0 0 0 0 0 0 0 0 0 0 1 0 0 0 0 0 0 0 0 0 0 0 0 0 0 0 0 0 0 0 0 0 0 0 0 0 0 0 0 0 0 0 0 0 0 0 0]
[355472032893783608851764005137839999342402416883523832542217131599041951133692320537229427804369653532950149859328006804134973971686927347621737482580620723179570440253505837580417752526916851624306781492019347713923 0 0 0 0 0 0 0 0 0 0 0 0 0 0 0 0 0 0 0 0 0 0 0 0 0 0 0 0 0 0 0 0 0 0 0 1 0 0 0 0 0 0 0 0 0 0 0 0 0 0 0 0 0 0 0 0 0 0 0 0 0 0 0 0 0 0 0 0 0 0 0]
[1880874833792130801810840792897443705018163533043507125159145930834260659469060638941018778977306791367471637751100096844204713479267208657286463211549008579236710782104779451428894709855466176230494982080248609425244 0 0 0 0 0 0 0 0 0 0 0 0 0 0 0 0 0 0 0 0 0 0 0 0 0 0 0 0 0 0 0 0 0 0 0 0 1 0 0 0 0 0 0 0 0 0 0 0 0 0 0 0 0 0 0 0 0 0 0 0 0 0 0 0 0 0 0 0 0 0 0]
[234094430095349997083820768550831762029401898058115981108081291412478992408837398803784725630408210639022474269782799792743865020915731492036453632907779236374052158101700265516657203889191073875220293625523156273273 0 0 0 0 0 0 0 0 0 0 0 0 0 0 0 0 0 0 0 0 0 0 0 0 0 0 0 0 0 0 0 0 0 0 0 0 0 1 0 0 0 0 0 0 0 0 0 0 0 0 0 0 0 0 0 0 0 0 0 0 0 0 0 0 0 0 0 0 0 0 0]
[1553912946636954946337744308770746418472392130246339205068851084022039813489915665958935860976029069566648356577494432075359221041809738965585115194673279100404299297054297806009614777518811862516774576779240735387946 0 0 0 0 0 0 0 0 0 0 0 0 0 0 0 0 0 0 0 0 0 0 0 0 0 0 0 0 0 0 0 0 0 0 0 0 0 0 1 0 0 0 0 0 0 0 0 0 0 0 0 0 0 0 0 0 0 0 0 0 0 0 0 0 0 0 0 0 0 0 0]
[1588314561268276365955491546396879062550744718045567464597543920034880086060888367506157658720532508818625724836243312880930778555243940591545171107288223363289735997656628404773788837404029680219191770639338903727008 0 0 0 0 0 0 0 0 0 0 0 0 0 0 0 0 0 0 0 0 0 0 0 0 0 0 0 0 0 0 0 0 0 0 0 0 0 0 0 1 0 0 0 0 0 0 0 0 0 0 0 0 0 0 0 0 0 0 0 0 0 0 0 0 0 0 0 0 0 0 0]
[1802768631507051676844452139929313229905614524210082669801555202021531212918585356352572658911774941201539581078174889674403941814777952577947503066392162848125325434173707999725530456341753470573948713971957776588286 0 0 0 0 0 0 0 0 0 0 0 0 0 0 0 0 0 0 0 0 0 0 0 0 0 0 0 0 0 0 0 0 0 0 0 0 0 0 0 0 1 0 0 0 0 0 0 0 0 0 0 0 0 0 0 0 0 0 0 0 0 0 0 0 0 0 0 0 0 0 0]
[752576699074875506629787401355932372243656121871695109102797215941029386154305637769052920953527396452850888936806903089530917620700871305391049673849595741234065826648751128597721141264100155917954787375572768423967 0 0 0 0 0 0 0 0 0 0 0 0 0 0 0 0 0 0 0 0 0 0 0 0 0 0 0 0 0 0 0 0 0 0 0 0 0 0 0 0 0 1 0 0 0 0 0 0 0 0 0 0 0 0 0 0 0 0 0 0 0 0 0 0 0 0 0 0 0 0 0]
[1330744595722472853335875973179827590134238962080983150449760336708065922627965994812885307800248420833209283208090833283396513030951345131429193369466842561103427404118623168400563573718341854156662153485261544040396 0 0 0 0 0 0 0 0 0 0 0 0 0 0 0 0 0 0 0 0 0 0 0 0 0 0 0 0 0 0 0 0 0 0 0 0 0 0 0 0 0 0 1 0 0 0 0 0 0 0 0 0 0 0 0 0 0 0 0 0 0 0 0 0 0 0 0 0 0 0 0]
[2442225158849724184919963350687338598337495208558966504117301811470406935563804377760277480749227250872329532898486078975478339667024612226574516593428091251265837209038127741752081758692324440776796898080787634048659 0 0 0 0 0 0 0 0 0 0 0 0 0 0 0 0 0 0 0 0 0 0 0 0 0 0 0 0 0 0 0 0 0 0 0 0 0 0 0 0 0 0 0 1 0 0 0 0 0 0 0 0 0 0 0 0 0 0 0 0 0 0 0 0 0 0 0 0 0 0 0]
[15277180137619482390663181695347169863173471026602859761757732958018668076745636107749955660946325860047808753132468080223163249020497720987910466645353499045157654267370135774983268719380416750317603480324430934386 0 0 0 0 0 0 0 0 0 0 0 0 0 0 0 0 0 0 0 0 0 0 0 0 0 0 0 0 0 0 0 0 0 0 0 0 0 0 0 0 0 0 0 0 1 0 0 0 0 0 0 0 0 0 0 0 0 0 0 0 0 0 0 0 0 0 0 0 0 0 0]
[2997373666540114943521744877988388448379026516777466350164304505449564278709959152924234505768934057287387166790483311714423371922651919269044974638256473002090755735347244772574950742646527488566126126063065808171007 0 0 0 0 0 0 0 0 0 0 0 0 0 0 0 0 0 0 0 0 0 0 0 0 0 0 0 0 0 0 0 0 0 0 0 0 0 0 0 0 0 0 0 0 0 1 0 0 0 0 0 0 0 0 0 0 0 0 0 0 0 0 0 0 0 0 0 0 0 0 0]
[2186501104940203584194422142586269427839826844485673518836127506437590824985379770403029083907828496672600270825545373656958348849066823780885281514987077825387063641044369442544826670086081847270150489530135164126832 0 0 0 0 0 0 0 0 0 0 0 0 0 0 0 0 0 0 0 0 0 0 0 0 0 0 0 0 0 0 0 0 0 0 0 0 0 0 0 0 0 0 0 0 0 0 1 0 0 0 0 0 0 0 0 0 0 0 0 0 0 0 0 0 0 0 0 0 0 0 0]
[163825037157414003012474137227870425899208572223220183361341188362495074634272777504854704799741107930080278613357489655954812975875977172151080276179421773435074058303332072050297181991418854226656621614197977605527 0 0 0 0 0 0 0 0 0 0 0 0 0 0 0 0 0 0 0 0 0 0 0 0 0 0 0 0 0 0 0 0 0 0 0 0 0 0 0 0 0 0 0 0 0 0 0 1 0 0 0 0 0 0 0 0 0 0 0 0 0 0 0 0 0 0 0 0 0 0 0]
[346676937160931712190414422956343871018514043543403630564369573316267854216085027539024522066808125154610309061903711460111942493206778648272231460563395549089303130206183068739135075606082367297067731213062110250820 0 0 0 0 0 0 0 0 0 0 0 0 0 0 0 0 0 0 0 0 0 0 0 0 0 0 0 0 0 0 0 0 0 0 0 0 0 0 0 0 0 0 0 0 0 0 0 0 1 0 0 0 0 0 0 0 0 0 0 0 0 0 0 0 0 0 0 0 0 0 0]
[1126402125421529163712398458528345784189895352866829481390720465920700804722040567623382838208002651562910556212442422730298869166296510135819952801304804464028320769297192901247831279023053220438243078398761445145820 0 0 0 0 0 0 0 0 0 0 0 0 0 0 0 0 0 0 0 0 0 0 0 0 0 0 0 0 0 0 0 0 0 0 0 0 0 0 0 0 0 0 0 0 0 0 0 0 0 1 0 0 0 0 0 0 0 0 0 0 0 0 0 0 0 0 0 0 0 0 0]
[3353840886598832862415456645301886472270293357989079148184883153182649253470329209242969743874239031576051042432396954175181853872703559640840846208655640344637232724123643508318185404839112575364359746033966377800113 0 0 0 0 0 0 0 0 0 0 0 0 0 0 0 0 0 0 0 0 0 0 0 0 0 0 0 0 0 0 0 0 0 0 0 0 0 0 0 0 0 0 0 0 0 0 0 0 0 0 1 0 0 0 0 0 0 0 0 0 0 0 0 0 0 0 0 0 0 0 0]
[2515055428249781528151129476925187539732271311321993625057490734333896544181011021426640514998252432989781122171416917717471894023889788969511665205037714498851854177582162105723045370975761597376145558596912612760804 0 0 0 0 0 0 0 0 0 0 0 0 0 0 0 0 0 0 0 0 0 0 0 0 0 0 0 0 0 0 0 0 0 0 0 0 0 0 0 0 0 0 0 0 0 0 0 0 0 0 0 1 0 0 0 0 0 0 0 0 0 0 0 0 0 0 0 0 0 0 0]
[2378474792015250630795206005156049708753960027862034669222154567894806101217391379769567234854921156616307155912936889472954064007631814332002604342226597079013737775069762471833833009966256057999352871856227516606096 0 0 0 0 0 0 0 0 0 0 0 0 0 0 0 0 0 0 0 0 0 0 0 0 0 0 0 0 0 0 0 0 0 0 0 0 0 0 0 0 0 0 0 0 0 0 0 0 0 0 0 0 1 0 0 0 0 0 0 0 0 0 0 0 0 0 0 0 0 0 0]
[994835661661478962487262153316855572897875197712810942353550342373523061580407600289329369383346880515361364386188971258639578314765141683459437513119781976733399256601994133866674552665563333679076612817407308240173 0 0 0 0 0 0 0 0 0 0 0 0 0 0 0 0 0 0 0 0 0 0 0 0 0 0 0 0 0 0 0 0 0 0 0 0 0 0 0 0 0 0 0 0 0 0 0 0 0 0 0 0 0 1 0 0 0 0 0 0 0 0 0 0 0 0 0 0 0 0 0]
[728603332408074898468120111656592613628163872180132480471424919611853145716314985205596061626000093048873689300234506291752973538161614616007090523065222918990662746763128097450606844628759884186982677516056832404441 0 0 0 0 0 0 0 0 0 0 0 0 0 0 0 0 0 0 0 0 0 0 0 0 0 0 0 0 0 0 0 0 0 0 0 0 0 0 0 0 0 0 0 0 0 0 0 0 0 0 0 0 0 0 1 0 0 0 0 0 0 0 0 0 0 0 0 0 0 0 0]
[928892359645566650595968188002771419440613491679976247187326211859454569272382581193497478286982637362555435056186841189184423768982212691934762681403161536406302448954823886438854388785766633584361590997420417711176 0 0 0 0 0 0 0 0 0 0 0 0 0 0 0 0 0 0 0 0 0 0 0 0 0 0 0 0 0 0 0 0 0 0 0 0 0 0 0 0 0 0 0 0 0 0 0 0 0 0 0 0 0 0 0 1 0 0 0 0 0 0 0 0 0 0 0 0 0 0 0]
[49086804175047075163085886707392614579049618615799116799873037010058711845911805036459420442282057888138424730922853632850380509657497514886797667786160497250009763439647679582941041154092618412718278735728800824218 0 0 0 0 0 0 0 0 0 0 0 0 0 0 0 0 0 0 0 0 0 0 0 0 0 0 0 0 0 0 0 0 0 0 0 0 0 0 0 0 0 0 0 0 0 0 0 0 0 0 0 0 0 0 0 0 1 0 0 0 0 0 0 0 0 0 0 0 0 0 0]
[422527109349293732734930506947313981582514657033036726854618872018208455748078831626261954061200335918874213275697102932096839878561237569844580638978783062125011199298295514605215758197693551955644159505311988888620 0 0 0 0 0 0 0 0 0 0 0 0 0 0 0 0 0 0 0 0 0 0 0 0 0 0 0 0 0 0 0 0 0 0 0 0 0 0 0 0 0 0 0 0 0 0 0 0 0 0 0 0 0 0 0 0 0 1 0 0 0 0 0 0 0 0 0 0 0 0 0]
[3292691288193179197754664740063583087060328873762228910700724941279707532677906929215181118017187512581540133116432250571629190036309954254900032797967908719608920000829941274222384080407424626962812532606691667196975 0 0 0 0 0 0 0 0 0 0 0 0 0 0 0 0 0 0 0 0 0 0 0 0 0 0 0 0 0 0 0 0 0 0 0 0 0 0 0 0 0 0 0 0 0 0 0 0 0 0 0 0 0 0 0 0 0 0 1 0 0 0 0 0 0 0 0 0 0 0 0]
[803854975211404239120380705452382401897036695380270166699801523114618172387923180517735009749797208990750608499671723329373573243040172856419317976744048322372541773196653459681651784073009246592512622154697772101287 0 0 0 0 0 0 0 0 0 0 0 0 0 0 0 0 0 0 0 0 0 0 0 0 0 0 0 0 0 0 0 0 0 0 0 0 0 0 0 0 0 0 0 0 0 0 0 0 0 0 0 0 0 0 0 0 0 0 0 1 0 0 0 0 0 0 0 0 0 0 0]
[2305409546488101183185392282001898970647728245390664378771022668018938142583717756096289464060046396904551693579284720782452811318205356210612458349220098580782399357046865330500814284152786772221679678836480047408561 0 0 0 0 0 0 0 0 0 0 0 0 0 0 0 0 0 0 0 0 0 0 0 0 0 0 0 0 0 0 0 0 0 0 0 0 0 0 0 0 0 0 0 0 0 0 0 0 0 0 0 0 0 0 0 0 0 0 0 0 1 0 0 0 0 0 0 0 0 0 0]
[2557832645685885135734039276452998977381583879697195634062664910077443549029395359036348585976534095201607103749579725390696712299005068354371048252918414327742272462669444762769748223728434970208661341989409480312940 0 0 0 0 0 0 0 0 0 0 0 0 0 0 0 0 0 0 0 0 0 0 0 0 0 0 0 0 0 0 0 0 0 0 0 0 0 0 0 0 0 0 0 0 0 0 0 0 0 0 0 0 0 0 0 0 0 0 0 0 0 1 0 0 0 0 0 0 0 0 0]
[2202924972927655388821801646951587640554773581986615670302804708701007198020709534856032548848882540735674780937359651012238961246359204765619728953908151357250496898532716124656259619516520423848068686744150166852895 0 0 0 0 0 0 0 0 0 0 0 0 0 0 0 0 0 0 0 0 0 0 0 0 0 0 0 0 0 0 0 0 0 0 0 0 0 0 0 0 0 0 0 0 0 0 0 0 0 0 0 0 0 0 0 0 0 0 0 0 0 0 1 0 0 0 0 0 0 0 0]
[235779927470267814498133408523224138368722235097488739943518184994688922107962341147622341990512908938625432425540877008603320035357782602240281575411834740018291274612389231984158520779472503787019794126538502083995 0 0 0 0 0 0 0 0 0 0 0 0 0 0 0 0 0 0 0 0 0 0 0 0 0 0 0 0 0 0 0 0 0 0 0 0 0 0 0 0 0 0 0 0 0 0 0 0 0 0 0 0 0 0 0 0 0 0 0 0 0 0 0 1 0 0 0 0 0 0 0]
[1047697749848300435186290708618214721500379569635280254797797107045602139046963425417292760435323348631720115719972457234235840157019029301043937804564732142845186967078072556285672601953679102408426023871603692682974 0 0 0 0 0 0 0 0 0 0 0 0 0 0 0 0 0 0 0 0 0 0 0 0 0 0 0 0 0 0 0 0 0 0 0 0 0 0 0 0 0 0 0 0 0 0 0 0 0 0 0 0 0 0 0 0 0 0 0 0 0 0 0 0 1 0 0 0 0 0 0]
[2643189071546352773845216594903660639332975301176644263618189082734017650014973858602230177523139745450988035323836681961366037217263601279598673755575784642576836525742056058940580435260974166744845296574472080708960 0 0 0 0 0 0 0 0 0 0 0 0 0 0 0 0 0 0 0 0 0 0 0 0 0 0 0 0 0 0 0 0 0 0 0 0 0 0 0 0 0 0 0 0 0 0 0 0 0 0 0 0 0 0 0 0 0 0 0 0 0 0 0 0 0 1 0 0 0 0 0]
[2483522015353769657924788896266915715213180319485673433039738887378190237598038322056916516666447634518355372558413640522731809659801611991157622950568515942949061610243484907361638944519238613374802207740853566580157 0 0 0 0 0 0 0 0 0 0 0 0 0 0 0 0 0 0 0 0 0 0 0 0 0 0 0 0 0 0 0 0 0 0 0 0 0 0 0 0 0 0 0 0 0 0 0 0 0 0 0 0 0 0 0 0 0 0 0 0 0 0 0 0 0 0 1 0 0 0 0]
[1472822495364714113804302402262522770236743364439285490691455882508002540441746383330303445900531224233487062453044423593987550660705342664876984439482165327314328942555075931876858789506167610701867403820454849922560 0 0 0 0 0 0 0 0 0 0 0 0 0 0 0 0 0 0 0 0 0 0 0 0 0 0 0 0 0 0 0 0 0 0 0 0 0 0 0 0 0 0 0 0 0 0 0 0 0 0 0 0 0 0 0 0 0 0 0 0 0 0 0 0 0 0 0 1 0 0 0]
[2407144300996854980440497265813722140279360627354043427767465925378303207047992076462187580751235268134274305633133193807281601929353083395281985418238740727679590049469076240588067804467302522286008257345056622528559 0 0 0 0 0 0 0 0 0 0 0 0 0 0 0 0 0 0 0 0 0 0 0 0 0 0 0 0 0 0 0 0 0 0 0 0 0 0 0 0 0 0 0 0 0 0 0 0 0 0 0 0 0 0 0 0 0 0 0 0 0 0 0 0 0 0 0 0 1 0 0]
[3045653917517448372141886833170719867699232945571078120647116682837178595156813607262776491482645444256979385453022846598791670697441893328803576026992150348461382762989007414146687835245647683024033003994836637670393 0 0 0 0 0 0 0 0 0 0 0 0 0 0 0 0 0 0 0 0 0 0 0 0 0 0 0 0 0 0 0 0 0 0 0 0 0 0 0 0 0 0 0 0 0 0 0 0 0 0 0 0 0 0 0 0 0 0 0 0 0 0 0 0 0 0 0 0 0 1 0]
[3308640723914632643851996688668384196907425276075632538115193635272766133888339641065476193845995437075356700356120904000835018011018385929628817265869774537224986931473727547806613661180372489768373813598978563841747 0 0 0 0 0 0 0 0 0 0 0 0 0 0 0 0 0 0 0 0 0 0 0 0 0 0 0 0 0 0 0 0 0 0 0 0 0 0 0 0 0 0 0 0 0 0 0 0 0 0 0 0 0 0 0 0 0 0 0 0 0 0 0 0 0 0 0 0 0 0 1]
]
72 73 5
[1 1 1 1 1 1 1 1 1 1 1 1 1 1 1 1 1 1 1 1 1 1 1 1 1 1 1 1 1 1 1 1 1 1 1 1 1 1 1 1 1 1 1 1 1 1 1 1 1 1 1 1 1 1 1 1 1 1 1 1 1 1 1 1 1 1 1 1 1 1 1 1 1]
