[[3392378382187433957679552226449165954482752194080440366651391694471834422673794852705464914753011191203285107691917926928569718173740998141801302742424364179894010489668128926564542375546460371102020013412138929713387 0 0 0 0 0 0 0 0 0 0 0 0 0 0 0 0 0 0 0 0 0 0 0 0 0 0 0 0 0 0 0 0 0 0 0 0 0 0 0 0 0 0 0 0 0 0 0 0 0 0 0 0 0 0 0 0 0 0 0 0 0 0 0 0 0 0 0 0 0 0 0]
[1962324525715089569563737445480849530199556866376520527163652973813009157478259707985559317238918334302599212496856758937325553918911327523931626039668702728718068775113139126257736729038598910310347624095317696173549 1 0 0 0 0 0 0 0 0 0 0 0 0 0 0 0 0 0 0 0 0 0 0 0 0 0 0 0 0 0 0 0 0 0 0 0 0 0 0 0 0 0 0 0 0 0 0 0 0 0 0 0 0 0 0 0 0 0 0 0 0 0 0 0 0 0 0 0 0 0 0]
[1602691741136876857315295946121211242492691741421929406577630881100507687390728130660106516395086611964119453848652655779642008859585324410572163758605701495355377209298804751722572472042292035019246443998322522503292 0 1 0 0 0 0 0 0 0 0 0 0 0 0 0 0 0 0 0 0 0 0 0 0 0 0 0 0 0 0 0 0 0 0 0 0 0 0 0 0 0 0 0 0 0 0 0 0 0 0 0 0 0 0 0 0 0 0 0 0 0 0 0 0 0 0 0 0 0 0 0]
[1667054473373895679581505656590746888256492147256020927454192730963701307556028832817852589016371585114954874399017348037234393342570464231911559931230067223351234886902991122675470099548419957877827215477512788380745 0 0 1 0 0 0 0 0 0 0 0 0 0 0 0 0 0 0 0 0 0 0 0 0 0 0 0 0 0 0 0 0 0 0 0 0 0 0 0 0 0 0 0 0 0 0 0 0 0 0 0 0 0 0 0 0 0 0 0 0 0 0 0 0 0 0 0 0 0 0 0]
[712708592156715534010749699758139520137893269710948259537301533121625968616990367038990755194294552879539761426179579410269857396701520450707645470297175417809584560392481826449775262367745903556283683939001955671390 0 0 0 1 0 0 0 0 0 0 0 0 0 0 0 0 0 0 0 0 0 0 0 0 0 0 0 0 0 0 0 0 0 0 0 0 0 0 0 0 0 0 0 0 0 0 0 0 0 0 0 0 0 0 0 0 0 0 0 0 0 0 0 0 0 0 0 0 0 0 0]
[709814680051968707449951027001584506014625953325019775284112720027890445921147623181382034038541056670904390340057346462420787367950150307058928203443236609313252843740723754694453474515966282778946520587244136759965 0 0 0 0 1 0 0 0 0 0 0 0 0 0 0 0 0 0 0 0 0 0 0 0 0 0 0 0 0 0 0 0 0 0 0 0 0 0 0 0 0 0 0 0 0 0 0 0 0 0 0 0 0 0 0 0 0 0 0 0 0 0 0 0 0 0 0 0 0 0 0]
[490736849523578885984044385210907281195375265896475554471305614667588960331716631320818148772022916068390781790547429432954634728088279250396909104055679782073063926154222595254247493228663649953959554729516991322477 0 0 0 0 0 1 0 0 0 0 0 0 0 0 0 0 0 0 0 0 0 0 0 0 0 0 0 0 0 0 0 0 0 0 0 0 0 0 0 0 0 0 0 0 0 0 0 0 0 0 0 0 0 0 0 0 0 0 0 0 0 0 0 0 0 0 0 0 0 0 0]
[188682343857719862290081668646509408390394778528754382779034884044632431713572113812811931841632782732165424689967859308321621610320613827142375137215377450414868559319535953583785333098676209237546299252957961613181 0 0 0 0 0 0 1 0 0 0 0 0 0 0 0 0 0 0 0 0 0 0 0 0 0 0 0 0 0 0 0 0 0 0 0 0 0 0 0 0 0 0 0 0 0 0 0 0 0 0 0 0 0 0 0 0 0 0 0 0 0 0 0 0 0 0 0 0 0 0 0]
[2163545921562737395393908553050094379137135962417628308828622878055003593387367911940771875990753448161564629646099601464473823953437685160591677796964719238689934669088343522723097717758073788554042584719733399308728 0 0 0 0 0 0 0 1 0 0 0 0 0 0 0 0 0 0 0 0 0 0 0 0 0 0 0 0 0 0 0 0 0 0 0 0 0 0 0 0 0 0 0 0 0 0 0 0 0 0 0 0 0 0 0 0 0 0 0 0 0 0 0 0 0 0 0 0 0 0 0]
[482870137180000340003921201696271612020634180897783027283327343825296294991598857967609276792989234396924286825358713853254943305104119019088444102107032580768361805430192912140779032218192831445882804658245108082200 0 0 0 0 0 0 0 0 1 0 0 0 0 0 0 0 0 0 0 0 0 0 0 0 0 0 0 0 0 0 0 0 0 0 0 0 0 0 0 0 0 0 0 0 0 0 0 0 0 0 0 0 0 0 0 0 0 0 0 0 0 0 0 0 0 0 0 0 0 0 0]
[3198282578416807639785095867138251666082165090693381533019874742533977819994858168298032327107460266884549932231410818049723507422643569171324325194219404907131942542315161055406871740496293913759680120708542219901180 0 0 0 0 0 0 0 0 0 1 0 0 0 0 0 0 0 0 0 0 0 0 0 0 0 0 0 0 0 0 0 0 0 0 0 0 0 0 0 0 0 0 0 0 0 0 0 0 0 0 0 0 0 0 0 0 0 0 0 0 0 0 0 0 0 0 0 0 0 0 0]
[2328474440762228566993123927280781805605732850041831765133408938542672828155616486114821900634773640899849964542835447943065166572112675406983562013970522045563920967625304888020040299404254659289863016626127648193677 0 0 0 0 0 0 0 0 0 0 1 0 0 0 0 0 0 0 0 0 0 0 0 0 0 0 0 0 0 0 0 0 0 0 0 0 0 0 0 0 0 0 0 0 0 0 0 0 0 0 0 0 0 0 0 0 0 0 0 0 0 0 0 0 0 0 0 0 0 0 0]
[1491692175485283739660765983680760996853302625832143736629313942552185353497787787886809577534536264466932475904876660156803151181429531321969552584820056731790305371959508953881185263881770296172878909156513318524185 0 0 0 0 0 0 0 0 0 0 0 1 0 0 0 0 0 0 0 0 0 0 0 0 0 0 0 0 0 0 0 0 0 0 0 0 0 0 0 0 0 0 0 0 0 0 0 0 0 0 0 0 0 0 0 0 0 0 0 0 0 0 0 0 0 0 0 0 0 0 0]
[1850184988419018162597864952977842730848485306545209341887572955727610098926577649943143854546169560286356840443990863116163913532710095898394501565309858024799615283511321744762158385478129344567061005401087403103194 0 0 0 0 0 0 0 0 0 0 0 0 1 0 0 0 0 0 0 0 0 0 0 0 0 0 0 0 0 0 0 0 0 0 0 0 0 0 0 0 0 0 0 0 0 0 0 0 0 0 0 0 0 0 0 0 0 0 0 0 0 0 0 0 0 0 0 0 0 0 0]
[3245067949828967694059105638412394604300297118629393080369919547023810728674903985974477865442526310740199689001851160778090846137813765324098914176732353631460926753798700342119072710834478406193138039800926309917265 0 0 0 0 0 0 0 0 0 0 0 0 0 1 0 0 0 0 0 0 0 0 0 0 0 0 0 0 0 0 0 0 0 0 0 0 0 0 0 0 0 0 0 0 0 0 0 0 0 0 0 0 0 0 0 0 0 0 0 0 0 0 0 0 0 0 0 0 0 0 0]
[3198770136542557099427453696893529822217912873554010336342108740970225202617106387695622525563294169341568765326013618917841519125304616032476287436137459856160371295903668277667687972994839478606112041949609563943281 0 0 0 0 0 0 0 0 0 0 0 0 0 0 1 0 0 0 0 0 0 0 0 0 0 0 0 0 0 0 0 0 0 0 0 0 0 0 0 0 0 0 0 0 0 0 0 0 0 0 0 0 0 0 0 0 0 0 0 0 0 0 0 0 0 0 0 0 0 0 0]
[1094162670620135495054774169044343964133086716156088007488923273785672948013079564807041335098988050289080487550183034808206680609352225608415971073322920623922306389088532897589598752664576910900560606910734051476572 0 0 0 0 0 0 0 0 0 0 0 0 0 0 0 1 0 0 0 0 0 0 0 0 0 0 0 0 0 0 0 0 0 0 0 0 0 0 0 0 0 0 0 0 0 0 0 0 0 0 0 0 0 0 0 0 0 0 0 0 0 0 0 0 0 0 0 0 0 0 0]
[989947323421709085768118717734349928558262253036878039985009628578359163302046899560863683285408470858569255020544603532412578701816103653861314920238535846739458962460984558605586549748551498257640507739099636423677 0 0 0 0 0 0 0 0 0 0 0 0 0 0 0 0 1 0 0 0 0 0 0 0 0 0 0 0 0 0 0 0 0 0 0 0 0 0 0 0 0 0 0 0 0 0 0 0 0 0 0 0 0 0 0 0 0 0 0 0 0 0 0 0 0 0 0 0 0 0 0]
[27687307472631676465236383566836873873362185485154867711743708821951570477853217681557425100328812796115322154957672578016266898267441877947607262333158861997801913176499524149376037056642279138419663411603546138776 0 0 0 0 0 0 0 0 0 0 0 0 0 0 0 0 0 1 0 0 0 0 0 0 0 0 0 0 0 0 0 0 0 0 0 0 0 0 0 0 0 0 0 0 0 0 0 0 0 0 0 0 0 0 0 0 0 0 0 0 0 0 0 0 0 0 0 0 0 0 0]
[776927670657556505342787613932546065115625623062977300874672117419172264341635705629387416741642746581166692734405769069426500890460575854802647087848109173717809840397310316168089279486469051248892923075674627726060 0 0 0 0 0 0 0 0 0 0 0 0 0 0 0 0 0 0 1 0 0 0 0 0 0 0 0 0 0 0 0 0 0 0 0 0 0 0 0 0 0 0 0 0 0 0 0 0 0 0 0 0 0 0 0 0 0 0 0 0 0 0 0 0 0 0 0 0 0 0 0]
[487088446230301975635066834647776139572263093708853461537237109035756590876268231016955275043754908269767734993226061097388306245562280405958405808939277168142326546683376883791282807593576280443900454001674692231187 0 0 0 0 0 0 0 0 0 0 0 0 0 0 0 0 0 0 0 1 0 0 0 0 0 0 0 0 0 0 0 0 0 0 0 0 0 0 0 0 0 0 0 0 0 0 0 0 0 0 0 0 0 0 0 0 0 0 0 0 0 0 0 0 0 0 0 0 0 0 0]
[1988769391291325311461624569192491578344828642777327675590977356038166093761307593001135419541086016301503098878009606316820279569741473247744180732798217309864703947598865132428818609728439626277002903178268976168296 0 0 0 0 0 0 0 0 0 0 0 0 0 0 0 0 0 0 0 0 1 0 0 0 0 0 0 0 0 0 0 0 0 0 0 0 0 0 0 0 0 0 0 0 0 0 0 0 0 0 0 0 0 0 0 0 0 0 0 0 0 0 0 0 0 0 0 0 0 0 0]
[65613282576995844621313947125861977529352542701046624979848612293239327156159216738746950799863089284666185863379004173076174249693559325439876011376881067117174539767174274930299286208204511548024971109408758909904 0 0 0 0 0 0 0 0 0 0 0 0 0 0 0 0 0 0 0 0 0 1 0 0 0 0 0 0 0 0 0 0 0 0 0 0 0 0 0 0 0 0 0 0 0 0 0 0 0 0 0 0 0 0 0 0 0 0 0 0 0 0 0 0 0 0 0 0 0 0 0]
[1970764366767493523527522150912780251403607523019559730299665159467748020379023373617207975212473907495952441767904152636560362888706720089413404718232711168362144523400119354625570522076339908120857731628004470750257 0 0 0 0 0 0 0 0 0 0 0 0 0 0 0 0 0 0 0 0 0 0 1 0 0 0 0 0 0 0 0 0 0 0 0 0 0 0 0 0 0 0 0 0 0 0 0 0 0 0 0 0 0 0 0 0 0 0 0 0 0 0 0 0 0 0 0 0 0 0 0]
[855731340891894086255893999328942591659944940673604235459644295214546774248087280023040845252430025449851734643001370902069514477852185366880417255925558955659309925077984008371423409578979114490498071720959983168875 0 0 0 0 0 0 0 0 0 0 0 0 0 0 0 0 0 0 0 0 0 0 0 1 0 0 0 0 0 0 0 0 0 0 0 0 0 0 0 0 0 0 0 0 0 0 0 0 0 0 0 0 0 0 0 0 0 0 0 0 0 0 0 0 0 0 0 0 0 0 0]
[2154683956892773247868540452490153199990063076837318528966450298074440843945248623862422635906254937458434456807253721614790231029976004044408650132665580122035180618463940379982728933152444161625361915579948839836182 0 0 0 0 0 0 0 0 0 0 0 0 0 0 0 0 0 0 0 0 0 0 0 0 1 0 0 0 0 0 0 0 0 0 0 0 0 0 0 0 0 0 0 0 0 0 0 0 0 0 0 0 0 0 0 0 0 0 0 0 0 0 0 0 0 0 0 0 0 0 0]
[418610586037564065276332332806502088913351915792380819305980361504596923722236589455160599476682962310266545209193078527241613504873410417884143597566670582599881373822772010060290046299894004402049481633478452762953 0 0 0 0 0 0 0 0 0 0 0 0 0 0 0 0 0 0 0 0 0 0 0 0 0 1 0 0 0 0 0 0 0 0 0 0 0 0 0 0 0 0 0 0 0 0 0 0 0 0 0 0 0 0 0 0 0 0 0 0 0 0 0 0 0 0 0 0 0 0 0]
[174625833289852819916969907028422754450002921272900107175719744331166424700397884266771747964924862407461745675758197719766829524038184040603960537120117717389874369629038904228555423747666717095143075503990535762157 0 0 0 0 0 0 0 0 0 0 0 0 0 0 0 0 0 0 0 0 0 0 0 0 0 0 1 0 0 0 0 0 0 0 0 0 0 0 0 0 0 0 0 0 0 0 0 0 0 0 0 0 0 0 0 0 0 0 0 0 0 0 0 0 0 0 0 0 0 0 0]
[840335227396578540811618085219018051758927977996072269294129139473003472095543438438486371864437305196422097344220354654321882531830573085171429382729083104682883579175006995869614198615883634035200482853440161390162 0 0 0 0 0 0 0 0 0 0 0 0 0 0 0 0 0 0 0 0 0 0 0 0 0 0 0 1 0 0 0 0 0 0 0 0 0 0 0 0 0 0 0 0 0 0 0 0 0 0 0 0 0 0 0 0 0 0 0 0 0 0 0 0 0 0 0 0 0 0 0]
[815591434680629483189691774845892787719455060251484407255966001589454785897530886080551017625997767173966332727276186135483841935491609459620849184120755187231432363431355408340569053104693815530353416170692803580112 0 0 0 0 0 0 0 0 0 0 0 0 0 0 0 0 0 0 0 0 0 0 0 0 0 0 0 0 1 0 0 0 0 0 0 0 0 0 0 0 0 0 0 0 0 0 0 0 0 0 0 0 0 0 0 0 0 0 0 0 0 0 0 0 0 0 0 0 0 0 0]
[3017612119887260673288158921036672416418415949135577872173840585975544962779026099443643369327676900730020270530946045299623812835193461259176549746351230681470687216575940117537558233945655126021089547235314089465430 0 0 0 0 0 0 0 0 0 0 0 0 0 0 0 0 0 0 0 0 0 0 0 0 0 0 0 0 0 1 0 0 0 0 0 0 0 0 0 0 0 0 0 0 0 0 0 0 0 0 0 0 0 0 0 0 0 0 0 0 0 0 0 0 0 0 0 0 0 0 0]
[133942941412515852187589557299046579603665665701350443473794078138391868271541584017518235235240152237227756362214674723426542138946238037934347523059508999784234224665974510150410658453250012089015937120896974281863 0 0 0 0 0 0 0 0 0 0 0 0 0 0 0 0 0 0 0 0 0 0 0 0 0 0 0 0 0 0 1 0 0 0 0 0 0 0 0 0 0 0 0 0 0 0 0 0 0 0 0 0 0 0 0 0 0 0 0 0 0 0 0 0 0 0 0 0 0 0 0]
[1803111455104174006653157261876223166539052004441873095166604808596519568877315970320224204836012576409795754157610011043173068879221961055875148596217363828527169339651507672589059468554651650969445087423893677484562 0 0 0 0 0 0 0 0 0 0 0 0 0 0 0 0 0 0 0 0 0 0 0 0 0 0 0 0 0 0 0 1 0 0 0 0 0 0 0 0 0 0 0 0 0 0 0 0 0 0 0 0 0 0 0 0 0 0 0 0 0 0 0 0 0 0 0 0 0 0 0]
[250430914331369170371639618858573512727888078132418312507987364816361547970213315633471393582504999917703467833682980210394819561146039548898309598911117586733726500139664912319897594364098171831310535787673260372899 0 0 0 0 0 0 0 0 0 0 0 0 0 0 0 0 0 0 0 0 0 0 0 0 0 0 0 0 0 0 0 0 1 0 0 0 0 0 0 0 0 0 0 0 0 0 0 0 0 0 0 0 0 0 0 0 0 0 0 0 0 0 0 0 0 0 0 0 0 0 0]
[2038559127362131021757832511813272908122274022883806822721094389438607736607447691782397009076029156181236339637767711662944700503038817590593498158597483916782688981257660310370364106198922632738114310581364596719787 0 0 0 0 0 0 0 0 0 0 0 0 0 0 0 0 0 0 0 0 0 0 0 0 0 0 0 0 0 0 0 0 0 1 0 0 0 0 0 0 0 0 0 0 0 0 0 0 0 0 0 0 0 0 0 0 0 0 0 0 0 0 0 0 0 0 0 0 0 0 0]
[2448730903587562813154608010672266866357606830492021480718150170872080896022697755498257093162633357983084896543690949539196366806605620991100187094292835658759538596847992292474327316214177134852310135449169814984236 0 0 0 0 0 0 0 0 0 0 0 0 0 0 0 0 0 0 0 0 0 0 0 0 0 0 0 0 0 0 0 0 0 0 1 0 0 0 0 0 0 0 0 0 0 0 0 0 0 0 0 0 0 0 0 0 0 0 0 0 0 0 0 0 0 0 0 0 0 0 0]
[331399887907783313864561197675929807904273114503183166591937702511682353454964596470473189692996413219324742803261299293981388264827383410919863546528278973261697520916499464373164577723555682241283809026335377836323 0 0 0 0 0 0 0 0 0 0 0 0 0 0 0 0 0 0 0 0 0 0 0 0 0 0 0 0 0 0 0 0 0 0 0 1 0 0 0 0 0 0 0 0 0 0 0 0 0 0 0 0 0 0 0 0 0 0 0 0 0 0 0 0 0 0 0 0 0 0 0]
[133333141622997068615391185147350914338314293095410380319581834895267316410902416094411492934719664385214011065079056057126870800165427234245055690691236232431093950599804486314660619578150775360997525656740541061294 0 0 0 0 0 0 0 0 0 0 0 0 0 0 0 0 0 0 0 0 0 0 0 0 0 0 0 0 0 0 0 0 0 0 0 0 1 0 0 0 0 0 0 0 0 0 0 0 0 0 0 0 0 0 0 0 0 0 0 0 0 0 0 0 0 0 0 0 0 0 0]
[3109538206090610021535559096447351915748689830494520543161986480336125475230865216322165018648615347849878783511704857716791606572535857893008623039011705887925712514921165090387007362634398174234258863728917384202921 0 0 0 0 0 0 0 0 0 0 0 0 0 0 0 0 0 0 0 0 0 0 0 0 0 0 0 0 0 0 0 0 0 0 0 0 0 1 0 0 0 0 0 0 0 0 0 0 0 0 0 0 0 0 0 0 0 0 0 0 0 0 0 0 0 0 0 0 0 0 0]
[2905502442989401513501948192426745925373220053075611188790884367009949015947874829106703476240549343203199090516177049743556766677460343199192413156779954927503368868192862762734109309604280511273273962487032884581405 0 0 0 0 0 0 0 0 0 0 0 0 0 0 0 0 0 0 0 0 0 0 0 0 0 0 0 0 0 0 0 0 0 0 0 0 0 0 1 0 0 0 0 0 0 0 0 0 0 0 0 0 0 0 0 0 0 0 0 0 0 0 0 0 0 0 0 0 0 0 0]
[1343980702522823785903476865588403703789014542590265239937000200391407884991202229919274349211891658783858816601354644721331821481712993917392810337455984359772727335703247973317203564399911643303509009085337335884966 0 0 0 0 0 0 0 0 0 0 0 0 0 0 0 0 0 0 0 0 0 0 0 0 0 0 0 0 0 0 0 0 0 0 0 0 0 0 0 1 0 0 0 0 0 0 0 0 0 0 0 0 0 0 0 0 0 0 0 0 0 0 0 0 0 0 0 0 0 0 0]
[1728268820586259309376206811551431750994591915242612022521572944959847850958194734174569577673211007939668109482683778572695393118543180337694898091594338817386145891713361820315427052760086137271005877035969773619826 0 0 0 0 0 0 0 0 0 0 0 0 0 0 0 0 0 0 0 0 0 0 0 0 0 0 0 0 0 0 0 0 0 0 0 0 0 0 0 0 1 0 0 0 0 0 0 0 0 0 0 0 0 0 0 0 0 0 0 0 0 0 0 0 0 0 0 0 0 0 0]
[1821421415778596995499045156250428608156208688641421060031196115984106769644616863670986702134097259058548556147338607573052803112975009074651689814298044363709683473050472245328052336827772964220323393299453148280547 0 0 0 0 0 0 0 0 0 0 0 0 0 0 0 0 0 0 0 0 0 0 0 0 0 0 0 0 0 0 0 0 0 0 0 0 0 0 0 0 0 1 0 0 0 0 0 0 0 0 0 0 0 0 0 0 0 0 0 0 0 0 0 0 0 0 0 0 0 0 0]
[911303618192344342746471427052549557644195053158558565179683889583048820771316107956047540042917576719996152344274790226152757831747762573158630970124265252011304741102521097088436278452868729225174112284381733421651 0 0 0 0 0 0 0 0 0 0 0 0 0 0 0 0 0 0 0 0 0 0 0 0 0 0 0 0 0 0 0 0 0 0 0 0 0 0 0 0 0 0 1 0 0 0 0 0 0 0 0 0 0 0 0 0 0 0 0 0 0 0 0 0 0 0 0 0 0 0 0]
[632663306278820499100549270709529312401274106369135668273549073100594171480196743317403466444711926107575740085664174440350588157115476485085072606783064090045030367006454267493655638484054832698686795047272714311152 0 0 0 0 0 0 0 0 0 0 0 0 0 0 0 0 0 0 0 0 0 0 0 0 0 0 0 0 0 0 0 0 0 0 0 0 0 0 0 0 0 0 0 1 0 0 0 0 0 0 0 0 0 0 0 0 0 0 0 0 0 0 0 0 0 0 0 0 0 0 0]
[1865705124002809541659287887069565447805181337877797649412405183915120284527278858217272990535343898193270311466140035011039134811691020210750087151261404321871650877827164790656219562398558669416791059362449764178153 0 0 0 0 0 0 0 0 0 0 0 0 0 0 0 0 0 0 0 0 0 0 0 0 0 0 0 0 0 0 0 0 0 0 0 0 0 0 0 0 0 0 0 0 1 0 0 0 0 0 0 0 0 0 0 0 0 0 0 0 0 0 0 0 0 0 0 0 0 0 0]
[1086580400416714622908273755609661514099512404317569214263162605133562147606553910896728899680298712737451771895355724851880271676245008992341876545618172476901773219614948929078261845307570619181781949081927977788485 0 0 0 0 0 0 0 0 0 0 0 0 0 0 0 0 0 0 0 0 0 0 0 0 0 0 0 0 0 0 0 0 0 0 0 0 0 0 0 0 0 0 0 0 0 1 0 0 0 0 0 0 0 0 0 0 0 0 0 0 0 0 0 0 0 0 0 0 0 0 0]
[451940314452087255376621759548858859334700636431542454687727317336801073352530289643938984024937516710657933958716498537891379203340139705480270092245463636574082115110981582309675508383738021785677164518045114202846 0 0 0 0 0 0 0 0 0 0 0 0 0 0 0 0 0 0 0 0 0 0 0 0 0 0 0 0 0 0 0 0 0 0 0 0 0 0 0 0 0 0 0 0 0 0 1 0 0 0 0 0 0 0 0 0 0 0 0 0 0 0 0 0 0 0 0 0 0 0 0]
[1970510776400811998513148709273025330498580671688548758023276879315887958350223598457164518335116997679688649660436007201402290146208239640514830969776059710136923406098697717878872583010210119041576048250575577525516 0 0 0 0 0 0 0 0 0 0 0 0 0 0 0 0 0 0 0 0 0 0 0 0 0 0 0 0 0 0 0 0 0 0 0 0 0 0 0 0 0 0 0 0 0 0 0 1 0 0 0 0 0 0 0 0 0 0 0 0 0 0 0 0 0 0 0 0 0 0 0]
[2123856826313731132299964311461240657521902059176601526208342312500512352916491452047757478332293132409178634142391674673147442880182762725744898004074134408995079955442209869145421576815412211612697271807400656602918 0 0 0 0 0 0 0 0 0 0 0 0 0 0 0 0 0 0 0 0 0 0 0 0 0 0 0 0 0 0 0 0 0 0 0 0 0 0 0 0 0 0 0 0 0 0 0 0 1 0 0 0 0 0 0 0 0 0 0 0 0 0 0 0 0 0 0 0 0 0 0]
[103530257811944312826113839224369514566412045059440817781487914230309028167766991975891632274234066239287736951816349031604925962295695457796421492715153120583826126343853324947938806571683607465691336941762388801357 0 0 0 0 0 0 0 0 0 0 0 0 0 0 0 0 0 0 0 0 0 0 0 0 0 0 0 0 0 0 0 0 0 0 0 0 0 0 0 0 0 0 0 0 0 0 0 0 0 1 0 0 0 0 0 0 0 0 0 0 0 0 0 0 0 0 0 0 0 0 0]
[1664330738185763471275818144255718272130273723135787384588345113876658001187095857632276552449323443650777726633432902183870503931124068977900960236273695829295009651467319083992651622116139717217833240080144516824991 0 0 0 0 0 0 0 0 0 0 0 0 0 0 0 0 0 0 0 0 0 0 0 0 0 0 0 0 0 0 0 0 0 0 0 0 0 0 0 0 0 0 0 0 0 0 0 0 0 0 1 0 0 0 0 0 0 0 0 0 0 0 0 0 0 0 0 0 0 0 0]
[2123016893399308108844570051393227620385928718528609721504684482061291000765978422624461073676533234290685943381162632138004954601042504593689956268436531827231894901590074754636174842262440195760674217600252378155890 0 0 0 0 0 0 0 0 0 0 0 0 0 0 0 0 0 0 0 0 0 0 0 0 0 0 0 0 0 0 0 0 0 0 0 0 0 0 0 0 0 0 0 0 0 0 0 0 0 0 0 1 0 0 0 0 0 0 0 0 0 0 0 0 0 0 0 0 0 0 0]
[24042342365526788042793605082689786499256308339456521266921093321322405039363816111981944358490013053754321890976828709921012016527833174296599916154631255077213374966217390394171430056201339807159060356677057604328 0 0 0 0 0 0 0 0 0 0 0 0 0 0 0 0 0 0 0 0 0 0 0 0 0 0 0 0 0 0 0 0 0 0 0 0 0 0 0 0 0 0 0 0 0 0 0 0 0 0 0 0 1 0 0 0 0 0 0 0 0 0 0 0 0 0 0 0 0 0 0]
[2916690724601282723076673159148062604563773556742400720611523058619250318905636875825902982779440227030893357289488781618370975982814018557111502803322693686386978697075415605561402888353065206116454103848087393298693 0 0 0 0 0 0 0 0 0 0 0 0 0 0 0 0 0 0 0 0 0 0 0 0 0 0 0 0 0 0 0 0 0 0 0 0 0 0 0 0 0 0 0 0 0 0 0 0 0 0 0 0 0 1 0 0 0 0 0 0 0 0 0 0 0 0 0 0 0 0 0]
[3275714324729311207479630937330534166638498845973970990589901790929809021908587097468106723205972869155787493134296544298174541527424805932507465732770605573799087710398298654911420011168877943705518434319812949176925 0 0 0 0 0 0 0 0 0 0 0 0 0 0 0 0 0 0 0 0 0 0 0 0 0 0 0 0 0 0 0 0 0 0 0 0 0 0 0 0 0 0 0 0 0 0 0 0 0 0 0 0 0 0 1 0 0 0 0 0 0 0 0 0 0 0 0 0 0 0 0]
[3311476029361099164227751169092419711725700786061486580776058473152544064861142711789340852953565444828676206603669657788713198049164606255917033921355691282377895857657911769807110845309184715864993667614562899764420 0 0 0 0 0 0 0 0 0 0 0 0 0 0 0 0 0 0 0 0 0 0 0 0 0 0 0 0 0 0 0 0 0 0 0 0 0 0 0 0 0 0 0 0 0 0 0 0 0 0 0 0 0 0 0 1 0 0 0 0 0 0 0 0 0 0 0 0 0 0 0]
[2672181586573451706861682659295126998102053939180167304710061540676036222832342071008714596169360525072626350492048161852699576639357456722585041385082388334258364640353518213856456391995207791213397583027725479637086 0 0 0 0 0 0 0 0 0 0 0 0 0 0 0 0 0 0 0 0 0 0 0 0 0 0 0 0 0 0 0 0 0 0 0 0 0 0 0 0 0 0 0 0 0 0 0 0 0 0 0 0 0 0 0 0 1 0 0 0 0 0 0 0 0 0 0 0 0 0 0]
[1995962457382646302009075658065149161393079854625179761080465014956208052999435488450729571152799172121460103160056126432699380151959838161347588290206271627018174446634173115021837151295680612154023077051422031022071 0 0 0 0 0 0 0 0 0 0 0 0 0 0 0 0 0 0 0 0 0 0 0 0 0 0 0 0 0 0 0 0 0 0 0 0 0 0 0 0 0 0 0 0 0 0 0 0 0 0 0 0 0 0 0 0 0 1 0 0 0 0 0 0 0 0 0 0 0 0 0]
[2764548829833210707883033684049976252310888481143469933737940027435715067984366734319003944495564779234898894451022922565696873165365374973281209317548748863464789990343289040018650874722629301105860418136166855447889 0 0 0 0 0 0 0 0 0 0 0 0 0 0 0 0 0 0 0 0 0 0 0 0 0 0 0 0 0 0 0 0 0 0 0 0 0 0 0 0 0 0 0 0 0 0 0 0 0 0 0 0 0 0 0 0 0 0 1 0 0 0 0 0 0 0 0 0 0 0 0]
[2512174449615789401366527141975187421966121656307994809441000004466098591826475139742251415107510249176354721513799152972549738622138845821579002250294231164514857946713055934105545327837957035119628504931828813741534 0 0 0 0 0 0 0 0 0 0 0 0 0 0 0 0 0 0 0 0 0 0 0 0 0 0 0 0 0 0 0 0 0 0 0 0 0 0 0 0 0 0 0 0 0 0 0 0 0 0 0 0 0 0 0 0 0 0 0 1 0 0 0 0 0 0 0 0 0 0 0]
[1665130686450997876808203726022344084205097006194752868505480063957637453926896625428297938912643408866454546044217750826505294879743098584548063361103286835277750401283113384556892814028818379012544258646422048646106 0 0 0 0 0 0 0 0 0 0 0 0 0 0 0 0 0 0 0 0 0 0 0 0 0 0 0 0 0 0 0 0 0 0 0 0 0 0 0 0 0 0 0 0 0 0 0 0 0 0 0 0 0 0 0 0 0 0 0 0 1 0 0 0 0 0 0 0 0 0 0]
[1561047510137888209735992536814591344340397807682364853423271462716595284463290578102478757083735080080079604488775539127840012597140645767482851432209661040815621701712176626638014674474221703376270685159511468955618 0 0 0 0 0 0 0 0 0 0 0 0 0 0 0 0 0 0 0 0 0 0 0 0 0 0 0 0 0 0 0 0 0 0 0 0 0 0 0 0 0 0 0 0 0 0 0 0 0 0 0 0 0 0 0 0 0 0 0 0 0 1 0 0 0 0 0 0 0 0 0]
[14961209230447384794500695797503370597022858490114023921088471194765728889820327912842163452583321680589141299742866440686276027661810566106039042039832947445903870887314264835510054822601626887287477946482100106977 0 0 0 0 0 0 0 0 0 0 0 0 0 0 0 0 0 0 0 0 0 0 0 0 0 0 0 0 0 0 0 0 0 0 0 0 0 0 0 0 0 0 0 0 0 0 0 0 0 0 0 0 0 0 0 0 0 0 0 0 0 0 1 0 0 0 0 0 0 0 0]
[2736164767869095380163005090874704248434209077978350891341417847756717560850161412857056965660695122449654807591556911489177128057046070384370833680694274073453273739705868715829077973177715010718299244871023069275785 0 0 0 0 0 0 0 0 0 0 0 0 0 0 0 0 0 0 0 0 0 0 0 0 0 0 0 0 0 0 0 0 0 0 0 0 0 0 0 0 0 0 0 0 0 0 0 0 0 0 0 0 0 0 0 0 0 0 0 0 0 0 0 1 0 0 0 0 0 0 0]
[1908460749206222995077693075750184940754462704054480220653333262515758755444209391375405161308599794430546903604493964913640254116423778513980868534899444103015691195955590461322154072291706664239060183554817544494312 0 0 0 0 0 0 0 0 0 0 0 0 0 0 0 0 0 0 0 0 0 0 0 0 0 0 0 0 0 0 0 0 0 0 0 0 0 0 0 0 0 0 0 0 0 0 0 0 0 0 0 0 0 0 0 0 0 0 0 0 0 0 0 0 1 0 0 0 0 0 0]
[3233053431741426642692480762199635566793992520662774133887175066409350888393077617913536851157541090065152835534148375416477887402664080186787680459828017726772007299544480169984366088581893012473590179830685402570505 0 0 0 0 0 0 0 0 0 0 0 0 0 0 0 0 0 0 0 0 0 0 0 0 0 0 0 0 0 0 0 0 0 0 0 0 0 0 0 0 0 0 0 0 0 0 0 0 0 0 0 0 0 0 0 0 0 0 0 0 0 0 0 0 0 1 0 0 0 0 0]
[171785589651979102932721273950989466044676981264308702728423267156976096397387188676945726224248139789914782003515727927927410036664589583165732255114981535874235969418585274529417762197564343333505568503806684445253 0 0 0 0 0 0 0 0 0 0 0 0 0 0 0 0 0 0 0 0 0 0 0 0 0 0 0 0 0 0 0 0 0 0 0 0 0 0 0 0 0 0 0 0 0 0 0 0 0 0 0 0 0 0 0 0 0 0 0 0 0 0 0 0 0 0 1 0 0 0 0]
[2176952309372487052316873708501897092376667603231956369914115963235103835154328803136059862224178481393450291965255710508916165756660512402324537031091778826144952413217688662038847239080660600998425719088504791065418 0 0 0 0 0 0 0 0 0 0 0 0 0 0 0 0 0 0 0 0 0 0 0 0 0 0 0 0 0 0 0 0 0 0 0 0 0 0 0 0 0 0 0 0 0 0 0 0 0 0 0 0 0 0 0 0 0 0 0 0 0 0 0 0 0 0 0 1 0 0 0]
[1323379637995092970898179371519183585259352779686803857633926352948931065134716385851827132634596404047366625808450516951163142125286535781286631876522750306077476792109842970246726465636149240638410178401660956481552 0 0 0 0 0 0 0 0 0 0 0 0 0 0 0 0 0 0 0 0 0 0 0 0 0 0 0 0 0 0 0 0 0 0 0 0 0 0 0 0 0 0 0 0 0 0 0 0 0 0 0 0 0 0 0 0 0 0 0 0 0 0 0 0 0 0 0 0 1 0 0]
[625488488059922694137936915767196494774171601578301050902603834375678919379740450170635038409554676380185502078895534378811027948906560152125841314034401177584593910859584524167604419060415177952768995403184238769367 0 0 0 0 0 0 0 0 0 0 0 0 0 0 0 0 0 0 0 0 0 0 0 0 0 0 0 0 0 0 0 0 0 0 0 0 0 0 0 0 0 0 0 0 0 0 0 0 0 0 0 0 0 0 0 0 0 0 0 0 0 0 0 0 0 0 0 0 0 1 0]
[1172223399445549137769001904939811019693301097504669121034024372340868996115504201514141116816644432190989233306939895593043119550006406444960216691545952918855983448204126327703707346488749249441718306994506343270858 0 0 0 0 0 0 0 0 0 0 0 0 0 0 0 0 0 0 0 0 0 0 0 0 0 0 0 0 0 0 0 0 0 0 0 0 0 0 0 0 0 0 0 0 0 0 0 0 0 0 0 0 0 0 0 0 0 0 0 0 0 0 0 0 0 0 0 0 0 0 1]
]
72 73 1
[1 1 1 1 1 1 1 1 1 1 1 1 1 1 1 1 1 1 1 1 1 1 1 1 1 1 1 1 1 1 1 1 1 1 1 1 1 1 1 1 1 1 1 1 1 1 1 1 1 1 1 1 1 1 1 1 1 1 1 1 1 1 1 1 1 1 1 1 1 1 1 1 1]
