[[3198751896103755055419071955234944367594303232822017276254310897808307734876923298431229512078772806033956135704739662015485042835630642003094580475867238472441329968492470002020994376968743256381283571068594180459377 0 0 0 0 0 0 0 0 0 0 0 0 0 0 0 0 0 0 0 0 0 0 0 0 0 0 0 0 0 0 0 0 0 0 0 0 0 0 0 0 0 0 0 0 0 0 0 0 0 0 0 0 0 0 0 0 0 0 0 0 0 0 0 0 0 0 0 0 0 0 0]
[960263862564867081054633061056161582016471169227699355511933738594786653727184052374853492649746742640090342273369375323586832794084324565667198543961921561599626541504753694993033504709892996946838087722549554744863 1 0 0 0 0 0 0 0 0 0 0 0 0 0 0 0 0 0 0 0 0 0 0 0 0 0 0 0 0 0 0 0 0 0 0 0 0 0 0 0 0 0 0 0 0 0 0 0 0 0 0 0 0 0 0 0 0 0 0 0 0 0 0 0 0 0 0 0 0 0 0]
[3057944860087695648908592137161609898433320898548255299210968907784472245945894710757994056510903967522726533334846177432441694301770962742204648251545957856123278537158331515597817665634883368010101756359303549123474 0 1 0 0 0 0 0 0 0 0 0 0 0 0 0 0 0 0 0 0 0 0 0 0 0 0 0 0 0 0 0 0 0 0 0 0 0 0 0 0 0 0 0 0 0 0 0 0 0 0 0 0 0 0 0 0 0 0 0 0 0 0 0 0 0 0 0 0 0 0 0]
[1977124017611399778185232214557792938452290552419700505871426106162339172542576727930545610225573659698272820632770801364250237765665138927123887684723808453264168035725501169329094149253260905672892074894727548229259 0 0 1 0 0 0 0 0 0 0 0 0 0 0 0 0 0 0 0 0 0 0 0 0 0 0 0 0 0 0 0 0 0 0 0 0 0 0 0 0 0 0 0 0 0 0 0 0 0 0 0 0 0 0 0 0 0 0 0 0 0 0 0 0 0 0 0 0 0 0 0]
[1633474370259714197592027960034941144067220773964842014736213857615735795573995504658082975878267706274041238451948526579410807739177266005009811283767400009950972778885234558275783409950033158511913431893935023951547 0 0 0 1 0 0 0 0 0 0 0 0 0 0 0 0 0 0 0 0 0 0 0 0 0 0 0 0 0 0 0 0 0 0 0 0 0 0 0 0 0 0 0 0 0 0 0 0 0 0 0 0 0 0 0 0 0 0 0 0 0 0 0 0 0 0 0 0 0 0 0]
[433032341371779762844283250680898945866076402984843755550894136788743167109039012996452373786877717048688106624925295507393304569348577727490270632340863704328516157567575500935596802631281037697516165451670079963279 0 0 0 0 1 0 0 0 0 0 0 0 0 0 0 0 0 0 0 0 0 0 0 0 0 0 0 0 0 0 0 0 0 0 0 0 0 0 0 0 0 0 0 0 0 0 0 0 0 0 0 0 0 0 0 0 0 0 0 0 0 0 0 0 0 0 0 0 0 0 0]
[1145728306419877111200671092459436818118618278346950934727077095679717275552150741952493372407752236108268952454992279556506786465331595544220687563047280462879447470782690780938022102079897883215039434809829135136444 0 0 0 0 0 1 0 0 0 0 0 0 0 0 0 0 0 0 0 0 0 0 0 0 0 0 0 0 0 0 0 0 0 0 0 0 0 0 0 0 0 0 0 0 0 0 0 0 0 0 0 0 0 0 0 0 0 0 0 0 0 0 0 0 0 0 0 0 0 0 0]
[2924358594444325082875075219291192774518819347147383270851643540361120436021444203903511394298704650334538848101215025423467093345303192632175836833275553171744581565563956403131428907591034563498623332727480139401279 0 0 0 0 0 0 1 0 0 0 0 0 0 0 0 0 0 0 0 0 0 0 0 0 0 0 0 0 0 0 0 0 0 0 0 0 0 0 0 0 0 0 0 0 0 0 0 0 0 0 0 0 0 0 0 0 0 0 0 0 0 0 0 0 0 0 0 0 0 0 0]
[2300291781495220704502167290658605558147743632169704557551407083466987247410312041826892990371696911967933890546242965305103082353279025980527348122584792169795105563944070901951106943750197846798171988514920061588824 0 0 0 0 0 0 0 1 0 0 0 0 0 0 0 0 0 0 0 0 0 0 0 0 0 0 0 0 0 0 0 0 0 0 0 0 0 0 0 0 0 0 0 0 0 0 0 0 0 0 0 0 0 0 0 0 0 0 0 0 0 0 0 0 0 0 0 0 0 0 0]
[799100609869078256350580817690041020684899042901425287142748473157812577692242808076847823874034379678089530557288747210673923884103212955946402299218373498114411496776030189136057556575701533451376025458501892945196 0 0 0 0 0 0 0 0 1 0 0 0 0 0 0 0 0 0 0 0 0 0 0 0 0 0 0 0 0 0 0 0 0 0 0 0 0 0 0 0 0 0 0 0 0 0 0 0 0 0 0 0 0 0 0 0 0 0 0 0 0 0 0 0 0 0 0 0 0 0 0]
[2090154765138720175092980434089061668105967754684025718550668920029021288965163996925922935075238550268219996713188809864773709005621317411921610414267857118585962147934338645612214024322952307996880596061057790790662 0 0 0 0 0 0 0 0 0 1 0 0 0 0 0 0 0 0 0 0 0 0 0 0 0 0 0 0 0 0 0 0 0 0 0 0 0 0 0 0 0 0 0 0 0 0 0 0 0 0 0 0 0 0 0 0 0 0 0 0 0 0 0 0 0 0 0 0 0 0 0]
[1825446793980868231698835601005533673704552999998689037487654795903570541429702332370319174669080286725298455275525164515415507526938412115615014215723049607868966592576138276116997464673435211153619166926009546587643 0 0 0 0 0 0 0 0 0 0 1 0 0 0 0 0 0 0 0 0 0 0 0 0 0 0 0 0 0 0 0 0 0 0 0 0 0 0 0 0 0 0 0 0 0 0 0 0 0 0 0 0 0 0 0 0 0 0 0 0 0 0 0 0 0 0 0 0 0 0 0]
[1866086203249832492050992514966255898048532688353502842244023532694532284930182575402295515737440694480102485794261345172492543897179527769478453406305715219946082032593731562992115107263212277405868925834606319962748 0 0 0 0 0 0 0 0 0 0 0 1 0 0 0 0 0 0 0 0 0 0 0 0 0 0 0 0 0 0 0 0 0 0 0 0 0 0 0 0 0 0 0 0 0 0 0 0 0 0 0 0 0 0 0 0 0 0 0 0 0 0 0 0 0 0 0 0 0 0 0]
[3143718195969188155516628737438201066785887739462356729107618755287829919993831737760878115930003614874925692338566356869313240378352334010783304774236943364889568463176062840512107097091291076301231322021573578537196 0 0 0 0 0 0 0 0 0 0 0 0 1 0 0 0 0 0 0 0 0 0 0 0 0 0 0 0 0 0 0 0 0 0 0 0 0 0 0 0 0 0 0 0 0 0 0 0 0 0 0 0 0 0 0 0 0 0 0 0 0 0 0 0 0 0 0 0 0 0 0]
[2198603471765656443759488476858675908524823938373307773439078501266815474125934162831086887827904232662390503210893273508218055712413789474319530165867403210380023489878182265984803708919711650605822310484422564279831 0 0 0 0 0 0 0 0 0 0 0 0 0 1 0 0 0 0 0 0 0 0 0 0 0 0 0 0 0 0 0 0 0 0 0 0 0 0 0 0 0 0 0 0 0 0 0 0 0 0 0 0 0 0 0 0 0 0 0 0 0 0 0 0 0 0 0 0 0 0 0]
[2147544746206829631297404989609590405852676665239101805654204123753126583089881464795615725920644795203940914888540306222713249979814906735951320632948544386028404872814128754431716900673342956336256485848725111644629 0 0 0 0 0 0 0 0 0 0 0 0 0 0 1 0 0 0 0 0 0 0 0 0 0 0 0 0 0 0 0 0 0 0 0 0 0 0 0 0 0 0 0 0 0 0 0 0 0 0 0 0 0 0 0 0 0 0 0 0 0 0 0 0 0 0 0 0 0 0 0]
[568855180004628103805610203353215832429750786814171317184107172920257430389344734731637801517118160476002805635359537819967128600209326848886114802899695735577472760695626864218365413440798106888966745167211481167416 0 0 0 0 0 0 0 0 0 0 0 0 0 0 0 1 0 0 0 0 0 0 0 0 0 0 0 0 0 0 0 0 0 0 0 0 0 0 0 0 0 0 0 0 0 0 0 0 0 0 0 0 0 0 0 0 0 0 0 0 0 0 0 0 0 0 0 0 0 0 0]
[718440698710399725686612142570877225297921551426409096552829202884058982691712760691334026723688916830494586598235207532437394310070182472785152242554663347709815002574864220642733629216605283372012412058291004652728 0 0 0 0 0 0 0 0 0 0 0 0 0 0 0 0 1 0 0 0 0 0 0 0 0 0 0 0 0 0 0 0 0 0 0 0 0 0 0 0 0 0 0 0 0 0 0 0 0 0 0 0 0 0 0 0 0 0 0 0 0 0 0 0 0 0 0 0 0 0 0]
[1944934022060726148720813884544704108792686841512805788846588096774109087008875272439743053250071947963825086251958240648618421075302761455130328821236063831343055767079458915011817226531038592870875181633337336859895 0 0 0 0 0 0 0 0 0 0 0 0 0 0 0 0 0 1 0 0 0 0 0 0 0 0 0 0 0 0 0 0 0 0 0 0 0 0 0 0 0 0 0 0 0 0 0 0 0 0 0 0 0 0 0 0 0 0 0 0 0 0 0 0 0 0 0 0 0 0 0]
[1226391596866062887001310375617612472481594725791499104432919725885203785097923035792138686488243438290040328694458887390259795364948260958168788297959866828665146459551760820808784759142783206422449345773679788184961 0 0 0 0 0 0 0 0 0 0 0 0 0 0 0 0 0 0 1 0 0 0 0 0 0 0 0 0 0 0 0 0 0 0 0 0 0 0 0 0 0 0 0 0 0 0 0 0 0 0 0 0 0 0 0 0 0 0 0 0 0 0 0 0 0 0 0 0 0 0 0]
[2770100184064454883133531627152057029498386460121854009822683898314425123253738681706859239102328082315825669393533749043581991527669702574659049379081342713432399868784054907757650971750198678206001474129710145846335 0 0 0 0 0 0 0 0 0 0 0 0 0 0 0 0 0 0 0 1 0 0 0 0 0 0 0 0 0 0 0 0 0 0 0 0 0 0 0 0 0 0 0 0 0 0 0 0 0 0 0 0 0 0 0 0 0 0 0 0 0 0 0 0 0 0 0 0 0 0 0]
[1599714628043280003376194727810247857307627353896430796033375653235711765194621547635145129842604525688618243021246502157112156891811419359683966819124414250759776215536504834745110703392392591827128957929246767128974 0 0 0 0 0 0 0 0 0 0 0 0 0 0 0 0 0 0 0 0 1 0 0 0 0 0 0 0 0 0 0 0 0 0 0 0 0 0 0 0 0 0 0 0 0 0 0 0 0 0 0 0 0 0 0 0 0 0 0 0 0 0 0 0 0 0 0 0 0 0 0]
[1896053354726950767460171926258174212992227521412562221363933391502260951725694889554488821849095717336893335680843930554739372564418579149212784317083625568149813215389798537790817499162302879866254742449831723507570 0 0 0 0 0 0 0 0 0 0 0 0 0 0 0 0 0 0 0 0 0 1 0 0 0 0 0 0 0 0 0 0 0 0 0 0 0 0 0 0 0 0 0 0 0 0 0 0 0 0 0 0 0 0 0 0 0 0 0 0 0 0 0 0 0 0 0 0 0 0 0]
[1765057989334558678673335446750505722640688363840203904613985905972104670965551825215449450077522900932532878582731929615289512788209325640303392201899571693060824449703376846378881363064992820222635133986318022677973 0 0 0 0 0 0 0 0 0 0 0 0 0 0 0 0 0 0 0 0 0 0 1 0 0 0 0 0 0 0 0 0 0 0 0 0 0 0 0 0 0 0 0 0 0 0 0 0 0 0 0 0 0 0 0 0 0 0 0 0 0 0 0 0 0 0 0 0 0 0 0]
[2907377341413903446834033928013828614024395007636777195609618863136748416977930967668142509072690672213737048775032166434873531201175420479302449902085168571014198263714655457678747816713017173030564869669635181205029 0 0 0 0 0 0 0 0 0 0 0 0 0 0 0 0 0 0 0 0 0 0 0 1 0 0 0 0 0 0 0 0 0 0 0 0 0 0 0 0 0 0 0 0 0 0 0 0 0 0 0 0 0 0 0 0 0 0 0 0 0 0 0 0 0 0 0 0 0 0 0]
[1422118547964689475343758755099022985321530806739786350514798018712255425592150741063391199765580532480487004902482316469097486933592871737567873579184502851140907748127886265763834485416931752107230827618819059458444 0 0 0 0 0 0 0 0 0 0 0 0 0 0 0 0 0 0 0 0 0 0 0 0 1 0 0 0 0 0 0 0 0 0 0 0 0 0 0 0 0 0 0 0 0 0 0 0 0 0 0 0 0 0 0 0 0 0 0 0 0 0 0 0 0 0 0 0 0 0 0]
[2148678905488435111675923084337849763645345908585243666347297019233209935398154373792383832276283574738426371329488247068639225611978484258820877363276386291035635500382430218475019281316942969181895728229398614598757 0 0 0 0 0 0 0 0 0 0 0 0 0 0 0 0 0 0 0 0 0 0 0 0 0 1 0 0 0 0 0 0 0 0 0 0 0 0 0 0 0 0 0 0 0 0 0 0 0 0 0 0 0 0 0 0 0 0 0 0 0 0 0 0 0 0 0 0 0 0 0]
[3125747630706908956384739856034877861349646575412224615426858386349411524929238552971498753025089440444390586516594321724921689911767761007564807574002577246401239772335623296659800729890648192087524197960399774579674 0 0 0 0 0 0 0 0 0 0 0 0 0 0 0 0 0 0 0 0 0 0 0 0 0 0 1 0 0 0 0 0 0 0 0 0 0 0 0 0 0 0 0 0 0 0 0 0 0 0 0 0 0 0 0 0 0 0 0 0 0 0 0 0 0 0 0 0 0 0 0]
[228651407340422964355166400565379686996061997977953080023045365394675578161894897089029323773120050799749960600046271837818770616599477477013917522476839007348386163966396989935521556438484115895960104246472864341952 0 0 0 0 0 0 0 0 0 0 0 0 0 0 0 0 0 0 0 0 0 0 0 0 0 0 0 1 0 0 0 0 0 0 0 0 0 0 0 0 0 0 0 0 0 0 0 0 0 0 0 0 0 0 0 0 0 0 0 0 0 0 0 0 0 0 0 0 0 0 0]
[762200371869481067674566773597194164308242859613421890263460126857641132057392567002371002718356090201675686380462089454761196332071064430970778674173251953046133447614249435437107742034348173499121857208288187211423 0 0 0 0 0 0 0 0 0 0 0 0 0 0 0 0 0 0 0 0 0 0 0 0 0 0 0 0 1 0 0 0 0 0 0 0 0 0 0 0 0 0 0 0 0 0 0 0 0 0 0 0 0 0 0 0 0 0 0 0 0 0 0 0 0 0 0 0 0 0 0]
[3161699388972416927429745343785014448152693011690968199501839122303832769949410500890525637286655840785739777160895326499705873063618221495330373251830292621213340824402369438251877420881930556936066152275321043300183 0 0 0 0 0 0 0 0 0 0 0 0 0 0 0 0 0 0 0 0 0 0 0 0 0 0 0 0 0 1 0 0 0 0 0 0 0 0 0 0 0 0 0 0 0 0 0 0 0 0 0 0 0 0 0 0 0 0 0 0 0 0 0 0 0 0 0 0 0 0 0]
[6306946970550359979356629556790527981147787985653767354604278703528954016990733648687736501908747871627847256124478569198078820748288006690427286872761319365521430244562673343422458227750713130961909475925885397066 0 0 0 0 0 0 0 0 0 0 0 0 0 0 0 0 0 0 0 0 0 0 0 0 0 0 0 0 0 0 1 0 0 0 0 0 0 0 0 0 0 0 0 0 0 0 0 0 0 0 0 0 0 0 0 0 0 0 0 0 0 0 0 0 0 0 0 0 0 0 0]
[1090700966489902543943415828870823364971353774987543651882094798697687504664856036121004694502356117644846920209234626770115135291870508732667010950258655254446359330808486098553195912400098581981211028617838976103597 0 0 0 0 0 0 0 0 0 0 0 0 0 0 0 0 0 0 0 0 0 0 0 0 0 0 0 0 0 0 0 1 0 0 0 0 0 0 0 0 0 0 0 0 0 0 0 0 0 0 0 0 0 0 0 0 0 0 0 0 0 0 0 0 0 0 0 0 0 0 0]
[1674553151014950968731650686198503759548463321032295579851796365161745236641928453954116408795691936960562539453594432400899123107369351220896582054549611066032441547471414022633233420789591517666851415563580734410269 0 0 0 0 0 0 0 0 0 0 0 0 0 0 0 0 0 0 0 0 0 0 0 0 0 0 0 0 0 0 0 0 1 0 0 0 0 0 0 0 0 0 0 0 0 0 0 0 0 0 0 0 0 0 0 0 0 0 0 0 0 0 0 0 0 0 0 0 0 0 0]
[1188577692080457998958259679817894738498824829394067276885272298227919934271358570218028670743578642600223569001766571990177376114155628620649811253656533294772165407219081094566839483111043720889202456861038807690853 0 0 0 0 0 0 0 0 0 0 0 0 0 0 0 0 0 0 0 0 0 0 0 0 0 0 0 0 0 0 0 0 0 1 0 0 0 0 0 0 0 0 0 0 0 0 0 0 0 0 0 0 0 0 0 0 0 0 0 0 0 0 0 0 0 0 0 0 0 0 0]
[674540387701601305745227489912853964199119816719090836159094463753034157956429491902081281467037691116854465127007413584197760596373818350164835761132175790986575069718955926825357935500194793084953223253136716611388 0 0 0 0 0 0 0 0 0 0 0 0 0 0 0 0 0 0 0 0 0 0 0 0 0 0 0 0 0 0 0 0 0 0 1 0 0 0 0 0 0 0 0 0 0 0 0 0 0 0 0 0 0 0 0 0 0 0 0 0 0 0 0 0 0 0 0 0 0 0 0]
[2251414306348843873074342517693347156545527351675748525650218413550153940008315651136840313110132462241601711057448768286443612853321456524555021687078161897250038041288477674056951427769535009706810793220191924058090 0 0 0 0 0 0 0 0 0 0 0 0 0 0 0 0 0 0 0 0 0 0 0 0 0 0 0 0 0 0 0 0 0 0 0 1 0 0 0 0 0 0 0 0 0 0 0 0 0 0 0 0 0 0 0 0 0 0 0 0 0 0 0 0 0 0 0 0 0 0 0]
[2607953285613307376638118432407283797453015521104645607248464231497680221739999052979805013386128707367073019442286154088130543379805987121980739979641161585191858739150951881796518220930342190558350406611316069790209 0 0 0 0 0 0 0 0 0 0 0 0 0 0 0 0 0 0 0 0 0 0 0 0 0 0 0 0 0 0 0 0 0 0 0 0 1 0 0 0 0 0 0 0 0 0 0 0 0 0 0 0 0 0 0 0 0 0 0 0 0 0 0 0 0 0 0 0 0 0 0]
[1753275133663408114253598055772960567435595864401146831957092128716443574962219709365195015630135190147807839983870970418558099508518434672983490073329438531029415115294195848293402479235035713678319824569777318106752 0 0 0 0 0 0 0 0 0 0 0 0 0 0 0 0 0 0 0 0 0 0 0 0 0 0 0 0 0 0 0 0 0 0 0 0 0 1 0 0 0 0 0 0 0 0 0 0 0 0 0 0 0 0 0 0 0 0 0 0 0 0 0 0 0 0 0 0 0 0 0]
[1901370521167938108920208272910580010742002364825985590549901036311078504285559373797283720213214446768009598703410878670523735503558225022916940970999567537782845134803475693614983489248033723156493983062877477136018 0 0 0 0 0 0 0 0 0 0 0 0 0 0 0 0 0 0 0 0 0 0 0 0 0 0 0 0 0 0 0 0 0 0 0 0 0 0 1 0 0 0 0 0 0 0 0 0 0 0 0 0 0 0 0 0 0 0 0 0 0 0 0 0 0 0 0 0 0 0 0]
[1731610347054622307916580462326755357515934762011788392407806666635676244399306557794245374031670389886448878065838472382988984990013752010916117717463562610218508778491299444452327355030619248118335572813451289624630 0 0 0 0 0 0 0 0 0 0 0 0 0 0 0 0 0 0 0 0 0 0 0 0 0 0 0 0 0 0 0 0 0 0 0 0 0 0 0 1 0 0 0 0 0 0 0 0 0 0 0 0 0 0 0 0 0 0 0 0 0 0 0 0 0 0 0 0 0 0 0]
[2635352739115089397918895825896188213940234763997848889462447881586063000798929727124919245124715622973314314991661555752181451038051377241135932511620297198214813516883138198552374731688525806908860983976221217113833 0 0 0 0 0 0 0 0 0 0 0 0 0 0 0 0 0 0 0 0 0 0 0 0 0 0 0 0 0 0 0 0 0 0 0 0 0 0 0 0 1 0 0 0 0 0 0 0 0 0 0 0 0 0 0 0 0 0 0 0 0 0 0 0 0 0 0 0 0 0 0]
[756906478735846043028063000951666096424472424398018149437574937422396045415275864933051166276026108257330694678647923349749407763424571915915865976600078363222325756426690451162999012826361344185368317969600581910692 0 0 0 0 0 0 0 0 0 0 0 0 0 0 0 0 0 0 0 0 0 0 0 0 0 0 0 0 0 0 0 0 0 0 0 0 0 0 0 0 0 1 0 0 0 0 0 0 0 0 0 0 0 0 0 0 0 0 0 0 0 0 0 0 0 0 0 0 0 0 0]
[1382685497089671137662650970863072847039641892135136074758123501182722377956654179114043216686758981946645031407610677871531147055796378241766887458151364911541883075979929607189233985651911108011070998024354381003867 0 0 0 0 0 0 0 0 0 0 0 0 0 0 0 0 0 0 0 0 0 0 0 0 0 0 0 0 0 0 0 0 0 0 0 0 0 0 0 0 0 0 1 0 0 0 0 0 0 0 0 0 0 0 0 0 0 0 0 0 0 0 0 0 0 0 0 0 0 0 0]
[414310641733897779107626485787865871958215030545746806440963284162631374073160960965984052138714685028249470387278651490630231897885910294286763158764468396526130495659652199363410503188335505188644555634678675070007 0 0 0 0 0 0 0 0 0 0 0 0 0 0 0 0 0 0 0 0 0 0 0 0 0 0 0 0 0 0 0 0 0 0 0 0 0 0 0 0 0 0 0 1 0 0 0 0 0 0 0 0 0 0 0 0 0 0 0 0 0 0 0 0 0 0 0 0 0 0 0]
[2816442361369113245735913870385904895279913598777947449740887645479090305043139249676447536021395067954246890423971618641675051227341445251980016158252020584991728685392674655980743497587023732380104768054012618175875 0 0 0 0 0 0 0 0 0 0 0 0 0 0 0 0 0 0 0 0 0 0 0 0 0 0 0 0 0 0 0 0 0 0 0 0 0 0 0 0 0 0 0 0 1 0 0 0 0 0 0 0 0 0 0 0 0 0 0 0 0 0 0 0 0 0 0 0 0 0 0]
[57499596016831992515780621563316209478484992715526681552970788770584754980967027504864064854164617606512951840399699898521796544972550712319361210125736153466072864369266152154778900772216040509773020156726499145151 0 0 0 0 0 0 0 0 0 0 0 0 0 0 0 0 0 0 0 0 0 0 0 0 0 0 0 0 0 0 0 0 0 0 0 0 0 0 0 0 0 0 0 0 0 1 0 0 0 0 0 0 0 0 0 0 0 0 0 0 0 0 0 0 0 0 0 0 0 0 0]
[1886365383204054859713759851763454509121202767668812580038135344522089008418180163266740475464438518097220150280583385198255222252680054643353383384991205945565591939232932829549411423358225779579603279888012896792959 0 0 0 0 0 0 0 0 0 0 0 0 0 0 0 0 0 0 0 0 0 0 0 0 0 0 0 0 0 0 0 0 0 0 0 0 0 0 0 0 0 0 0 0 0 0 1 0 0 0 0 0 0 0 0 0 0 0 0 0 0 0 0 0 0 0 0 0 0 0 0]
[2398638795894647558861522023517695184418831790352518237551251080692546413875247552215457702175268792431083233118025356592613629982811168579847455921890830199533155769896702080747093703517862160811204174495726243373578 0 0 0 0 0 0 0 0 0 0 0 0 0 0 0 0 0 0 0 0 0 0 0 0 0 0 0 0 0 0 0 0 0 0 0 0 0 0 0 0 0 0 0 0 0 0 0 1 0 0 0 0 0 0 0 0 0 0 0 0 0 0 0 0 0 0 0 0 0 0 0]
[1809296439236462529494486502878543989806701673139674728756350384668909033019662430613390019771511123686343354417535506056457305002837035568818166642442597623982771864419763325738700762472825023745010504700979136334046 0 0 0 0 0 0 0 0 0 0 0 0 0 0 0 0 0 0 0 0 0 0 0 0 0 0 0 0 0 0 0 0 0 0 0 0 0 0 0 0 0 0 0 0 0 0 0 0 1 0 0 0 0 0 0 0 0 0 0 0 0 0 0 0 0 0 0 0 0 0 0]
[328739277211694760328204722795791380835422707908329920758303966379685451427337655214392236526089925759810814735588563380339582276758555165858867322233054296341074566070401021485188998584601753902381035962893771407310 0 0 0 0 0 0 0 0 0 0 0 0 0 0 0 0 0 0 0 0 0 0 0 0 0 0 0 0 0 0 0 0 0 0 0 0 0 0 0 0 0 0 0 0 0 0 0 0 0 1 0 0 0 0 0 0 0 0 0 0 0 0 0 0 0 0 0 0 0 0 0]
[1334784639726306913621219755757378698238102949622041640103006665244119335670783011903565498564402646106826721772639193291615916499994351914602627234792123323427548821786207825841741482597209130216067686321679855384130 0 0 0 0 0 0 0 0 0 0 0 0 0 0 0 0 0 0 0 0 0 0 0 0 0 0 0 0 0 0 0 0 0 0 0 0 0 0 0 0 0 0 0 0 0 0 0 0 0 0 1 0 0 0 0 0 0 0 0 0 0 0 0 0 0 0 0 0 0 0 0]
[2938708200452563375266449152586227301010791245412988776897690390952888611683462363769522746363339567163151396618445384108513912910526781902334594120871068463867577652462608686414579954808433187306176944856107481196262 0 0 0 0 0 0 0 0 0 0 0 0 0 0 0 0 0 0 0 0 0 0 0 0 0 0 0 0 0 0 0 0 0 0 0 0 0 0 0 0 0 0 0 0 0 0 0 0 0 0 0 1 0 0 0 0 0 0 0 0 0 0 0 0 0 0 0 0 0 0 0]
[228934443025892376198744941712073941552809207671338285848550670018678647008401691646282182821623542698662783109178412597717288408322532645405775293670514943247112039121615959097100550357138945888083738002064683006658 0 0 0 0 0 0 0 0 0 0 0 0 0 0 0 0 0 0 0 0 0 0 0 0 0 0 0 0 0 0 0 0 0 0 0 0 0 0 0 0 0 0 0 0 0 0 0 0 0 0 0 0 1 0 0 0 0 0 0 0 0 0 0 0 0 0 0 0 0 0 0]
[477060183155417665965760984280777355107426389055790321618893866520960864257634519211202331801079375980506726729137748237117552996260497650404926952665526515527924465063879798660691338667957119064734070988303966229262 0 0 0 0 0 0 0 0 0 0 0 0 0 0 0 0 0 0 0 0 0 0 0 0 0 0 0 0 0 0 0 0 0 0 0 0 0 0 0 0 0 0 0 0 0 0 0 0 0 0 0 0 0 1 0 0 0 0 0 0 0 0 0 0 0 0 0 0 0 0 0]
[3117913029492152040577442502691389059357035027790704943700415222355055442900637057356637427301168800139172227065848039317905480019977296204758723136098381064718406581423209724335219238701207212007047432153151027676774 0 0 0 0 0 0 0 0 0 0 0 0 0 0 0 0 0 0 0 0 0 0 0 0 0 0 0 0 0 0 0 0 0 0 0 0 0 0 0 0 0 0 0 0 0 0 0 0 0 0 0 0 0 0 1 0 0 0 0 0 0 0 0 0 0 0 0 0 0 0 0]
[243269425899314914946663968178867480286226597515599554336526751027191506949149098033364200835586762126893401262558698869521174793465223153659311495068381324592789054571241029373244212847967693588463453464289721802074 0 0 0 0 0 0 0 0 0 0 0 0 0 0 0 0 0 0 0 0 0 0 0 0 0 0 0 0 0 0 0 0 0 0 0 0 0 0 0 0 0 0 0 0 0 0 0 0 0 0 0 0 0 0 0 1 0 0 0 0 0 0 0 0 0 0 0 0 0 0 0]
[180672722850351790841558525279344943037388221859679727378457165524424518436093955244805945386549468420116546723447699965803022208338093265727908334374519788483366334650890593734404509069159801129508259090482594237619 0 0 0 0 0 0 0 0 0 0 0 0 0 0 0 0 0 0 0 0 0 0 0 0 0 0 0 0 0 0 0 0 0 0 0 0 0 0 0 0 0 0 0 0 0 0 0 0 0 0 0 0 0 0 0 0 1 0 0 0 0 0 0 0 0 0 0 0 0 0 0]
[2193875267395856687109457794739475105829670460410394543748167065145652792252524240238662743953521289955142709842970194795717584350722568318536899680778239307958768340734344130363792822459219741448460176541360733724697 0 0 0 0 0 0 0 0 0 0 0 0 0 0 0 0 0 0 0 0 0 0 0 0 0 0 0 0 0 0 0 0 0 0 0 0 0 0 0 0 0 0 0 0 0 0 0 0 0 0 0 0 0 0 0 0 0 1 0 0 0 0 0 0 0 0 0 0 0 0 0]
[679459719748806354811169685754254983678606977932211839949092585795243543882228084786259269682676643276476054925630245713934553418921457640471866080586048144860216632419292746956565562890722576379381348107789298674302 0 0 0 0 0 0 0 0 0 0 0 0 0 0 0 0 0 0 0 0 0 0 0 0 0 0 0 0 0 0 0 0 0 0 0 0 0 0 0 0 0 0 0 0 0 0 0 0 0 0 0 0 0 0 0 0 0 0 1 0 0 0 0 0 0 0 0 0 0 0 0]
[629959206376052897590590320159462788060276192905488314433271726004911968300337663464081416903393110963747287993104565474119294038224355573248719431184167220022113972548109471921899806156284023276588500794554757217132 0 0 0 0 0 0 0 0 0 0 0 0 0 0 0 0 0 0 0 0 0 0 0 0 0 0 0 0 0 0 0 0 0 0 0 0 0 0 0 0 0 0 0 0 0 0 0 0 0 0 0 0 0 0 0 0 0 0 0 1 0 0 0 0 0 0 0 0 0 0 0]
[2448453441309372434189953098579961534980702136560091425134578163966109168129984375637680380212036569534831755656411068201321941135969607227462913368377888096836520455070858915315343206720630349263462408679530409576728 0 0 0 0 0 0 0 0 0 0 0 0 0 0 0 0 0 0 0 0 0 0 0 0 0 0 0 0 0 0 0 0 0 0 0 0 0 0 0 0 0 0 0 0 0 0 0 0 0 0 0 0 0 0 0 0 0 0 0 0 1 0 0 0 0 0 0 0 0 0 0]
[1383357200344874437062132040549988885735805119273778889888906434088588744004475958033090752878686226433892561847284538845490429667898294133925506758856685008794573761986817462986302335337893599788001476880534365898030 0 0 0 0 0 0 0 0 0 0 0 0 0 0 0 0 0 0 0 0 0 0 0 0 0 0 0 0 0 0 0 0 0 0 0 0 0 0 0 0 0 0 0 0 0 0 0 0 0 0 0 0 0 0 0 0 0 0 0 0 0 1 0 0 0 0 0 0 0 0 0]
[2110285661011363603195200815335814075585512417300460412636934289686950859347279161508429777163927721159972979466018598321734483403698290554943679190103770574850668511535887158883586285031946889129093203275554704059362 0 0 0 0 0 0 0 0 0 0 0 0 0 0 0 0 0 0 0 0 0 0 0 0 0 0 0 0 0 0 0 0 0 0 0 0 0 0 0 0 0 0 0 0 0 0 0 0 0 0 0 0 0 0 0 0 0 0 0 0 0 0 1 0 0 0 0 0 0 0 0]
[2883952730226775506710145259320160671337396311884977451313560934458105681006645527244532820987683064454881985101226056178631703801618662913496664637702161231514812699105475927124178402875212786649128901544920769497295 0 0 0 0 0 0 0 0 0 0 0 0 0 0 0 0 0 0 0 0 0 0 0 0 0 0 0 0 0 0 0 0 0 0 0 0 0 0 0 0 0 0 0 0 0 0 0 0 0 0 0 0 0 0 0 0 0 0 0 0 0 0 0 1 0 0 0 0 0 0 0]
[1440479598437636737845457267368116821037224382244732301441173662103841638397488161901992168828843675538899105069301390970488278321756834137390728806578055572931201752805385998368400654517338990514479877572847947591194 0 0 0 0 0 0 0 0 0 0 0 0 0 0 0 0 0 0 0 0 0 0 0 0 0 0 0 0 0 0 0 0 0 0 0 0 0 0 0 0 0 0 0 0 0 0 0 0 0 0 0 0 0 0 0 0 0 0 0 0 0 0 0 0 1 0 0 0 0 0 0]
[2656574935869175825819741809889210505794350060306593973223701640751633571123416808984976373617690319090874896858814059534711355497131944383916294920103547928987571919331253012613352235562087325429246821503782799162163 0 0 0 0 0 0 0 0 0 0 0 0 0 0 0 0 0 0 0 0 0 0 0 0 0 0 0 0 0 0 0 0 0 0 0 0 0 0 0 0 0 0 0 0 0 0 0 0 0 0 0 0 0 0 0 0 0 0 0 0 0 0 0 0 0 1 0 0 0 0 0]
[2470594597139715555249770845187808912739198725758429003457401260770469043503295120271878343881923307497716369049234701067202212333729898614176248086051549330410119322949618724781533303764500192493038465690665191631637 0 0 0 0 0 0 0 0 0 0 0 0 0 0 0 0 0 0 0 0 0 0 0 0 0 0 0 0 0 0 0 0 0 0 0 0 0 0 0 0 0 0 0 0 0 0 0 0 0 0 0 0 0 0 0 0 0 0 0 0 0 0 0 0 0 0 1 0 0 0 0]
[3005242196161748558460804947468183768576383417323848835061021597489651433970129193229922956500259154936552107782103310799317217462314388910668321232111760135393447287750509776437312001074184401051315437355006156398947 0 0 0 0 0 0 0 0 0 0 0 0 0 0 0 0 0 0 0 0 0 0 0 0 0 0 0 0 0 0 0 0 0 0 0 0 0 0 0 0 0 0 0 0 0 0 0 0 0 0 0 0 0 0 0 0 0 0 0 0 0 0 0 0 0 0 0 1 0 0 0]
[167247709903472343400270812187627973080112333021897866719529913267260753663469691350675858957680758579829588027130402732481795235079754548627338631889897265959443275182125310405658865539943254824302693652584571009276 0 0 0 0 0 0 0 0 0 0 0 0 0 0 0 0 0 0 0 0 0 0 0 0 0 0 0 0 0 0 0 0 0 0 0 0 0 0 0 0 0 0 0 0 0 0 0 0 0 0 0 0 0 0 0 0 0 0 0 0 0 0 0 0 0 0 0 0 1 0 0]
[916911897964455642668404102242351552597532972439237795018235742362948195390109681125209727650305696011532198098564102747747368923830842998368180516203875440620260618803098950744819052762464578923393195982421737542630 0 0 0 0 0 0 0 0 0 0 0 0 0 0 0 0 0 0 0 0 0 0 0 0 0 0 0 0 0 0 0 0 0 0 0 0 0 0 0 0 0 0 0 0 0 0 0 0 0 0 0 0 0 0 0 0 0 0 0 0 0 0 0 0 0 0 0 0 0 1 0]
[170666602887756178122409701050677754334281842716738135271710250242001977710041484619238903485496191235737659144062825276144903689801441650877118051124270673143289207031471836723312078292553206162708151430925159772547 0 0 0 0 0 0 0 0 0 0 0 0 0 0 0 0 0 0 0 0 0 0 0 0 0 0 0 0 0 0 0 0 0 0 0 0 0 0 0 0 0 0 0 0 0 0 0 0 0 0 0 0 0 0 0 0 0 0 0 0 0 0 0 0 0 0 0 0 0 0 1]
]
72 73 9
[1 1 1 1 1 1 1 1 1 1 1 1 1 1 1 1 1 1 1 1 1 1 1 1 1 1 1 1 1 1 1 1 1 1 1 1 1 1 1 1 1 1 1 1 1 1 1 1 1 1 1 1 1 1 1 1 1 1 1 1 1 1 1 1 1 1 1 1 1 1 1 1 1]
