[[3420208637884556920778466911807800593481697272082514310157956229883993939156105061063324152888633672777008580016944743743235764675558233115025244958324057756345316791837661498010942626327207712520282048250792644400059 0 0 0 0 0 0 0 0 0 0 0 0 0 0 0 0 0 0 0 0 0 0 0 0 0 0 0 0 0 0 0 0 0 0 0 0 0 0 0 0 0 0 0 0 0 0 0 0 0 0 0 0 0 0 0 0 0 0 0 0 0 0 0 0 0 0 0 0 0 0 0]
[1785195683820824769963848363884575599912924943486156798030263055106142680021577156598863485114697608627662049158208637435230554737483861837080337302736646942497682226901915365535380860467405617131671792480008603401671 1 0 0 0 0 0 0 0 0 0 0 0 0 0 0 0 0 0 0 0 0 0 0 0 0 0 0 0 0 0 0 0 0 0 0 0 0 0 0 0 0 0 0 0 0 0 0 0 0 0 0 0 0 0 0 0 0 0 0 0 0 0 0 0 0 0 0 0 0 0 0]
[1454113226287942472444523676092813535308043576797905410264388046962427960267848576762229468925868885433555369474742332037333890984204770274664088386849949736930082838108357144929949930940210499811702832063064907107485 0 1 0 0 0 0 0 0 0 0 0 0 0 0 0 0 0 0 0 0 0 0 0 0 0 0 0 0 0 0 0 0 0 0 0 0 0 0 0 0 0 0 0 0 0 0 0 0 0 0 0 0 0 0 0 0 0 0 0 0 0 0 0 0 0 0 0 0 0 0 0]
[3188307323563140088400186349743055662349305264723037230513713733781809783499742414204847755769532497424960972668092927272115021389353749367683671361159639166005457676281518679848405642669479650520500468608201776798753 0 0 1 0 0 0 0 0 0 0 0 0 0 0 0 0 0 0 0 0 0 0 0 0 0 0 0 0 0 0 0 0 0 0 0 0 0 0 0 0 0 0 0 0 0 0 0 0 0 0 0 0 0 0 0 0 0 0 0 0 0 0 0 0 0 0 0 0 0 0 0]
[295193295885173671169830553463486788959055239990626697904313044617890719385113381302516008720701321102797437087138185989199979029743803073401824762705768345286155982413897519356253784039354546251613934441583676689735 0 0 0 1 0 0 0 0 0 0 0 0 0 0 0 0 0 0 0 0 0 0 0 0 0 0 0 0 0 0 0 0 0 0 0 0 0 0 0 0 0 0 0 0 0 0 0 0 0 0 0 0 0 0 0 0 0 0 0 0 0 0 0 0 0 0 0 0 0 0 0]
[2820681598965541680656441757018831749293624803982040305626390856251863367961321455430912280284715321709419252148000337150123743420287692628442219022170726642656681315045774873549752908077692046397359386124379292665227 0 0 0 0 1 0 0 0 0 0 0 0 0 0 0 0 0 0 0 0 0 0 0 0 0 0 0 0 0 0 0 0 0 0 0 0 0 0 0 0 0 0 0 0 0 0 0 0 0 0 0 0 0 0 0 0 0 0 0 0 0 0 0 0 0 0 0 0 0 0 0]
[3041216143129632847892528188637540548987908091741133433866981953432900205303174917179658459737371534867646180904822794866065411143456311668214347533310311043637435090220229330759370284642442475002381813034739666433218 0 0 0 0 0 1 0 0 0 0 0 0 0 0 0 0 0 0 0 0 0 0 0 0 0 0 0 0 0 0 0 0 0 0 0 0 0 0 0 0 0 0 0 0 0 0 0 0 0 0 0 0 0 0 0 0 0 0 0 0 0 0 0 0 0 0 0 0 0 0 0]
[1665461455935685158845939212094847534626696600149334491916278501539233344754830233472852392047505118694038694410988601116922462420595991384302694235990900238659738300321232780550628785153411338086067571827007901859674 0 0 0 0 0 0 1 0 0 0 0 0 0 0 0 0 0 0 0 0 0 0 0 0 0 0 0 0 0 0 0 0 0 0 0 0 0 0 0 0 0 0 0 0 0 0 0 0 0 0 0 0 0 0 0 0 0 0 0 0 0 0 0 0 0 0 0 0 0 0 0]
[2952479911955266966502201209015584809836603466367586366618622752385978134319409264617715486805429559442366950677929123260818498435468635930910480687186884163295093042422313330703324003163372442006270612933217024937129 0 0 0 0 0 0 0 1 0 0 0 0 0 0 0 0 0 0 0 0 0 0 0 0 0 0 0 0 0 0 0 0 0 0 0 0 0 0 0 0 0 0 0 0 0 0 0 0 0 0 0 0 0 0 0 0 0 0 0 0 0 0 0 0 0 0 0 0 0 0 0]
[3065296155124677481893348206545984483262708779015226020358401070545529905015032297031360190198281628289766288302496965003265391910670196541886728438805178862813584819435793836602623325278500312198575553815614074149753 0 0 0 0 0 0 0 0 1 0 0 0 0 0 0 0 0 0 0 0 0 0 0 0 0 0 0 0 0 0 0 0 0 0 0 0 0 0 0 0 0 0 0 0 0 0 0 0 0 0 0 0 0 0 0 0 0 0 0 0 0 0 0 0 0 0 0 0 0 0 0]
[3162890039623420122034159533313078119903389664832621642654248875664147076038125122219564747419854894371829590609972014298171103342977890066879334423515782567572914223782984279701287009005503412204661617313393443015775 0 0 0 0 0 0 0 0 0 1 0 0 0 0 0 0 0 0 0 0 0 0 0 0 0 0 0 0 0 0 0 0 0 0 0 0 0 0 0 0 0 0 0 0 0 0 0 0 0 0 0 0 0 0 0 0 0 0 0 0 0 0 0 0 0 0 0 0 0 0 0]
[999411689163650650121606419173836113716747993775966299999721186859143073279441015845502815713719818076894105157594213042629889522960036971006057356213758597625703365884575311485823917236936944326470285022489157147378 0 0 0 0 0 0 0 0 0 0 1 0 0 0 0 0 0 0 0 0 0 0 0 0 0 0 0 0 0 0 0 0 0 0 0 0 0 0 0 0 0 0 0 0 0 0 0 0 0 0 0 0 0 0 0 0 0 0 0 0 0 0 0 0 0 0 0 0 0 0 0]
[2154543986301721709279438978404196028509502100919533029530629843511934241303614960552859023069154979090983360045919823672126959039055155086348446478722961019544286294828629546801399059632238822069665314480696515437324 0 0 0 0 0 0 0 0 0 0 0 1 0 0 0 0 0 0 0 0 0 0 0 0 0 0 0 0 0 0 0 0 0 0 0 0 0 0 0 0 0 0 0 0 0 0 0 0 0 0 0 0 0 0 0 0 0 0 0 0 0 0 0 0 0 0 0 0 0 0 0]
[1802675464107145283408868671263216305234321432572470542222782874351496756472134812216603407904451723292213934425084201193957750203674951608416286525175795824633341062205289114053777955580074217067137552542804802238296 0 0 0 0 0 0 0 0 0 0 0 0 1 0 0 0 0 0 0 0 0 0 0 0 0 0 0 0 0 0 0 0 0 0 0 0 0 0 0 0 0 0 0 0 0 0 0 0 0 0 0 0 0 0 0 0 0 0 0 0 0 0 0 0 0 0 0 0 0 0 0]
[1149885345028668971072959693704217158608468919121206224681236594728431634011427092843962325526489016481376747808757463031667461975040110172344498925013467612985902420348382986873319571800266322786754299291461875006573 0 0 0 0 0 0 0 0 0 0 0 0 0 1 0 0 0 0 0 0 0 0 0 0 0 0 0 0 0 0 0 0 0 0 0 0 0 0 0 0 0 0 0 0 0 0 0 0 0 0 0 0 0 0 0 0 0 0 0 0 0 0 0 0 0 0 0 0 0 0 0]
[2536834574843867058449302950146914640480308301712327336894398290473894088576918806327563404843173960104480816595447105724957531450118775117382921645426011025643860071994577266413392711641764355006385442408250367817675 0 0 0 0 0 0 0 0 0 0 0 0 0 0 1 0 0 0 0 0 0 0 0 0 0 0 0 0 0 0 0 0 0 0 0 0 0 0 0 0 0 0 0 0 0 0 0 0 0 0 0 0 0 0 0 0 0 0 0 0 0 0 0 0 0 0 0 0 0 0 0]
[62200427058358725050792732545768330924397229118932415589855634396087726477938689631487199967151163828885806798677137791669648484396418938702576405055377184750711662555482941714819414231256254144883317046084295718935 0 0 0 0 0 0 0 0 0 0 0 0 0 0 0 1 0 0 0 0 0 0 0 0 0 0 0 0 0 0 0 0 0 0 0 0 0 0 0 0 0 0 0 0 0 0 0 0 0 0 0 0 0 0 0 0 0 0 0 0 0 0 0 0 0 0 0 0 0 0 0]
[2626408204995914016935093412432221355522931992358501976244445249794299850957492855776388274755638466152005930892765693379935556907039229608438252776999449529900901417208850327603025762339813660540374779617349133866977 0 0 0 0 0 0 0 0 0 0 0 0 0 0 0 0 1 0 0 0 0 0 0 0 0 0 0 0 0 0 0 0 0 0 0 0 0 0 0 0 0 0 0 0 0 0 0 0 0 0 0 0 0 0 0 0 0 0 0 0 0 0 0 0 0 0 0 0 0 0 0]
[3091380395362187491483936822055883693455543628215325232961840836153147550732008111353836461335673317371375208153943143565095857513491423049657493980780061416698875005723618392480050469264288560312792004752426837395064 0 0 0 0 0 0 0 0 0 0 0 0 0 0 0 0 0 1 0 0 0 0 0 0 0 0 0 0 0 0 0 0 0 0 0 0 0 0 0 0 0 0 0 0 0 0 0 0 0 0 0 0 0 0 0 0 0 0 0 0 0 0 0 0 0 0 0 0 0 0 0]
[1157815239222699308279229653148305799497941167025537795670018874123621434436991208025477578656055642978580874650248415064312620369138763120173196553199353257706617419783486462763653478542414545020352791913002480844054 0 0 0 0 0 0 0 0 0 0 0 0 0 0 0 0 0 0 1 0 0 0 0 0 0 0 0 0 0 0 0 0 0 0 0 0 0 0 0 0 0 0 0 0 0 0 0 0 0 0 0 0 0 0 0 0 0 0 0 0 0 0 0 0 0 0 0 0 0 0 0]
[2507729046354436063398490472295511039038437502397684133292349246538435564455369661188650747014604052953954122691803966202817523492997885310133455791087281079764089367757488897212941280815913430890224275201827535120380 0 0 0 0 0 0 0 0 0 0 0 0 0 0 0 0 0 0 0 1 0 0 0 0 0 0 0 0 0 0 0 0 0 0 0 0 0 0 0 0 0 0 0 0 0 0 0 0 0 0 0 0 0 0 0 0 0 0 0 0 0 0 0 0 0 0 0 0 0 0 0]
[341251752235788100541866392401676436885914380248722247680040903070823646430859310197416234992560714836302497192870957925057616064103655257879037633895217514577738635543417269023077725253267142610789598077096338518587 0 0 0 0 0 0 0 0 0 0 0 0 0 0 0 0 0 0 0 0 1 0 0 0 0 0 0 0 0 0 0 0 0 0 0 0 0 0 0 0 0 0 0 0 0 0 0 0 0 0 0 0 0 0 0 0 0 0 0 0 0 0 0 0 0 0 0 0 0 0 0]
[1814164880316624894886152464647853144289041770215589725166285145433060147540880199772370285483044665223366504615254720056188268227763225494043633369463143234248482944190454332172833638159471700005012933465303055873143 0 0 0 0 0 0 0 0 0 0 0 0 0 0 0 0 0 0 0 0 0 1 0 0 0 0 0 0 0 0 0 0 0 0 0 0 0 0 0 0 0 0 0 0 0 0 0 0 0 0 0 0 0 0 0 0 0 0 0 0 0 0 0 0 0 0 0 0 0 0 0]
[496886527970078495384152544393425309637691994745809018351502372827219980390767366720450136955767450726945452945361226322104743527318946342552337504687614460529783636606171484947022321324279916768409129258440884840059 0 0 0 0 0 0 0 0 0 0 0 0 0 0 0 0 0 0 0 0 0 0 1 0 0 0 0 0 0 0 0 0 0 0 0 0 0 0 0 0 0 0 0 0 0 0 0 0 0 0 0 0 0 0 0 0 0 0 0 0 0 0 0 0 0 0 0 0 0 0 0]
[1580991391014270754599406480369733646935383755407714506485263668576146623854052738793794954373903754841474190418470927212131709555902644594192670941443325658753869358158243491974076002574342779122867812340537279935623 0 0 0 0 0 0 0 0 0 0 0 0 0 0 0 0 0 0 0 0 0 0 0 1 0 0 0 0 0 0 0 0 0 0 0 0 0 0 0 0 0 0 0 0 0 0 0 0 0 0 0 0 0 0 0 0 0 0 0 0 0 0 0 0 0 0 0 0 0 0 0]
[1728031575240064427948645491886996919583369021195543006403835221497060641572461723721986669681334367342424748415840299275439680113622759537575615569041074525956647088717849901715293018821794028740062634065073031258051 0 0 0 0 0 0 0 0 0 0 0 0 0 0 0 0 0 0 0 0 0 0 0 0 1 0 0 0 0 0 0 0 0 0 0 0 0 0 0 0 0 0 0 0 0 0 0 0 0 0 0 0 0 0 0 0 0 0 0 0 0 0 0 0 0 0 0 0 0 0 0]
[993989917963889006668061445349309001745921432291206335756295416261878473798168813064373134135139685918947986759722726225645290915337031978333717343113151534903877137016683173536336961959117577941571330501771385865312 0 0 0 0 0 0 0 0 0 0 0 0 0 0 0 0 0 0 0 0 0 0 0 0 0 1 0 0 0 0 0 0 0 0 0 0 0 0 0 0 0 0 0 0 0 0 0 0 0 0 0 0 0 0 0 0 0 0 0 0 0 0 0 0 0 0 0 0 0 0 0]
[1015012309771849374576089101576949833985073672202290952135586104210474505771782305955919763238859654783759348419931912553512036305594625926708023272612728579175243794443618110534999144440238786555391440847996285591568 0 0 0 0 0 0 0 0 0 0 0 0 0 0 0 0 0 0 0 0 0 0 0 0 0 0 1 0 0 0 0 0 0 0 0 0 0 0 0 0 0 0 0 0 0 0 0 0 0 0 0 0 0 0 0 0 0 0 0 0 0 0 0 0 0 0 0 0 0 0 0]
[3420178854163843869242214507738714909433718613623336479226228127351811104940431820604924367236274843454818616618509190310862849203989342671206318939889947744428740828026610825126379879883330169905434960272190728544734 0 0 0 0 0 0 0 0 0 0 0 0 0 0 0 0 0 0 0 0 0 0 0 0 0 0 0 1 0 0 0 0 0 0 0 0 0 0 0 0 0 0 0 0 0 0 0 0 0 0 0 0 0 0 0 0 0 0 0 0 0 0 0 0 0 0 0 0 0 0 0]
[2050259085569242227489729009878275480093187492511544248131422878150033528236167126439951350966109032453287793333300164933956367367592022763192026876547757634817596604912579259533705761743409431492059542294646412920213 0 0 0 0 0 0 0 0 0 0 0 0 0 0 0 0 0 0 0 0 0 0 0 0 0 0 0 0 1 0 0 0 0 0 0 0 0 0 0 0 0 0 0 0 0 0 0 0 0 0 0 0 0 0 0 0 0 0 0 0 0 0 0 0 0 0 0 0 0 0 0]
[1816245761894235339430495572499347013470445024939816502640603181288146712968406369407503563007513609387107793869414800681561473419694811192069622070228060185198062747055681179942378175246471677686211971362408846969190 0 0 0 0 0 0 0 0 0 0 0 0 0 0 0 0 0 0 0 0 0 0 0 0 0 0 0 0 0 1 0 0 0 0 0 0 0 0 0 0 0 0 0 0 0 0 0 0 0 0 0 0 0 0 0 0 0 0 0 0 0 0 0 0 0 0 0 0 0 0 0]
[1087146177346063323254972629808136923116573549927932643894670267661200280222713478275744009298928927382656556140043330015315687565606567903076981822546709558120704829900808696756525287388072269269283833520731892971673 0 0 0 0 0 0 0 0 0 0 0 0 0 0 0 0 0 0 0 0 0 0 0 0 0 0 0 0 0 0 1 0 0 0 0 0 0 0 0 0 0 0 0 0 0 0 0 0 0 0 0 0 0 0 0 0 0 0 0 0 0 0 0 0 0 0 0 0 0 0 0]
[265700318789879868755294687690693730259994567053919283796628255402342922228018796015363260955094512549152545253836687910889182949715361238270113370850844392759035732960980060558862061245032656893410351344965690751950 0 0 0 0 0 0 0 0 0 0 0 0 0 0 0 0 0 0 0 0 0 0 0 0 0 0 0 0 0 0 0 1 0 0 0 0 0 0 0 0 0 0 0 0 0 0 0 0 0 0 0 0 0 0 0 0 0 0 0 0 0 0 0 0 0 0 0 0 0 0 0]
[205993401858276982730025910068172439167580555237341402103893460146950546560182639645860762681618655271260469835127707847527531444995452892863929606269314258088995118132308841069536069502586396146703880216436558335562 0 0 0 0 0 0 0 0 0 0 0 0 0 0 0 0 0 0 0 0 0 0 0 0 0 0 0 0 0 0 0 0 1 0 0 0 0 0 0 0 0 0 0 0 0 0 0 0 0 0 0 0 0 0 0 0 0 0 0 0 0 0 0 0 0 0 0 0 0 0 0]
[537489136214915718286171822664904170096280401337335024758659032629005247278978212293166930799182429557859105877834682885810225425706039937641223484566443290101637294584228860926687506134686926872799963993441931482320 0 0 0 0 0 0 0 0 0 0 0 0 0 0 0 0 0 0 0 0 0 0 0 0 0 0 0 0 0 0 0 0 0 1 0 0 0 0 0 0 0 0 0 0 0 0 0 0 0 0 0 0 0 0 0 0 0 0 0 0 0 0 0 0 0 0 0 0 0 0 0]
[230494072131962427659586565095031671323848917932262204394824686699312911156010678529244475627587163990995900778444657132109252599060434765906907199625986438714524463032377051466751456428067059259647798815034949764664 0 0 0 0 0 0 0 0 0 0 0 0 0 0 0 0 0 0 0 0 0 0 0 0 0 0 0 0 0 0 0 0 0 0 1 0 0 0 0 0 0 0 0 0 0 0 0 0 0 0 0 0 0 0 0 0 0 0 0 0 0 0 0 0 0 0 0 0 0 0 0]
[2379216700831402554890250882976680718022175556622008253503189931329598900176372049251059732494778945199708343317247199634123741616411473035136454116014076776006232625254324521255261289798926977871420425149845489429510 0 0 0 0 0 0 0 0 0 0 0 0 0 0 0 0 0 0 0 0 0 0 0 0 0 0 0 0 0 0 0 0 0 0 0 1 0 0 0 0 0 0 0 0 0 0 0 0 0 0 0 0 0 0 0 0 0 0 0 0 0 0 0 0 0 0 0 0 0 0 0]
[1695954106905939149211861705247211206758331835393082949066745753886294835736029865049462468683079315665646490167660558685766679549809450951782418427120964880180448457829395491504685215231625806452107859727360331825800 0 0 0 0 0 0 0 0 0 0 0 0 0 0 0 0 0 0 0 0 0 0 0 0 0 0 0 0 0 0 0 0 0 0 0 0 1 0 0 0 0 0 0 0 0 0 0 0 0 0 0 0 0 0 0 0 0 0 0 0 0 0 0 0 0 0 0 0 0 0 0]
[2342252666430992568927458812562916085579032618316495981146009493407132916572796701912694491565811333186032571492888811940715237076216386813569100634270149166367336833479973860453862481289297639449778097435012836651138 0 0 0 0 0 0 0 0 0 0 0 0 0 0 0 0 0 0 0 0 0 0 0 0 0 0 0 0 0 0 0 0 0 0 0 0 0 1 0 0 0 0 0 0 0 0 0 0 0 0 0 0 0 0 0 0 0 0 0 0 0 0 0 0 0 0 0 0 0 0 0]
[2734670496220043924465415168414768719088239709502710761013100332852762010674326932755906667960287911137135308800879778109961840496704917942171750669072243036187060055706805664666543800434531842805485288681851596622432 0 0 0 0 0 0 0 0 0 0 0 0 0 0 0 0 0 0 0 0 0 0 0 0 0 0 0 0 0 0 0 0 0 0 0 0 0 0 1 0 0 0 0 0 0 0 0 0 0 0 0 0 0 0 0 0 0 0 0 0 0 0 0 0 0 0 0 0 0 0 0]
[2748940931503102749448946772508148396060788497983792755651673693778241086260063317979138245777012098737583788269353631605591064744779287773009016674184253036504832368513684565843922681498630344117608006750728293537855 0 0 0 0 0 0 0 0 0 0 0 0 0 0 0 0 0 0 0 0 0 0 0 0 0 0 0 0 0 0 0 0 0 0 0 0 0 0 0 1 0 0 0 0 0 0 0 0 0 0 0 0 0 0 0 0 0 0 0 0 0 0 0 0 0 0 0 0 0 0 0]
[3381471597308421745823024151071813558802203048595091017459992293187754930794762160814225770966287759049633018588281492339593190124008023533955078351820029242905002855272831542437181771686213131522851511906414664693489 0 0 0 0 0 0 0 0 0 0 0 0 0 0 0 0 0 0 0 0 0 0 0 0 0 0 0 0 0 0 0 0 0 0 0 0 0 0 0 0 1 0 0 0 0 0 0 0 0 0 0 0 0 0 0 0 0 0 0 0 0 0 0 0 0 0 0 0 0 0 0]
[118206016754274803435486161779813420287251568635040812274010793334330055191516817842004478636509770970176912069819912516550225696248907204918027378193387600421559682771968128419716870247298650087747495528908812484204 0 0 0 0 0 0 0 0 0 0 0 0 0 0 0 0 0 0 0 0 0 0 0 0 0 0 0 0 0 0 0 0 0 0 0 0 0 0 0 0 0 1 0 0 0 0 0 0 0 0 0 0 0 0 0 0 0 0 0 0 0 0 0 0 0 0 0 0 0 0 0]
[3204859254282941953164151135487044806866586861022370118034359994448164915860288161389502297605608931364626459718791141095989040648877467962960288260914318485537617029503476785438456380910897621641405384646015414474895 0 0 0 0 0 0 0 0 0 0 0 0 0 0 0 0 0 0 0 0 0 0 0 0 0 0 0 0 0 0 0 0 0 0 0 0 0 0 0 0 0 0 1 0 0 0 0 0 0 0 0 0 0 0 0 0 0 0 0 0 0 0 0 0 0 0 0 0 0 0 0]
[1573233986703709149159957525602761970271877029293581391087825795431807799437808864022244281383616408208064909646298648658412050189106073320471396586978691344232105498372030996027890872638372713536213040828429466555652 0 0 0 0 0 0 0 0 0 0 0 0 0 0 0 0 0 0 0 0 0 0 0 0 0 0 0 0 0 0 0 0 0 0 0 0 0 0 0 0 0 0 0 1 0 0 0 0 0 0 0 0 0 0 0 0 0 0 0 0 0 0 0 0 0 0 0 0 0 0 0]
[647775692562234625492414898540079118116613081115967352332601797035156879232868007482542930186288003995931996391387359748231346940973675851071980917093508527606392188967734445811768057986909556371971300688027783486939 0 0 0 0 0 0 0 0 0 0 0 0 0 0 0 0 0 0 0 0 0 0 0 0 0 0 0 0 0 0 0 0 0 0 0 0 0 0 0 0 0 0 0 0 1 0 0 0 0 0 0 0 0 0 0 0 0 0 0 0 0 0 0 0 0 0 0 0 0 0 0]
[982480523516910229242792601853834347161470098895873987794161381729563880503211934194506880307695213920228503813865753395260194022515723666554046365994657806320120746798998923385462325058328968606465311687744107660382 0 0 0 0 0 0 0 0 0 0 0 0 0 0 0 0 0 0 0 0 0 0 0 0 0 0 0 0 0 0 0 0 0 0 0 0 0 0 0 0 0 0 0 0 0 1 0 0 0 0 0 0 0 0 0 0 0 0 0 0 0 0 0 0 0 0 0 0 0 0 0]
[2550289286536172984290452047841620039864093486906069427132646524333990749678091702605470261173597901694348394271740542031315769658161081689004355962685003435727770217189105834135138968409739671700264210499593285193647 0 0 0 0 0 0 0 0 0 0 0 0 0 0 0 0 0 0 0 0 0 0 0 0 0 0 0 0 0 0 0 0 0 0 0 0 0 0 0 0 0 0 0 0 0 0 1 0 0 0 0 0 0 0 0 0 0 0 0 0 0 0 0 0 0 0 0 0 0 0 0]
[2037725124537816687005597098603569525866258488979955742352159644596259992991435696807302996624144469804728159597001976240473453976173156904447346040616628585403304899391889718288761229266576347731808986050195396286 0 0 0 0 0 0 0 0 0 0 0 0 0 0 0 0 0 0 0 0 0 0 0 0 0 0 0 0 0 0 0 0 0 0 0 0 0 0 0 0 0 0 0 0 0 0 0 1 0 0 0 0 0 0 0 0 0 0 0 0 0 0 0 0 0 0 0 0 0 0 0]
[2318586565818789019140764079711388128299704739421332563061913185872629945691331918976079722725502640922890377476989686878244662335014780089706103897532161382774313973586447260416609678037196225626114237204124427659244 0 0 0 0 0 0 0 0 0 0 0 0 0 0 0 0 0 0 0 0 0 0 0 0 0 0 0 0 0 0 0 0 0 0 0 0 0 0 0 0 0 0 0 0 0 0 0 0 1 0 0 0 0 0 0 0 0 0 0 0 0 0 0 0 0 0 0 0 0 0 0]
[3034550952367609214435779443398546077184283943529580787386566310357920114018423974974342934549327640635757209039315327028027291506356023450197358768201924196350667736978919083737203838529211887798802966514435813149648 0 0 0 0 0 0 0 0 0 0 0 0 0 0 0 0 0 0 0 0 0 0 0 0 0 0 0 0 0 0 0 0 0 0 0 0 0 0 0 0 0 0 0 0 0 0 0 0 0 1 0 0 0 0 0 0 0 0 0 0 0 0 0 0 0 0 0 0 0 0 0]
[2182148558559358130669973549333164483609082245608334627583858435171650394510516749289108234060610536956878854518528214838910660660942340494261627709917340313397014322800852268467855047888107424717972599726330717727816 0 0 0 0 0 0 0 0 0 0 0 0 0 0 0 0 0 0 0 0 0 0 0 0 0 0 0 0 0 0 0 0 0 0 0 0 0 0 0 0 0 0 0 0 0 0 0 0 0 0 1 0 0 0 0 0 0 0 0 0 0 0 0 0 0 0 0 0 0 0 0]
[1997270009471894566741526488418727536769286062958045913632612505821651428830537419611853524671325099444411847027900841674427298713228538897965803465690005948508794693697198066221258327588404431288907793912736516546381 0 0 0 0 0 0 0 0 0 0 0 0 0 0 0 0 0 0 0 0 0 0 0 0 0 0 0 0 0 0 0 0 0 0 0 0 0 0 0 0 0 0 0 0 0 0 0 0 0 0 0 1 0 0 0 0 0 0 0 0 0 0 0 0 0 0 0 0 0 0 0]
[2840062905121797108282397431182988110721702674453951714836142219797384249706463795159999297957617659527413684003773567615133182754795591898096812863898064665432559775661688506109043065513595298285505810547264451576795 0 0 0 0 0 0 0 0 0 0 0 0 0 0 0 0 0 0 0 0 0 0 0 0 0 0 0 0 0 0 0 0 0 0 0 0 0 0 0 0 0 0 0 0 0 0 0 0 0 0 0 0 1 0 0 0 0 0 0 0 0 0 0 0 0 0 0 0 0 0 0]
[2245309067147607028613095933875346638226519859456460841338012254692979138291310051068353777463637490442359436114108729180990887580609716580568216570330218918185155493782829693591747350644605806263171250947651486125042 0 0 0 0 0 0 0 0 0 0 0 0 0 0 0 0 0 0 0 0 0 0 0 0 0 0 0 0 0 0 0 0 0 0 0 0 0 0 0 0 0 0 0 0 0 0 0 0 0 0 0 0 0 1 0 0 0 0 0 0 0 0 0 0 0 0 0 0 0 0 0]
[442522223471544806593760733412833343084079017532096237524812646273638724633726636326637351393726492544084904653822058292433728851804634110741733121884069806838048328629026257102989089792606985179083686361833549874415 0 0 0 0 0 0 0 0 0 0 0 0 0 0 0 0 0 0 0 0 0 0 0 0 0 0 0 0 0 0 0 0 0 0 0 0 0 0 0 0 0 0 0 0 0 0 0 0 0 0 0 0 0 0 1 0 0 0 0 0 0 0 0 0 0 0 0 0 0 0 0]
[3252572965021251818606648136980116994918800315904206011359555011418582352034742057410558021233556951386213864559631605521745868959625776423540550748525523641056717818727472989775987431695120824482987371663640003701388 0 0 0 0 0 0 0 0 0 0 0 0 0 0 0 0 0 0 0 0 0 0 0 0 0 0 0 0 0 0 0 0 0 0 0 0 0 0 0 0 0 0 0 0 0 0 0 0 0 0 0 0 0 0 0 1 0 0 0 0 0 0 0 0 0 0 0 0 0 0 0]
[2652659478737567683516174165058563874141954679900159173655540546660322696444327208325485113104373783951823629204337427964376308764876456903675823655066057706137535253261313260371603538269752223574260086668572874985742 0 0 0 0 0 0 0 0 0 0 0 0 0 0 0 0 0 0 0 0 0 0 0 0 0 0 0 0 0 0 0 0 0 0 0 0 0 0 0 0 0 0 0 0 0 0 0 0 0 0 0 0 0 0 0 0 1 0 0 0 0 0 0 0 0 0 0 0 0 0 0]
[298990633124104575712963742327166254335206942609614595172789463275813278760751319512462133449937748576046274048568983475909623964686030103716265334969135966581674602811813070258432801451498254953194379433238601805925 0 0 0 0 0 0 0 0 0 0 0 0 0 0 0 0 0 0 0 0 0 0 0 0 0 0 0 0 0 0 0 0 0 0 0 0 0 0 0 0 0 0 0 0 0 0 0 0 0 0 0 0 0 0 0 0 0 1 0 0 0 0 0 0 0 0 0 0 0 0 0]
[2699175264468403837997054252859768722892760620628039168528824191134109462634975514376333308059816077818482124918193367340208873447723360294362628526736746959211599240077278639563333705879842820128420272726220188536732 0 0 0 0 0 0 0 0 0 0 0 0 0 0 0 0 0 0 0 0 0 0 0 0 0 0 0 0 0 0 0 0 0 0 0 0 0 0 0 0 0 0 0 0 0 0 0 0 0 0 0 0 0 0 0 0 0 0 1 0 0 0 0 0 0 0 0 0 0 0 0]
[3161121143502069722822677030009974184588696805313220251438228979578742777866343901313532652414446534454450287744568336204335530245420151139576995976221534421305654876655329374362789672179594952250853229843303374235963 0 0 0 0 0 0 0 0 0 0 0 0 0 0 0 0 0 0 0 0 0 0 0 0 0 0 0 0 0 0 0 0 0 0 0 0 0 0 0 0 0 0 0 0 0 0 0 0 0 0 0 0 0 0 0 0 0 0 0 1 0 0 0 0 0 0 0 0 0 0 0]
[1385002391761379696646839766504301637931920447330154772814296229041750578492146968593421640475750589866998116602235647028646425854097996763844554163957741293232071170478342754972197048293986120634060003704396279642232 0 0 0 0 0 0 0 0 0 0 0 0 0 0 0 0 0 0 0 0 0 0 0 0 0 0 0 0 0 0 0 0 0 0 0 0 0 0 0 0 0 0 0 0 0 0 0 0 0 0 0 0 0 0 0 0 0 0 0 0 1 0 0 0 0 0 0 0 0 0 0]
[2922202340163494297813907384054144977315507675011782652814998802984686988739620669495430291617843798148923485654129266828036154853303080270693117126381273776589884883672774333112405440997535773709538626468143400519725 0 0 0 0 0 0 0 0 0 0 0 0 0 0 0 0 0 0 0 0 0 0 0 0 0 0 0 0 0 0 0 0 0 0 0 0 0 0 0 0 0 0 0 0 0 0 0 0 0 0 0 0 0 0 0 0 0 0 0 0 0 1 0 0 0 0 0 0 0 0 0]
[34821784477005526593805689793214016141804056883775438604103846855866196808134057571031309860758795033012746160471464923651030555549264440856163542887166056380280950243088544297956985488130221676182696759525001118192 0 0 0 0 0 0 0 0 0 0 0 0 0 0 0 0 0 0 0 0 0 0 0 0 0 0 0 0 0 0 0 0 0 0 0 0 0 0 0 0 0 0 0 0 0 0 0 0 0 0 0 0 0 0 0 0 0 0 0 0 0 0 1 0 0 0 0 0 0 0 0]
[234027757979388497118692569055835024352888600449098876750418275452858721295988135050194922178607789839279938796020854806917757073338478709015195871445758333507276784361889861703193835214537198625784274021610566666367 0 0 0 0 0 0 0 0 0 0 0 0 0 0 0 0 0 0 0 0 0 0 0 0 0 0 0 0 0 0 0 0 0 0 0 0 0 0 0 0 0 0 0 0 0 0 0 0 0 0 0 0 0 0 0 0 0 0 0 0 0 0 0 1 0 0 0 0 0 0 0]
[493475788932312992582790023664576714267706480663124763583259758249685071096468705213622867927964363054927366630959119864125676847078074812687133943868917316369795218679689066936724272972431127083517773877173038955033 0 0 0 0 0 0 0 0 0 0 0 0 0 0 0 0 0 0 0 0 0 0 0 0 0 0 0 0 0 0 0 0 0 0 0 0 0 0 0 0 0 0 0 0 0 0 0 0 0 0 0 0 0 0 0 0 0 0 0 0 0 0 0 0 1 0 0 0 0 0 0]
[2367915952196765811245443910950995269665856502900629348466823817883798505327415278454402085991699353563761463276476355087069811962099608266306837176551271315645330195933533777250114096915267966452082299565910141127232 0 0 0 0 0 0 0 0 0 0 0 0 0 0 0 0 0 0 0 0 0 0 0 0 0 0 0 0 0 0 0 0 0 0 0 0 0 0 0 0 0 0 0 0 0 0 0 0 0 0 0 0 0 0 0 0 0 0 0 0 0 0 0 0 0 1 0 0 0 0 0]
[3244215069274218702133232140403983262579714425151972715835745551702159830332329599988512050090234806421448658436811850938045464376222752099289169723026734971912967696881620642428727379608298293960325280809452989645035 0 0 0 0 0 0 0 0 0 0 0 0 0 0 0 0 0 0 0 0 0 0 0 0 0 0 0 0 0 0 0 0 0 0 0 0 0 0 0 0 0 0 0 0 0 0 0 0 0 0 0 0 0 0 0 0 0 0 0 0 0 0 0 0 0 0 1 0 0 0 0]
[1765899790225688497541755685611558116438613453991858472008562485070077569437897139735287350509264759532363107885397147713044693062104638293264333823332067371444988924045162478010847829714073138096027409005842322829942 0 0 0 0 0 0 0 0 0 0 0 0 0 0 0 0 0 0 0 0 0 0 0 0 0 0 0 0 0 0 0 0 0 0 0 0 0 0 0 0 0 0 0 0 0 0 0 0 0 0 0 0 0 0 0 0 0 0 0 0 0 0 0 0 0 0 0 1 0 0 0]
[2846122661564335394802197907009080368429234024996703559079389366566469505959360289357768508151607499222932140240175541180524189595256982175126781204750216853688989260760042945856019593958317618471072962866407032223823 0 0 0 0 0 0 0 0 0 0 0 0 0 0 0 0 0 0 0 0 0 0 0 0 0 0 0 0 0 0 0 0 0 0 0 0 0 0 0 0 0 0 0 0 0 0 0 0 0 0 0 0 0 0 0 0 0 0 0 0 0 0 0 0 0 0 0 0 1 0 0]
[1029248042816875680121651382780049499520437877304809307549577520545075416629146462700167363243026581220669913468625634022134268683143058293230917582519022231082212536418872193858247438664504777352134267833110067901633 0 0 0 0 0 0 0 0 0 0 0 0 0 0 0 0 0 0 0 0 0 0 0 0 0 0 0 0 0 0 0 0 0 0 0 0 0 0 0 0 0 0 0 0 0 0 0 0 0 0 0 0 0 0 0 0 0 0 0 0 0 0 0 0 0 0 0 0 0 1 0]
[132071653450770134229114275297635760140316527805741075292532358363944316805393007273471927620330425871451080948017228528142168044016013565765009693059113127412215262738164541864551592228398940892812629400060579271006 0 0 0 0 0 0 0 0 0 0 0 0 0 0 0 0 0 0 0 0 0 0 0 0 0 0 0 0 0 0 0 0 0 0 0 0 0 0 0 0 0 0 0 0 0 0 0 0 0 0 0 0 0 0 0 0 0 0 0 0 0 0 0 0 0 0 0 0 0 0 1]
]
72 73 2
[1 1 1 1 1 1 1 1 1 1 1 1 1 1 1 1 1 1 1 1 1 1 1 1 1 1 1 1 1 1 1 1 1 1 1 1 1 1 1 1 1 1 1 1 1 1 1 1 1 1 1 1 1 1 1 1 1 1 1 1 1 1 1 1 1 1 1 1 1 1 1 1 1]
