[[4832598040594585605536266029302123579983764146847068303839760446588814272267239576369143998288917446709485099446439212906277002809764545940212478089615746133840225463022420591888472383032168860251894410024455546449407 0 0 0 0 0 0 0 0 0 0 0 0 0 0 0 0 0 0 0 0 0 0 0 0 0 0 0 0 0 0 0 0 0 0 0 0 0 0 0 0 0 0 0 0 0 0 0 0 0 0 0 0 0 0 0 0 0 0 0 0 0 0 0 0 0 0 0 0 0 0 0]
[2915545061390539670578014756548858864688151319446562257761107863856382113741424798970823433969419318410136802043157230284712406574077423816401146644798430322542023740100432539421043665682851149705551672134061798863142 1 0 0 0 0 0 0 0 0 0 0 0 0 0 0 0 0 0 0 0 0 0 0 0 0 0 0 0 0 0 0 0 0 0 0 0 0 0 0 0 0 0 0 0 0 0 0 0 0 0 0 0 0 0 0 0 0 0 0 0 0 0 0 0 0 0 0 0 0 0 0]
[851823670073957948533808198131686899655908175776874994147194657063271594979878672248446509149006093439169703694427220876671979259132057034528501061877218664135291479871026061075513590797402535473486477300837781757140 0 1 0 0 0 0 0 0 0 0 0 0 0 0 0 0 0 0 0 0 0 0 0 0 0 0 0 0 0 0 0 0 0 0 0 0 0 0 0 0 0 0 0 0 0 0 0 0 0 0 0 0 0 0 0 0 0 0 0 0 0 0 0 0 0 0 0 0 0 0 0]
[1006634192516975273260977783477630295261782724426930015856200251797439934052478085032825093391393365923289880195894743069663938182236291848634978059803552880081122530570096981975463892581370478213903100419847532472297 0 0 1 0 0 0 0 0 0 0 0 0 0 0 0 0 0 0 0 0 0 0 0 0 0 0 0 0 0 0 0 0 0 0 0 0 0 0 0 0 0 0 0 0 0 0 0 0 0 0 0 0 0 0 0 0 0 0 0 0 0 0 0 0 0 0 0 0 0 0 0]
[858396698904611701715202223485397779462995432015874935264882707706036798757963964185868255553757475981697911986525562788760294237381526158378027011276318064182306184209606561484830745916065619899607973488441189804153 0 0 0 1 0 0 0 0 0 0 0 0 0 0 0 0 0 0 0 0 0 0 0 0 0 0 0 0 0 0 0 0 0 0 0 0 0 0 0 0 0 0 0 0 0 0 0 0 0 0 0 0 0 0 0 0 0 0 0 0 0 0 0 0 0 0 0 0 0 0 0]
[258438914425537105682811536971352405838786145716291522086279807630918897897346412098353667221699380016534688093978799475767858377928700042621251830936811386937843608585832416777244998597376841045348657770373137640004 0 0 0 0 1 0 0 0 0 0 0 0 0 0 0 0 0 0 0 0 0 0 0 0 0 0 0 0 0 0 0 0 0 0 0 0 0 0 0 0 0 0 0 0 0 0 0 0 0 0 0 0 0 0 0 0 0 0 0 0 0 0 0 0 0 0 0 0 0 0 0]
[595863284719987702178993772838307204580485125135949819694988006656608046154745076460956976363986057234427929650282945438436575436052836292309366322924470888173519274493872955916228674643225782635769573894368533503828 0 0 0 0 0 1 0 0 0 0 0 0 0 0 0 0 0 0 0 0 0 0 0 0 0 0 0 0 0 0 0 0 0 0 0 0 0 0 0 0 0 0 0 0 0 0 0 0 0 0 0 0 0 0 0 0 0 0 0 0 0 0 0 0 0 0 0 0 0 0 0]
[1790834235465809064645732071724898755348965996802985755624663747767558989147163527800325386786683381804217830983940187653892705410473100021315379895376579654211980860432289956937564771881922686317517473783599494046749 0 0 0 0 0 0 1 0 0 0 0 0 0 0 0 0 0 0 0 0 0 0 0 0 0 0 0 0 0 0 0 0 0 0 0 0 0 0 0 0 0 0 0 0 0 0 0 0 0 0 0 0 0 0 0 0 0 0 0 0 0 0 0 0 0 0 0 0 0 0 0]
[3082976746571135009168933507520203866880264920240345656212787165367693218489890158398542049941998934207986330140124743228920765765974012848517165102260935686108049156852977405427790800820511833506496447679741277966185 0 0 0 0 0 0 0 1 0 0 0 0 0 0 0 0 0 0 0 0 0 0 0 0 0 0 0 0 0 0 0 0 0 0 0 0 0 0 0 0 0 0 0 0 0 0 0 0 0 0 0 0 0 0 0 0 0 0 0 0 0 0 0 0 0 0 0 0 0 0 0]
[644598779029559285312492271400443561845392289553400239005324195668853480008318179198076744933844138868074564535172225694689728219170351373237406654486192695694440391927950985011248662406265706418923735748995848458313 0 0 0 0 0 0 0 0 1 0 0 0 0 0 0 0 0 0 0 0 0 0 0 0 0 0 0 0 0 0 0 0 0 0 0 0 0 0 0 0 0 0 0 0 0 0 0 0 0 0 0 0 0 0 0 0 0 0 0 0 0 0 0 0 0 0 0 0 0 0 0]
[4452975531489117846043379982289400075243359041998295217773396749511522244863994142356526432625570435967772210019096828027569024777735206844968485251584299847809231870685576555055189307058338492476117948076173151657482 0 0 0 0 0 0 0 0 0 1 0 0 0 0 0 0 0 0 0 0 0 0 0 0 0 0 0 0 0 0 0 0 0 0 0 0 0 0 0 0 0 0 0 0 0 0 0 0 0 0 0 0 0 0 0 0 0 0 0 0 0 0 0 0 0 0 0 0 0 0 0]
[3324558111895784624984278538264436771705213688206465744741096545306277952672309681525830247556720972686828910632931477634996368664149981398907817608994106474997028085675671653724090101473911764435671195127548998633498 0 0 0 0 0 0 0 0 0 0 1 0 0 0 0 0 0 0 0 0 0 0 0 0 0 0 0 0 0 0 0 0 0 0 0 0 0 0 0 0 0 0 0 0 0 0 0 0 0 0 0 0 0 0 0 0 0 0 0 0 0 0 0 0 0 0 0 0 0 0 0]
[2467666273136566332442127247261801015850893497758726170283928813659600414254963818149206189916809542991832050745769417736025846679475160512222271158322299293907400523157969127916505737339018655926289812127193439912729 0 0 0 0 0 0 0 0 0 0 0 1 0 0 0 0 0 0 0 0 0 0 0 0 0 0 0 0 0 0 0 0 0 0 0 0 0 0 0 0 0 0 0 0 0 0 0 0 0 0 0 0 0 0 0 0 0 0 0 0 0 0 0 0 0 0 0 0 0 0 0]
[3224671356068413386727794869410188578269715276399641268343378745711788887838195991437841514017301146322248046871803611906922259331853762403932875966605615607839459076545223741160158807249058674434035805180894258210092 0 0 0 0 0 0 0 0 0 0 0 0 1 0 0 0 0 0 0 0 0 0 0 0 0 0 0 0 0 0 0 0 0 0 0 0 0 0 0 0 0 0 0 0 0 0 0 0 0 0 0 0 0 0 0 0 0 0 0 0 0 0 0 0 0 0 0 0 0 0 0]
[212594638766935799943158657650730318027884693441735108394358737517319377325170446719481961145037458632070152915153254263299625570911252613676127741293021708421272561514571110305068434967194479199837541906742175664437 0 0 0 0 0 0 0 0 0 0 0 0 0 1 0 0 0 0 0 0 0 0 0 0 0 0 0 0 0 0 0 0 0 0 0 0 0 0 0 0 0 0 0 0 0 0 0 0 0 0 0 0 0 0 0 0 0 0 0 0 0 0 0 0 0 0 0 0 0 0 0]
[1518450962661677719633451825155678418811349324534890972115542116215483083419281475015500834742793038745310377629854597123682221054848278282998296817485329566800604579674006946084442211886733353919095124961483616664943 0 0 0 0 0 0 0 0 0 0 0 0 0 0 1 0 0 0 0 0 0 0 0 0 0 0 0 0 0 0 0 0 0 0 0 0 0 0 0 0 0 0 0 0 0 0 0 0 0 0 0 0 0 0 0 0 0 0 0 0 0 0 0 0 0 0 0 0 0 0 0]
[4453999190096761436381181425936707662149013813239430100554713498740186785940286876617399627198158519724128547291486283523844799419126022980679326986628508769703422699761657672867382553152878418038550521839853587085546 0 0 0 0 0 0 0 0 0 0 0 0 0 0 0 1 0 0 0 0 0 0 0 0 0 0 0 0 0 0 0 0 0 0 0 0 0 0 0 0 0 0 0 0 0 0 0 0 0 0 0 0 0 0 0 0 0 0 0 0 0 0 0 0 0 0 0 0 0 0 0]
[1715197182357439639909727463384322840607883728586440804026132097171779284271134392128156564836915306939770494236437799311748191744795931483418608156046284120282903998487926436940029892598891069081942545663428402442195 0 0 0 0 0 0 0 0 0 0 0 0 0 0 0 0 1 0 0 0 0 0 0 0 0 0 0 0 0 0 0 0 0 0 0 0 0 0 0 0 0 0 0 0 0 0 0 0 0 0 0 0 0 0 0 0 0 0 0 0 0 0 0 0 0 0 0 0 0 0 0]
[180912824452049515712643911715172370868370963086399584306677882597940370187755624398542981123780455538005128443335260026706977776008083355789638177275786532855727726496685879715485926966426327654732187018751286414898 0 0 0 0 0 0 0 0 0 0 0 0 0 0 0 0 0 1 0 0 0 0 0 0 0 0 0 0 0 0 0 0 0 0 0 0 0 0 0 0 0 0 0 0 0 0 0 0 0 0 0 0 0 0 0 0 0 0 0 0 0 0 0 0 0 0 0 0 0 0 0]
[2767044427573900491133086873961343399245653688862685754332164496793032790247083289695829463321393554827838589800364848187998387028318123534877685211710138966320148995871183117054896364521094712537978525249162429602364 0 0 0 0 0 0 0 0 0 0 0 0 0 0 0 0 0 0 1 0 0 0 0 0 0 0 0 0 0 0 0 0 0 0 0 0 0 0 0 0 0 0 0 0 0 0 0 0 0 0 0 0 0 0 0 0 0 0 0 0 0 0 0 0 0 0 0 0 0 0 0]
[1814000171897471452592179694486907020817487273893111657258386957837693691844727698888449014925162860088916626789913558268343530081413615232785257122547059439961468755450808348390201158572969646857075244754442968105421 0 0 0 0 0 0 0 0 0 0 0 0 0 0 0 0 0 0 0 1 0 0 0 0 0 0 0 0 0 0 0 0 0 0 0 0 0 0 0 0 0 0 0 0 0 0 0 0 0 0 0 0 0 0 0 0 0 0 0 0 0 0 0 0 0 0 0 0 0 0 0]
[3635643221683227092349496317416097513705682260356082071336450427670916326952677598444170805774138773695641378311775118722956859811596759811332674384606913421325466607638340321635779843986700167935346428344873180038968 0 0 0 0 0 0 0 0 0 0 0 0 0 0 0 0 0 0 0 0 1 0 0 0 0 0 0 0 0 0 0 0 0 0 0 0 0 0 0 0 0 0 0 0 0 0 0 0 0 0 0 0 0 0 0 0 0 0 0 0 0 0 0 0 0 0 0 0 0 0 0]
[1722193133104944509001396495589740371035909393414897895877871820278508283452375370563787492957439786501372642117754482205979959426377646448317540142388274323891250225960585701765168522810343614600816015794203827643171 0 0 0 0 0 0 0 0 0 0 0 0 0 0 0 0 0 0 0 0 0 1 0 0 0 0 0 0 0 0 0 0 0 0 0 0 0 0 0 0 0 0 0 0 0 0 0 0 0 0 0 0 0 0 0 0 0 0 0 0 0 0 0 0 0 0 0 0 0 0 0]
[159481347335410292380298293382350050925305317423785391596304419931928034213960233958648998073348585246571092533312979777825791300568510905058431236963231248252750509780194727535156938834101013973883518549464913613555 0 0 0 0 0 0 0 0 0 0 0 0 0 0 0 0 0 0 0 0 0 0 1 0 0 0 0 0 0 0 0 0 0 0 0 0 0 0 0 0 0 0 0 0 0 0 0 0 0 0 0 0 0 0 0 0 0 0 0 0 0 0 0 0 0 0 0 0 0 0 0]
[2641544902182760564878708262268595191113463462411184475805028403092146065438214615638373605592891266447036760244757115607355938498608211023611352714431904078473652069249373315964130378744048943629556849268824912077043 0 0 0 0 0 0 0 0 0 0 0 0 0 0 0 0 0 0 0 0 0 0 0 1 0 0 0 0 0 0 0 0 0 0 0 0 0 0 0 0 0 0 0 0 0 0 0 0 0 0 0 0 0 0 0 0 0 0 0 0 0 0 0 0 0 0 0 0 0 0 0]
[2983193965554497645134468808948549993913888019059458226272670631743480582121477593742856391757337067843508763939553970041795560441212757555159958977981794219592006929560791520392891159035563231068530942374515268044051 0 0 0 0 0 0 0 0 0 0 0 0 0 0 0 0 0 0 0 0 0 0 0 0 1 0 0 0 0 0 0 0 0 0 0 0 0 0 0 0 0 0 0 0 0 0 0 0 0 0 0 0 0 0 0 0 0 0 0 0 0 0 0 0 0 0 0 0 0 0 0]
[1073533227196602849601535532877064581093796787886163656428560367434676513355143258055808637130686652051403921591725991406146203887009633017062138276385665107211243088219356664363224992702110843139044851844169288989732 0 0 0 0 0 0 0 0 0 0 0 0 0 0 0 0 0 0 0 0 0 0 0 0 0 1 0 0 0 0 0 0 0 0 0 0 0 0 0 0 0 0 0 0 0 0 0 0 0 0 0 0 0 0 0 0 0 0 0 0 0 0 0 0 0 0 0 0 0 0 0]
[311877180225347355102214563766504313887786457642057610790438299189569268611491781509881979667833590067961848312836543326597806144132714161752065664018422293209413373167696796038817092967487661931439733027909783643278 0 0 0 0 0 0 0 0 0 0 0 0 0 0 0 0 0 0 0 0 0 0 0 0 0 0 1 0 0 0 0 0 0 0 0 0 0 0 0 0 0 0 0 0 0 0 0 0 0 0 0 0 0 0 0 0 0 0 0 0 0 0 0 0 0 0 0 0 0 0 0]
[2900665124006719189489361570839787282312150905107012871792123778842959896775017411211389485746644271604927503519498600514576702323338398838035966015291984020132783140423371949364370562689264085462136028835945564913670 0 0 0 0 0 0 0 0 0 0 0 0 0 0 0 0 0 0 0 0 0 0 0 0 0 0 0 1 0 0 0 0 0 0 0 0 0 0 0 0 0 0 0 0 0 0 0 0 0 0 0 0 0 0 0 0 0 0 0 0 0 0 0 0 0 0 0 0 0 0 0]
[2997097836764429359492226732227939817396063013861717405105827213526457315216415505917036856087039390394092377759210169126506665252756229178406216933550954156676247555749483368074905572491973026834496626770930880006171 0 0 0 0 0 0 0 0 0 0 0 0 0 0 0 0 0 0 0 0 0 0 0 0 0 0 0 0 1 0 0 0 0 0 0 0 0 0 0 0 0 0 0 0 0 0 0 0 0 0 0 0 0 0 0 0 0 0 0 0 0 0 0 0 0 0 0 0 0 0 0]
[3090548167404000935769662822545433669763706331742348668614257117697197965567682713549404432341815657209725277328222391490427242879138468910630003714024972839228487651084671237473970445490728784619258000297293300030360 0 0 0 0 0 0 0 0 0 0 0 0 0 0 0 0 0 0 0 0 0 0 0 0 0 0 0 0 0 1 0 0 0 0 0 0 0 0 0 0 0 0 0 0 0 0 0 0 0 0 0 0 0 0 0 0 0 0 0 0 0 0 0 0 0 0 0 0 0 0 0]
[347407320010725282872399157025762013353443695215100409739212936966868129894374625204308943057141621680382576039819636924172435591864853911050445972482391889799579386701809061432391831289949409524729855271499002526918 0 0 0 0 0 0 0 0 0 0 0 0 0 0 0 0 0 0 0 0 0 0 0 0 0 0 0 0 0 0 1 0 0 0 0 0 0 0 0 0 0 0 0 0 0 0 0 0 0 0 0 0 0 0 0 0 0 0 0 0 0 0 0 0 0 0 0 0 0 0 0]
[1711278442811007410059008608711257389705367562211838979338686293229807715292154785820103593765033485056043614811418070509918969998776787585727014811696139850552312660830411424227011362360581028428908729972752998446627 0 0 0 0 0 0 0 0 0 0 0 0 0 0 0 0 0 0 0 0 0 0 0 0 0 0 0 0 0 0 0 1 0 0 0 0 0 0 0 0 0 0 0 0 0 0 0 0 0 0 0 0 0 0 0 0 0 0 0 0 0 0 0 0 0 0 0 0 0 0 0]
[599617356412088648264137289201431924289848389401619549695355358858687656134118042792638318049182956582451435090033380612973035678815490987666637609518368208856213266969282663097124349913994813217615816037437288423038 0 0 0 0 0 0 0 0 0 0 0 0 0 0 0 0 0 0 0 0 0 0 0 0 0 0 0 0 0 0 0 0 1 0 0 0 0 0 0 0 0 0 0 0 0 0 0 0 0 0 0 0 0 0 0 0 0 0 0 0 0 0 0 0 0 0 0 0 0 0 0]
[4127487702016046791693881380919036871028870472253160209621233730534339075919983952042743299417376030353385497330063791310714040787959902688901349322785248526263504405626925387759819203707173453516200892455824540068704 0 0 0 0 0 0 0 0 0 0 0 0 0 0 0 0 0 0 0 0 0 0 0 0 0 0 0 0 0 0 0 0 0 1 0 0 0 0 0 0 0 0 0 0 0 0 0 0 0 0 0 0 0 0 0 0 0 0 0 0 0 0 0 0 0 0 0 0 0 0 0]
[537159815546329471659133396569775992404903658716356499513721885017449147993529980170773046361955023819214865149012004037191927491122727410757033162112711433600329363826219182512103967167488826790769029263728646418601 0 0 0 0 0 0 0 0 0 0 0 0 0 0 0 0 0 0 0 0 0 0 0 0 0 0 0 0 0 0 0 0 0 0 1 0 0 0 0 0 0 0 0 0 0 0 0 0 0 0 0 0 0 0 0 0 0 0 0 0 0 0 0 0 0 0 0 0 0 0 0]
[2247813846781466917332228753711497655231053294121451239597344031697001108158844658403655760081975160204379575934405302170064009109769597326359333512865175878655731323568251293968990653252714126794371094967317916480316 0 0 0 0 0 0 0 0 0 0 0 0 0 0 0 0 0 0 0 0 0 0 0 0 0 0 0 0 0 0 0 0 0 0 0 1 0 0 0 0 0 0 0 0 0 0 0 0 0 0 0 0 0 0 0 0 0 0 0 0 0 0 0 0 0 0 0 0 0 0 0]
[4224048127354656519649831800877044237879635358018541074148887763123819777335414381679208728135844068544268481995610889453485298470541253794797865617364017279027410021785586447184229738600223390084443205089605916921695 0 0 0 0 0 0 0 0 0 0 0 0 0 0 0 0 0 0 0 0 0 0 0 0 0 0 0 0 0 0 0 0 0 0 0 0 1 0 0 0 0 0 0 0 0 0 0 0 0 0 0 0 0 0 0 0 0 0 0 0 0 0 0 0 0 0 0 0 0 0 0]
[1083307523739024670782081049771765614636707242562946627522910767168395146296118313275376656705645664086934596795797247396258375750161989269510947521964352962459648845804923828516455107012261184402358018733417076408184 0 0 0 0 0 0 0 0 0 0 0 0 0 0 0 0 0 0 0 0 0 0 0 0 0 0 0 0 0 0 0 0 0 0 0 0 0 1 0 0 0 0 0 0 0 0 0 0 0 0 0 0 0 0 0 0 0 0 0 0 0 0 0 0 0 0 0 0 0 0 0]
[2814201557165834184721216220677796319507357950462024287098727928669319972859435316036138503419456848920864083328328551862978294480475243242217948534600141951966694779545482901042097303546224434617003714189483373859947 0 0 0 0 0 0 0 0 0 0 0 0 0 0 0 0 0 0 0 0 0 0 0 0 0 0 0 0 0 0 0 0 0 0 0 0 0 0 1 0 0 0 0 0 0 0 0 0 0 0 0 0 0 0 0 0 0 0 0 0 0 0 0 0 0 0 0 0 0 0 0]
[162122046682910147955192520336641403995940932688467295728312898613734354699509029757582997883671706142620403615619746055036673195249577626097616866808082991891298741284945692160500727213906484537845425803331307619565 0 0 0 0 0 0 0 0 0 0 0 0 0 0 0 0 0 0 0 0 0 0 0 0 0 0 0 0 0 0 0 0 0 0 0 0 0 0 0 1 0 0 0 0 0 0 0 0 0 0 0 0 0 0 0 0 0 0 0 0 0 0 0 0 0 0 0 0 0 0 0]
[4268356864863343657724695949995084190313989765638841865123971398545377505884685722240154393251480114838327207852183246121870496712106526041155624763824486536291416252217771832077447437967947788712584318200896961684863 0 0 0 0 0 0 0 0 0 0 0 0 0 0 0 0 0 0 0 0 0 0 0 0 0 0 0 0 0 0 0 0 0 0 0 0 0 0 0 0 1 0 0 0 0 0 0 0 0 0 0 0 0 0 0 0 0 0 0 0 0 0 0 0 0 0 0 0 0 0 0]
[4379564770767613895677500050386525027202584470404994208333464518618007781448799688545558329129417987008640878021434998758106764973961312845613751242659735424964923398427208150924218935368547221284058463012935523563183 0 0 0 0 0 0 0 0 0 0 0 0 0 0 0 0 0 0 0 0 0 0 0 0 0 0 0 0 0 0 0 0 0 0 0 0 0 0 0 0 0 1 0 0 0 0 0 0 0 0 0 0 0 0 0 0 0 0 0 0 0 0 0 0 0 0 0 0 0 0 0]
[2790107728283214839670939635218869657340153990815869965126220583780630158084172613380009943887169972187713358088486281386733858873623608984197205707005347423860833162944587608405054951749464779345771006028535568116551 0 0 0 0 0 0 0 0 0 0 0 0 0 0 0 0 0 0 0 0 0 0 0 0 0 0 0 0 0 0 0 0 0 0 0 0 0 0 0 0 0 0 1 0 0 0 0 0 0 0 0 0 0 0 0 0 0 0 0 0 0 0 0 0 0 0 0 0 0 0 0]
[4215516465192387190472216710295887651967943732201711124043663078289007631702352273326025645366519777170762602060287231416220417266251642479899312158439025667405498559814060587258837874296933532037177718245798877119760 0 0 0 0 0 0 0 0 0 0 0 0 0 0 0 0 0 0 0 0 0 0 0 0 0 0 0 0 0 0 0 0 0 0 0 0 0 0 0 0 0 0 0 1 0 0 0 0 0 0 0 0 0 0 0 0 0 0 0 0 0 0 0 0 0 0 0 0 0 0 0]
[767285707357325937424403218070423405153173379702698449792705838654682348555774312037105301210511836543982326896979230437918827176010524577528219844863426772966594777320727674073462145909707432315222255991458399929463 0 0 0 0 0 0 0 0 0 0 0 0 0 0 0 0 0 0 0 0 0 0 0 0 0 0 0 0 0 0 0 0 0 0 0 0 0 0 0 0 0 0 0 0 1 0 0 0 0 0 0 0 0 0 0 0 0 0 0 0 0 0 0 0 0 0 0 0 0 0 0]
[4470762207528366342862398083981552120517861818652858220714767168594511038701612427214991431362754971512802221215122541975655970754799874609591195390160420921561906317659061698376051333683177304634604789841906802268689 0 0 0 0 0 0 0 0 0 0 0 0 0 0 0 0 0 0 0 0 0 0 0 0 0 0 0 0 0 0 0 0 0 0 0 0 0 0 0 0 0 0 0 0 0 1 0 0 0 0 0 0 0 0 0 0 0 0 0 0 0 0 0 0 0 0 0 0 0 0 0]
[4500328289357092379110288784055882434020532898797135222810768928742515928709033824111792539038440845560932909519091609120929123971858341439146629709180264089756998437925155736037109494769211385834498087125784675114087 0 0 0 0 0 0 0 0 0 0 0 0 0 0 0 0 0 0 0 0 0 0 0 0 0 0 0 0 0 0 0 0 0 0 0 0 0 0 0 0 0 0 0 0 0 0 1 0 0 0 0 0 0 0 0 0 0 0 0 0 0 0 0 0 0 0 0 0 0 0 0]
[395986932958241707567035289599590269783057324550792679497847132789519652437568035470536812034218131437904468572085072077595500104082875209952657294143234361619909354718459580849758752519847044077431590337043016529116 0 0 0 0 0 0 0 0 0 0 0 0 0 0 0 0 0 0 0 0 0 0 0 0 0 0 0 0 0 0 0 0 0 0 0 0 0 0 0 0 0 0 0 0 0 0 0 1 0 0 0 0 0 0 0 0 0 0 0 0 0 0 0 0 0 0 0 0 0 0 0]
[2135058818588455623826257510082481051558758926168000685548754444383985981646982744326786868931325353237435121578374250754982929188655345093170448835394253731063503652096348620880499935560026243453188301763514884271540 0 0 0 0 0 0 0 0 0 0 0 0 0 0 0 0 0 0 0 0 0 0 0 0 0 0 0 0 0 0 0 0 0 0 0 0 0 0 0 0 0 0 0 0 0 0 0 0 1 0 0 0 0 0 0 0 0 0 0 0 0 0 0 0 0 0 0 0 0 0 0]
[1884976387731543632820064701412918836764889764478563028382233254243083723220454169430140337140164508725130235941926628121272051121490365091595887489882176800949172423521199958027584654740939999336334345810455647369911 0 0 0 0 0 0 0 0 0 0 0 0 0 0 0 0 0 0 0 0 0 0 0 0 0 0 0 0 0 0 0 0 0 0 0 0 0 0 0 0 0 0 0 0 0 0 0 0 0 1 0 0 0 0 0 0 0 0 0 0 0 0 0 0 0 0 0 0 0 0 0]
[3198740306896640184129904631235760749717352533755342892187667150688039155123300845122289884734025470302693190392735325583951074213592144427191081158687275916272339522579497389362006375608453591579547044003340261539555 0 0 0 0 0 0 0 0 0 0 0 0 0 0 0 0 0 0 0 0 0 0 0 0 0 0 0 0 0 0 0 0 0 0 0 0 0 0 0 0 0 0 0 0 0 0 0 0 0 0 1 0 0 0 0 0 0 0 0 0 0 0 0 0 0 0 0 0 0 0 0]
[2292760617084881427856752797796222550315648477482402122568452224436827582531923568097131573580511585397431830610089172366454446355050652599242702590694347580024686170925216297019556912450727770478200436881290545369015 0 0 0 0 0 0 0 0 0 0 0 0 0 0 0 0 0 0 0 0 0 0 0 0 0 0 0 0 0 0 0 0 0 0 0 0 0 0 0 0 0 0 0 0 0 0 0 0 0 0 0 1 0 0 0 0 0 0 0 0 0 0 0 0 0 0 0 0 0 0 0]
[4372015365395752560455301420528256942571973933040269986252032399038971175119338233501172453415781558229986541683519310758416183773580380265281604165963898912604484695317498811813596949460967310936323792003784495794942 0 0 0 0 0 0 0 0 0 0 0 0 0 0 0 0 0 0 0 0 0 0 0 0 0 0 0 0 0 0 0 0 0 0 0 0 0 0 0 0 0 0 0 0 0 0 0 0 0 0 0 0 1 0 0 0 0 0 0 0 0 0 0 0 0 0 0 0 0 0 0]
[973672807422702823555493617674348902169413415321784679833915286283078874816187161880672048651650827315647936651092532912832450235072402850623402687757750311923341124656491459982003837333826124329084365010686626132886 0 0 0 0 0 0 0 0 0 0 0 0 0 0 0 0 0 0 0 0 0 0 0 0 0 0 0 0 0 0 0 0 0 0 0 0 0 0 0 0 0 0 0 0 0 0 0 0 0 0 0 0 0 1 0 0 0 0 0 0 0 0 0 0 0 0 0 0 0 0 0]
[2240757667642443985757148442290697186563444930906122871120408863281404965631047715653548127828056605895920912405901134475186089225589070775615336149625773053458467946484180085183401763207401304029712102001454890454461 0 0 0 0 0 0 0 0 0 0 0 0 0 0 0 0 0 0 0 0 0 0 0 0 0 0 0 0 0 0 0 0 0 0 0 0 0 0 0 0 0 0 0 0 0 0 0 0 0 0 0 0 0 0 1 0 0 0 0 0 0 0 0 0 0 0 0 0 0 0 0]
[2300111717293854873971848305484599035956900509731121155352440284396027387867261987887901542767131559432010600501723014711024821662038996016721658814319316540155014566698325326010908948658787047432144054326550169814532 0 0 0 0 0 0 0 0 0 0 0 0 0 0 0 0 0 0 0 0 0 0 0 0 0 0 0 0 0 0 0 0 0 0 0 0 0 0 0 0 0 0 0 0 0 0 0 0 0 0 0 0 0 0 0 1 0 0 0 0 0 0 0 0 0 0 0 0 0 0 0]
[1437950189081262359756631829172237541660408970060768975933666478950421157589727666660313896200848653567664513296663706330970557481548715969407680916481806036048896825791514693812616631007552410822129019353722560491713 0 0 0 0 0 0 0 0 0 0 0 0 0 0 0 0 0 0 0 0 0 0 0 0 0 0 0 0 0 0 0 0 0 0 0 0 0 0 0 0 0 0 0 0 0 0 0 0 0 0 0 0 0 0 0 0 1 0 0 0 0 0 0 0 0 0 0 0 0 0 0]
[3877061797576933231883306235205435993536859995549896684233467526749025199899379982295752000131547056990177259151139297851870989624719166257214408989790630477800329128878218827607009262925395528829835598407784188936367 0 0 0 0 0 0 0 0 0 0 0 0 0 0 0 0 0 0 0 0 0 0 0 0 0 0 0 0 0 0 0 0 0 0 0 0 0 0 0 0 0 0 0 0 0 0 0 0 0 0 0 0 0 0 0 0 0 1 0 0 0 0 0 0 0 0 0 0 0 0 0]
[4327117174693690542186113672939455577312946231033000454443633638632690874077477070782521687830544532004316301972964380466993377237657395502492048597264191091728157253900117525660911222950124676630035057686409101701886 0 0 0 0 0 0 0 0 0 0 0 0 0 0 0 0 0 0 0 0 0 0 0 0 0 0 0 0 0 0 0 0 0 0 0 0 0 0 0 0 0 0 0 0 0 0 0 0 0 0 0 0 0 0 0 0 0 0 1 0 0 0 0 0 0 0 0 0 0 0 0]
[1223231276621488603125599821555364801881179739860582284513129103339014833845401248287135340789162079091422119967184294938881856578811554617100931996140027415792509880949217411926358902720814913369576339802908417138241 0 0 0 0 0 0 0 0 0 0 0 0 0 0 0 0 0 0 0 0 0 0 0 0 0 0 0 0 0 0 0 0 0 0 0 0 0 0 0 0 0 0 0 0 0 0 0 0 0 0 0 0 0 0 0 0 0 0 0 1 0 0 0 0 0 0 0 0 0 0 0]
[3875469896349198188666069269818077762105916062965833389603595765820837991746880386013415302050234828855064634918839485564503699853918869162162920307605747627929620564467211213231094242408278957250225140089983054427342 0 0 0 0 0 0 0 0 0 0 0 0 0 0 0 0 0 0 0 0 0 0 0 0 0 0 0 0 0 0 0 0 0 0 0 0 0 0 0 0 0 0 0 0 0 0 0 0 0 0 0 0 0 0 0 0 0 0 0 0 1 0 0 0 0 0 0 0 0 0 0]
[45407591646817236506398365484870795788452760359091448371345345456519248699734280374479050564677893350276801070991398293669751542582403855664097572023594683277333977392397869481687772885066141497126502722885833591156 0 0 0 0 0 0 0 0 0 0 0 0 0 0 0 0 0 0 0 0 0 0 0 0 0 0 0 0 0 0 0 0 0 0 0 0 0 0 0 0 0 0 0 0 0 0 0 0 0 0 0 0 0 0 0 0 0 0 0 0 0 1 0 0 0 0 0 0 0 0 0]
[2264011776419158055277742148038977217100888508233903097282409303138196937339807117240744693020602231486156890624875455984455727975110986994248144129830055074320322347194165544188675309483781162988826265199642482822216 0 0 0 0 0 0 0 0 0 0 0 0 0 0 0 0 0 0 0 0 0 0 0 0 0 0 0 0 0 0 0 0 0 0 0 0 0 0 0 0 0 0 0 0 0 0 0 0 0 0 0 0 0 0 0 0 0 0 0 0 0 0 1 0 0 0 0 0 0 0 0]
[3098478019953610604750041329829702842902640534528532055346249876992857946478310597045066854259796244948495576264163874012649510725382719984692658546372277990488206812227662363685591661674521449050208297749644285788212 0 0 0 0 0 0 0 0 0 0 0 0 0 0 0 0 0 0 0 0 0 0 0 0 0 0 0 0 0 0 0 0 0 0 0 0 0 0 0 0 0 0 0 0 0 0 0 0 0 0 0 0 0 0 0 0 0 0 0 0 0 0 0 1 0 0 0 0 0 0 0]
[756477176823921775742901772892012077377283279445240427693666810192635077696183548705574509974751788848464531414900922040850537727754488756320190318653661333153882846645374030697884847837123253425232307304229758273829 0 0 0 0 0 0 0 0 0 0 0 0 0 0 0 0 0 0 0 0 0 0 0 0 0 0 0 0 0 0 0 0 0 0 0 0 0 0 0 0 0 0 0 0 0 0 0 0 0 0 0 0 0 0 0 0 0 0 0 0 0 0 0 0 1 0 0 0 0 0 0]
[3913421846838145581822655145072524754752810998995688082405633378105357942444957211349971846932280431634448191396531497153559587982060046560575079071547192230337449721802882774435627713831881164511180661873969755317832 0 0 0 0 0 0 0 0 0 0 0 0 0 0 0 0 0 0 0 0 0 0 0 0 0 0 0 0 0 0 0 0 0 0 0 0 0 0 0 0 0 0 0 0 0 0 0 0 0 0 0 0 0 0 0 0 0 0 0 0 0 0 0 0 0 1 0 0 0 0 0]
[596082441844482894875079378525387227178237560178788971104070855827844872908878302665652451325811147751197527635778165964199283387917555788278008915195493823070101759993529801095140039456973604463168462220340294289062 0 0 0 0 0 0 0 0 0 0 0 0 0 0 0 0 0 0 0 0 0 0 0 0 0 0 0 0 0 0 0 0 0 0 0 0 0 0 0 0 0 0 0 0 0 0 0 0 0 0 0 0 0 0 0 0 0 0 0 0 0 0 0 0 0 0 1 0 0 0 0]
[1204407227112222303608606458550264582125046636389563059354359999837233720807401463333684115503210726243266990694957605150720120221507224459952288150529674395251316040116301203299078473472687274012450196492226498362458 0 0 0 0 0 0 0 0 0 0 0 0 0 0 0 0 0 0 0 0 0 0 0 0 0 0 0 0 0 0 0 0 0 0 0 0 0 0 0 0 0 0 0 0 0 0 0 0 0 0 0 0 0 0 0 0 0 0 0 0 0 0 0 0 0 0 0 1 0 0 0]
[4014729351759559651195389744377612605302232223615008635407793251588273668098535189074630245275978211573081255394607254883267379989334888417035391325829180839069513372000728474312334188840739362345078027810125163590881 0 0 0 0 0 0 0 0 0 0 0 0 0 0 0 0 0 0 0 0 0 0 0 0 0 0 0 0 0 0 0 0 0 0 0 0 0 0 0 0 0 0 0 0 0 0 0 0 0 0 0 0 0 0 0 0 0 0 0 0 0 0 0 0 0 0 0 0 1 0 0]
[4328679956248068946225126857817063348853604714293928347453585198115373978578900133938672836468893190380320404093831282501247594118056589378852058315223300683850778258192401079063555827439816845333680984412193355368241 0 0 0 0 0 0 0 0 0 0 0 0 0 0 0 0 0 0 0 0 0 0 0 0 0 0 0 0 0 0 0 0 0 0 0 0 0 0 0 0 0 0 0 0 0 0 0 0 0 0 0 0 0 0 0 0 0 0 0 0 0 0 0 0 0 0 0 0 0 1 0]
[3593791987443494805497927983184851221738206205635544139585974514030915529737800396411421897174588492405990999280282102828091582446213034640198701842028051880146060611206762707761715919710510147679558347425311960765565 0 0 0 0 0 0 0 0 0 0 0 0 0 0 0 0 0 0 0 0 0 0 0 0 0 0 0 0 0 0 0 0 0 0 0 0 0 0 0 0 0 0 0 0 0 0 0 0 0 0 0 0 0 0 0 0 0 0 0 0 0 0 0 0 0 0 0 0 0 0 1]
]
72 73 0
[1 1 1 1 1 1 1 1 1 1 1 1 1 1 1 1 1 1 1 1 1 1 1 1 1 1 1 1 1 1 1 1 1 1 1 1 1 1 1 1 1 1 1 1 1 1 1 1 1 1 1 1 1 1 1 1 1 1 1 1 1 1 1 1 1 1 1 1 1 1 1 1 1]
